12 4 1
12 8 2
12 4 3
12 8 4
12 4 5
12 8 6
12 4 7
12 8 8
12 4 9
12 8 10
12 4 11
12 8 12
12 4 13
12 8 14
12 4 15
12 8 16
12 4 17
12 8 18
12 4 19
12 8 20
12 4 21
12 8 22
12 4 23
12 8 24
12 4 25
12 8 26
12 4 27
12 8 28
12 4 29
12 8 30
12 4 31
12 8 32
12 4 33
12 8 34
12 4 35
12 8 36
12 4 37
12 8 38
12 4 39
12 8 40
12 4 41
12 8 42
12 4 43
12 8 44
12 4 45
12 8 46
12 4 47
12 8 48
12 4 49
12 8 50
12 4 51
12 8 52
12 4 53
12 8 54
12 4 55
12 8 56
12 4 57
12 8 58
12 4 59
12 8 60
12 4 61
12 8 62
12 4 63
12 8 64
12 4 65
12 8 66
12 4 67
12 8 68
12 4 69
12 8 70
12 4 71
12 8 72
12 4 73
12 8 74
12 4 75
12 8 76
12 4 77
12 8 78
12 4 79
12 8 80
12 4 81
12 8 82
12 4 83
12 8 84
12 4 85
12 8 86
12 4 87
12 8 88
12 4 89
12 8 90
12 4 91
12 8 92
12 4 93
12 8 94
12 4 95
12 8 96
12 4 97
12 8 98
12 4 99
12 8 100
12 4 101
12 8 102
12 4 103
12 8 104
12 4 105
12 8 106
12 4 107
12 8 108
12 4 109
12 8 110
12 4 111
12 8 112
12 4 113
12 8 114
12 4 115
12 8 116
12 4 117
12 8 118
12 4 119
12 8 120
12 4 121
12 8 122
12 4 123
12 8 124
12 4 125
12 8 126
12 4 127
12 8 128
12 4 129
12 8 130
12 4 131
12 8 132
12 4 133
12 8 134
12 4 135
12 8 136
12 4 137
12 8 138
12 4 139
12 8 140
12 4 141
12 8 142
12 4 143
12 8 144
12 4 145
12 8 146
12 4 147
12 8 148
12 4 149
12 8 150
12 4 151
12 8 152
12 4 153
12 8 154
12 4 155
12 8 156
12 4 157
12 8 158
12 4 159
12 8 160
12 4 161
12 8 162
12 4 163
12 8 164
12 4 165
12 8 166
12 4 167
12 8 168
12 4 169
12 8 170
12 4 171
12 8 172
12 4 173
12 8 174
12 4 175
12 8 176
12 4 177
12 8 178
12 4 179
12 8 180
12 4 181
12 8 182
12 4 183
12 8 184
12 4 185
12 8 186
12 4 187
12 8 188
12 4 189
12 8 190
12 4 191
12 8 192
12 4 193
12 8 194
12 4 195
12 8 196
12 4 197
12 8 198
12 4 199
12 8 200
12 4 201
12 8 202
12 4 203
12 8 204
12 4 205
12 8 206
12 4 207
12 8 208
12 4 209
12 8 210
12 4 211
12 8 212
12 4 213
12 8 214
12 4 215
12 8 216
12 4 217
12 8 218
12 4 219
12 8 220
12 4 221
12 8 222
12 4 223
12 8 224
12 4 225
12 8 226
12 4 227
12 8 228
12 4 229
12 8 230
12 4 231
12 8 232
12 4 233
12 8 234
12 4 235
12 8 236
12 4 237
12 8 238
12 4 239
12 8 240
12 4 241
12 8 242
12 4 243
12 8 244
12 4 245
12 8 246
12 4 247
12 8 248
12 4 249
12 8 250
12 4 251
12 8 252
12 4 253
12 8 254
12 4 255
12 8 256
12 4 257
12 8 258
12 4 259
12 8 260
12 4 261
12 8 262
12 4 263
12 8 264
12 4 265
12 8 266
12 4 267
12 8 268
12 4 269
12 8 270
12 4 271
12 8 272
12 4 273
12 8 274
12 4 275
12 8 276
12 4 277
12 8 278
12 4 279
12 8 280
12 4 281
12 8 282
12 4 283
12 8 284
12 4 285
12 8 286
12 4 287
12 8 288
12 4 289
12 8 290
12 4 291
12 8 292
12 4 293
12 8 294
12 4 295
12 8 296
12 4 297
12 8 298
12 4 299
12 8 300
12 4 301
12 8 302
12 4 303
12 8 304
12 4 305
12 8 306
12 4 307
12 8 308
12 4 309
12 8 310
12 4 311
12 8 312
12 4 313
12 8 314
12 4 315
12 8 316
12 4 317
12 8 318
12 4 319
12 8 320
12 4 321
12 8 322
12 4 323
12 8 324
12 4 325
12 8 326
12 4 327
12 8 328
12 4 329
12 8 330
12 4 331
12 8 332
12 4 333
12 8 334
12 4 335
12 8 336
12 4 337
12 8 338
12 4 339
12 8 340
12 4 341
12 8 342
12 4 343
12 8 344
12 4 345
12 8 346
12 4 347
12 8 348
12 4 349
12 8 350
12 4 351
12 8 352
12 4 353
12 8 354
12 4 355
12 8 356
12 4 357
12 8 358
12 4 359
12 8 360
12 4 361
12 8 362
12 4 363
12 8 364
12 4 365
12 8 366
12 4 367
12 8 368
12 4 369
12 8 370
12 4 371
12 8 372
12 4 373
12 8 374
12 4 375
12 8 376
12 4 377
12 8 378
12 4 379
12 8 380
12 4 381
12 8 382
12 4 383
12 8 384
12 4 385
12 8 386
12 4 387
12 8 388
12 4 389
12 8 390
12 4 391
12 8 392
12 4 393
12 8 394
12 4 395
12 8 396
12 4 397
12 8 398
12 4 399
12 8 400
12 4 401
12 8 402
12 4 403
12 8 404
12 4 405
12 8 406
12 4 407
12 8 408
12 4 409
12 8 410
12 4 411
12 8 412
12 4 413
12 8 414
12 4 415
12 8 416
12 4 417
12 8 418
12 4 419
12 8 420
12 4 421
12 8 422
12 4 423
12 8 424
12 4 425
12 8 426
12 4 427
12 8 428
12 4 429
12 8 430
12 4 431
12 8 432
12 4 433
12 8 434
12 4 435
12 8 436
12 4 437
12 8 438
12 4 439
12 8 440
12 4 441
12 8 442
12 4 443
12 8 444
12 4 445
12 8 446
12 4 447
12 8 448
12 4 449
12 8 450
12 4 451
12 8 452
12 4 453
12 8 454
12 4 455
12 8 456
12 4 457
12 8 458
12 4 459
12 8 460
12 4 461
12 8 462
12 4 463
12 8 464
12 4 465
12 8 466
12 4 467
12 8 468
12 4 469
12 8 470
12 4 471
12 8 472
12 4 473
12 8 474
12 4 475
12 8 476
12 4 477
12 8 478
12 4 479
12 8 480
12 4 481
12 8 482
12 4 483
12 8 484
12 4 485
12 8 486
12 4 487
12 8 488
12 4 489
12 8 490
12 4 491
12 8 492
12 4 493
12 8 494
12 4 495
12 8 496
12 4 497
12 8 498
12 4 499
12 8 500
12 4 501
12 8 502
12 4 503
12 8 504
12 4 505
12 8 506
12 4 507
12 8 508
12 4 509
12 8 510
12 4 511
12 8 512
12 4 513
12 8 514
12 4 515
12 8 516
12 4 517
12 8 518
12 4 519
12 8 520
12 4 521
12 8 522
12 4 523
12 8 524
12 4 525
12 8 526
12 4 527
12 8 528
12 4 529
12 8 530
12 4 531
12 8 532
12 4 533
12 8 534
12 4 535
12 8 536
12 4 537
12 8 538
12 4 539
12 8 540
12 4 541
12 8 542
12 4 543
12 8 544
12 4 545
12 8 546
12 4 547
12 8 548
12 4 549
12 8 550
12 4 551
12 8 552
12 4 553
12 8 554
12 4 555
12 8 556
12 4 557
12 8 558
12 4 559
12 8 560
12 4 561
12 8 562
12 4 563
12 8 564
12 4 565
12 8 566
12 4 567
12 8 568
12 4 569
12 8 570
12 4 571
12 8 572
12 4 573
12 8 574
12 4 575
12 8 576
12 4 577
12 8 578
12 4 579
12 8 580
12 4 581
12 8 582
12 4 583
12 8 584
12 4 585
12 8 586
12 4 587
12 8 588
12 4 589
12 8 590
12 4 591
12 8 592
12 4 593
12 8 594
12 4 595
12 8 596
12 4 597
12 8 598
12 4 599
12 8 600
12 4 601
12 8 602
12 4 603
12 8 604
12 4 605
12 8 606
12 4 607
12 8 608
12 4 609
12 8 610
12 4 611
12 8 612
12 4 613
12 8 614
12 4 615
12 8 616
12 4 617
12 8 618
12 4 619
12 8 620
12 4 621
12 8 622
12 4 623
12 8 624
12 4 625
12 8 626
12 4 627
12 8 628
12 4 629
12 8 630
12 4 631
12 8 632
12 4 633
12 8 634
12 4 635
12 8 636
12 4 637
12 8 638
12 4 639
12 8 640
12 4 641
12 8 642
12 4 643
12 8 644
12 4 645
12 8 646
12 4 647
12 8 648
12 4 649
12 8 650
12 4 651
12 8 652
12 4 653
12 8 654
12 4 655
12 8 656
12 4 657
12 8 658
12 4 659
12 8 660
12 4 661
12 8 662
12 4 663
12 8 664
12 4 665
12 8 666
12 4 667
12 8 668
12 4 669
12 8 670
12 4 671
12 8 672
12 4 673
12 8 674
12 4 675
12 8 676
12 4 677
12 8 678
12 4 679
12 8 680
12 4 681
12 8 682
12 4 683
12 8 684
12 4 685
12 8 686
12 4 687
12 8 688
12 4 689
12 8 690
12 4 691
12 8 692
12 4 693
12 8 694
12 4 695
12 8 696
12 4 697
12 8 698
12 4 699
12 8 700
12 4 701
12 8 702
12 4 703
12 8 704
12 4 705
12 8 706
12 4 707
12 8 708
12 4 709
12 8 710
12 4 711
12 8 712
12 4 713
12 8 714
12 4 715
12 8 716
12 4 717
12 8 718
12 4 719
12 8 720
12 4 721
12 8 722
12 4 723
12 8 724
12 4 725
12 8 726
12 4 727
12 8 728
12 4 729
12 8 730
12 4 731
12 8 732
12 4 733
12 8 734
12 4 735
12 8 736
12 4 737
12 8 738
12 4 739
12 8 740
12 4 741
12 8 742
12 4 743
12 8 744
12 4 745
12 8 746
12 4 747
12 8 748
12 4 749
12 8 750
12 4 751
12 8 752
12 4 753
12 8 754
12 4 755
12 8 756
12 4 757
12 8 758
12 4 759
12 8 760
12 4 761
12 8 762
12 4 763
12 8 764
12 4 765
12 8 766
12 4 767
12 8 768
12 4 769
12 8 770
12 4 771
12 8 772
12 4 773
12 8 774
12 4 775
12 8 776
12 4 777
12 8 778
12 4 779
12 8 780
12 4 781
12 8 782
12 4 783
12 8 784
12 4 785
12 8 786
12 4 787
12 8 788
12 4 789
12 8 790
12 4 791
12 8 792
12 4 793
12 8 794
12 4 795
12 8 796
12 4 797
12 8 798
12 4 799
12 8 800
12 4 801
12 8 802
12 4 803
12 8 804
12 4 805
12 8 806
12 4 807
12 8 808
12 4 809
12 8 810
12 4 811
12 8 812
12 4 813
12 8 814
12 4 815
12 8 816
12 4 817
12 8 818
12 4 819
12 8 820
12 4 821
12 8 822
12 4 823
12 8 824
12 4 825
12 8 826
12 4 827
12 8 828
12 4 829
12 8 830
12 4 831
12 8 832
12 4 833
12 8 834
12 4 835
12 8 836
12 4 837
12 8 838
12 4 839
12 8 840
12 4 841
12 8 842
12 4 843
12 8 844
12 4 845
12 8 846
12 4 847
12 8 848
12 4 849
12 8 850
12 4 851
12 8 852
12 4 853
12 8 854
12 4 855
12 8 856
12 4 857
12 8 858
12 4 859
12 8 860
12 4 861
12 8 862
12 4 863
12 8 864
12 4 865
12 8 866
12 4 867
12 8 868
12 4 869
12 8 870
12 4 871
12 8 872
12 4 873
12 8 874
12 4 875
12 8 876
12 4 877
12 8 878
12 4 879
12 8 880
12 4 881
12 8 882
12 4 883
12 8 884
12 4 885
12 8 886
12 4 887
12 8 888
12 4 889
12 8 890
12 4 891
12 8 892
12 4 893
12 8 894
12 4 895
12 8 896
12 4 897
12 8 898
12 4 899
12 8 900
12 4 901
12 8 902
12 4 903
12 8 904
12 4 905
12 8 906
12 4 907
12 8 908
12 4 909
12 8 910
12 4 911
12 8 912
12 4 913
12 8 914
12 4 915
12 8 916
12 4 917
12 8 918
12 4 919
12 8 920
12 4 921
12 8 922
12 4 923
12 8 924
12 4 925
12 8 926
12 4 927
12 8 928
12 4 929
12 8 930
12 4 931
12 8 932
12 4 933
12 8 934
12 4 935
12 8 936
12 4 937
12 8 938
12 4 939
12 8 940
12 4 941
12 8 942
12 4 943
12 8 944
12 4 945
12 8 946
12 4 947
12 8 948
12 4 949
12 8 950
12 4 951
12 8 952
12 4 953
12 8 954
12 4 955
12 8 956
12 4 957
12 8 958
12 4 959
12 8 960
12 4 961
12 8 962
12 4 963
12 8 964
12 4 965
12 8 966
12 4 967
12 8 968
12 4 969
12 8 970
12 4 971
12 8 972
12 4 973
12 8 974
12 4 975
12 8 976
12 4 977
12 8 978
12 4 979
12 8 980
12 4 981
12 8 982
12 4 983
12 8 984
12 4 985
12 8 986
12 4 987
12 8 988
12 4 989
12 8 990
12 4 991
12 8 992
12 4 993
12 8 994
12 4 995
12 8 996
12 4 997
12 8 998
12 4 999
12 8 1000
12 4 1001
12 8 1002
12 4 1003
12 8 1004
12 4 1005
12 8 1006
12 4 1007
12 8 1008
12 4 1009
12 8 1010
12 4 1011
12 8 1012
12 4 1013
12 8 1014
12 4 1015
12 8 1016
12 4 1017
12 8 1018
12 4 1019
12 8 1020
12 4 1021
12 8 1022
12 4 1023
12 8 1024
12 4 1025
12 8 1026
12 4 1027
12 8 1028
12 4 1029
12 8 1030
12 4 1031
12 8 1032
12 4 1033
12 8 1034
12 4 1035
12 8 1036
12 4 1037
12 8 1038
12 4 1039
12 8 1040
12 4 1041
12 8 1042
12 4 1043
12 8 1044
12 4 1045
12 8 1046
12 4 1047
12 8 1048
12 4 1049
12 8 1050
12 4 1051
12 8 1052
12 4 1053
12 8 1054
12 4 1055
12 8 1056
12 4 1057
12 8 1058
12 4 1059
12 8 1060
12 4 1061
12 8 1062
12 4 1063
12 8 1064
12 4 1065
12 8 1066
12 4 1067
12 8 1068
12 4 1069
12 8 1070
12 4 1071
12 8 1072
12 4 1073
12 8 1074
12 4 1075
12 8 1076
12 4 1077
12 8 1078
12 4 1079
12 8 1080
12 4 1081
12 8 1082
12 4 1083
12 8 1084
12 4 1085
12 8 1086
12 4 1087
12 8 1088
12 4 1089
12 8 1090
12 4 1091
12 8 1092
12 4 1093
12 8 1094
12 4 1095
12 8 1096
12 4 1097
12 8 1098
12 4 1099
12 8 1100
12 4 1101
12 8 1102
12 4 1103
12 8 1104
12 4 1105
12 8 1106
12 4 1107
12 8 1108
12 4 1109
12 8 1110
12 4 1111
12 8 1112
12 4 1113
12 8 1114
12 4 1115
12 8 1116
12 4 1117
12 8 1118
12 4 1119
12 8 1120
12 4 1121
12 8 1122
12 4 1123
12 8 1124
12 4 1125
12 8 1126
12 4 1127
12 8 1128
12 4 1129
12 8 1130
12 4 1131
12 8 1132
12 4 1133
12 8 1134
12 4 1135
12 8 1136
12 4 1137
12 8 1138
12 4 1139
12 8 1140
12 4 1141
12 8 1142
12 4 1143
12 8 1144
12 4 1145
12 8 1146
12 4 1147
12 8 1148
12 4 1149
12 8 1150
12 4 1151
12 8 1152
12 4 1153
12 8 1154
12 4 1155
12 8 1156
12 4 1157
12 8 1158
12 4 1159
12 8 1160
12 4 1161
12 8 1162
12 4 1163
12 8 1164
12 4 1165
12 8 1166
12 4 1167
12 8 1168
12 4 1169
12 8 1170
12 4 1171
12 8 1172
12 4 1173
12 8 1174
12 4 1175
12 8 1176
12 4 1177
12 8 1178
12 4 1179
12 8 1180
12 4 1181
12 8 1182
12 4 1183
12 8 1184
12 4 1185
12 8 1186
12 4 1187
12 8 1188
12 4 1189
12 8 1190
12 4 1191
12 8 1192
12 4 1193
12 8 1194
12 4 1195
12 8 1196
12 4 1197
12 8 1198
12 4 1199
12 8 1200
12 4 1201
12 8 1202
12 4 1203
12 8 1204
12 4 1205
12 8 1206
12 4 1207
12 8 1208
12 4 1209
12 8 1210
12 4 1211
12 8 1212
12 4 1213
12 8 1214
12 4 1215
12 8 1216
12 4 1217
12 8 1218
12 4 1219
12 8 1220
12 4 1221
12 8 1222
12 4 1223
12 8 1224
12 4 1225
12 8 1226
12 4 1227
12 8 1228
12 4 1229
12 8 1230
12 4 1231
12 8 1232
12 4 1233
12 8 1234
12 4 1235
12 8 1236
12 4 1237
12 8 1238
12 4 1239
12 8 1240
12 4 1241
12 8 1242
12 4 1243
12 8 1244
12 4 1245
12 8 1246
12 4 1247
12 8 1248
12 4 1249
12 8 1250
12 4 1251
12 8 1252
12 4 1253
12 8 1254
12 4 1255
12 8 1256
12 4 1257
12 8 1258
12 4 1259
12 8 1260
12 4 1261
12 8 1262
12 4 1263
12 8 1264
12 4 1265
12 8 1266
12 4 1267
12 8 1268
12 4 1269
12 8 1270
12 4 1271
12 8 1272
12 4 1273
12 8 1274
12 4 1275
12 8 1276
12 4 1277
12 8 1278
12 4 1279
12 8 1280
12 4 1281
12 8 1282
12 4 1283
12 8 1284
12 4 1285
12 8 1286
12 4 1287
12 8 1288
12 4 1289
12 8 1290
12 4 1291
12 8 1292
12 4 1293
12 8 1294
12 4 1295
12 8 1296
12 4 1297
12 8 1298
12 4 1299
12 8 1300
12 4 1301
12 8 1302
12 4 1303
12 8 1304
12 4 1305
12 8 1306
12 4 1307
12 8 1308
12 4 1309
12 8 1310
12 4 1311
12 8 1312
12 4 1313
12 8 1314
12 4 1315
12 8 1316
12 4 1317
12 8 1318
12 4 1319
12 8 1320
12 4 1321
12 8 1322
12 4 1323
12 8 1324
12 4 1325
12 8 1326
12 4 1327
12 8 1328
12 4 1329
12 8 1330
12 4 1331
12 8 1332
12 4 1333
12 8 1334
12 4 1335
12 8 1336
12 4 1337
12 8 1338
12 4 1339
12 8 1340
12 4 1341
12 8 1342
12 4 1343
12 8 1344
12 4 1345
12 8 1346
12 4 1347
12 8 1348
12 4 1349
12 8 1350
12 4 1351
12 8 1352
12 4 1353
12 8 1354
12 4 1355
12 8 1356
12 4 1357
12 8 1358
12 4 1359
12 8 1360
12 4 1361
12 8 1362
12 4 1363
12 8 1364
12 4 1365
12 8 1366
12 4 1367
12 8 1368
12 4 1369
12 8 1370
12 4 1371
12 8 1372
12 4 1373
12 8 1374
12 4 1375
12 8 1376
12 4 1377
12 8 1378
12 4 1379
12 8 1380
12 4 1381
12 8 1382
12 4 1383
12 8 1384
12 4 1385
12 8 1386
12 4 1387
12 8 1388
12 4 1389
12 8 1390
12 4 1391
12 8 1392
12 4 1393
12 8 1394
12 4 1395
12 8 1396
12 4 1397
12 8 1398
12 4 1399
12 8 1400
12 4 1401
12 8 1402
12 4 1403
12 8 1404
12 4 1405
12 8 1406
12 4 1407
12 8 1408
12 4 1409
12 8 1410
12 4 1411
12 8 1412
12 4 1413
12 8 1414
12 4 1415
12 8 1416
12 4 1417
12 8 1418
12 4 1419
12 8 1420
12 4 1421
12 8 1422
12 4 1423
12 8 1424
12 4 1425
12 8 1426
12 4 1427
12 8 1428
12 4 1429
12 8 1430
12 4 1431
12 8 1432
12 4 1433
12 8 1434
12 4 1435
12 8 1436
12 4 1437
12 8 1438
12 4 1439
12 8 1440
12 4 1441
12 8 1442
12 4 1443
12 8 1444
12 4 1445
12 8 1446
12 4 1447
12 8 1448
12 4 1449
12 8 1450
12 4 1451
12 8 1452
12 4 1453
12 8 1454
12 4 1455
12 8 1456
12 4 1457
12 8 1458
12 4 1459
12 8 1460
12 4 1461
12 8 1462
12 4 1463
12 8 1464
12 4 1465
12 8 1466
12 4 1467
12 8 1468
12 4 1469
12 8 1470
12 4 1471
12 8 1472
12 4 1473
12 8 1474
12 4 1475
12 8 1476
12 4 1477
12 8 1478
12 4 1479
12 8 1480
12 4 1481
12 8 1482
12 4 1483
12 8 1484
12 4 1485
12 8 1486
12 4 1487
12 8 1488
12 4 1489
12 8 1490
12 4 1491
12 8 1492
12 4 1493
12 8 1494
12 4 1495
12 8 1496
12 4 1497
12 8 1498
12 4 1499
12 8 1500
12 4 1501
12 8 1502
12 4 1503
12 8 1504
12 4 1505
12 8 1506
12 4 1507
12 8 1508
12 4 1509
12 8 1510
12 4 1511
12 8 1512
12 4 1513
12 8 1514
12 4 1515
12 8 1516
12 4 1517
12 8 1518
12 4 1519
12 8 1520
12 4 1521
12 8 1522
12 4 1523
12 8 1524
12 4 1525
12 8 1526
12 4 1527
12 8 1528
12 4 1529
12 8 1530
12 4 1531
12 8 1532
12 4 1533
12 8 1534
12 4 1535
12 8 1536
12 4 1537
12 8 1538
12 4 1539
12 8 1540
12 4 1541
12 8 1542
12 4 1543
12 8 1544
12 4 1545
12 8 1546
12 4 1547
12 8 1548
12 4 1549
12 8 1550
12 4 1551
12 8 1552
12 4 1553
12 8 1554
12 4 1555
12 8 1556
12 4 1557
12 8 1558
12 4 1559
12 8 1560
12 4 1561
12 8 1562
12 4 1563
12 8 1564
12 4 1565
12 8 1566
12 4 1567
12 8 1568
12 4 1569
12 8 1570
12 4 1571
12 8 1572
12 4 1573
12 8 1574
12 4 1575
12 8 1576
12 4 1577
12 8 1578
12 4 1579
12 8 1580
12 4 1581
12 8 1582
12 4 1583
12 8 1584
12 4 1585
12 8 1586
12 4 1587
12 8 1588
12 4 1589
12 8 1590
12 4 1591
12 8 1592
12 4 1593
12 8 1594
12 4 1595
12 8 1596
12 4 1597
12 8 1598
12 4 1599
12 8 1600
12 4 1601
12 8 1602
12 4 1603
12 8 1604
12 4 1605
12 8 1606
12 4 1607
12 8 1608
12 4 1609
12 8 1610
12 4 1611
12 8 1612
12 4 1613
12 8 1614
12 4 1615
12 8 1616
12 4 1617
12 8 1618
12 4 1619
12 8 1620
12 4 1621
12 8 1622
12 4 1623
12 8 1624
12 4 1625
12 8 1626
12 4 1627
12 8 1628
12 4 1629
12 8 1630
12 4 1631
12 8 1632
12 4 1633
12 8 1634
12 4 1635
12 8 1636
12 4 1637
12 8 1638
12 4 1639
12 8 1640
12 4 1641
12 8 1642
12 4 1643
12 8 1644
12 4 1645
12 8 1646
12 4 1647
12 8 1648
12 4 1649
12 8 1650
12 4 1651
12 8 1652
12 4 1653
12 8 1654
12 4 1655
12 8 1656
12 4 1657
12 8 1658
12 4 1659
12 8 1660
12 4 1661
12 8 1662
12 4 1663
12 8 1664
12 4 1665
12 8 1666
12 4 1667
12 8 1668
12 4 1669
12 8 1670
12 4 1671
12 8 1672
12 4 1673
12 8 1674
12 4 1675
12 8 1676
12 4 1677
12 8 1678
12 4 1679
12 8 1680
12 4 1681
12 8 1682
12 4 1683
12 8 1684
12 4 1685
12 8 1686
12 4 1687
12 8 1688
12 4 1689
12 8 1690
12 4 1691
12 8 1692
12 4 1693
12 8 1694
12 4 1695
12 8 1696
12 4 1697
12 8 1698
12 4 1699
12 8 1700
12 4 1701
12 8 1702
12 4 1703
12 8 1704
12 4 1705
12 8 1706
12 4 1707
12 8 1708
12 4 1709
12 8 1710
12 4 1711
12 8 1712
12 4 1713
12 8 1714
12 4 1715
12 8 1716
12 4 1717
12 8 1718
12 4 1719
12 8 1720
12 4 1721
12 8 1722
12 4 1723
12 8 1724
12 4 1725
12 8 1726
12 4 1727
12 8 1728
12 4 1729
12 8 1730
12 4 1731
12 8 1732
12 4 1733
12 8 1734
12 4 1735
12 8 1736
12 4 1737
12 8 1738
12 4 1739
12 8 1740
12 4 1741
12 8 1742
12 4 1743
12 8 1744
12 4 1745
12 8 1746
12 4 1747
12 8 1748
12 4 1749
12 8 1750
12 4 1751
12 8 1752
12 4 1753
12 8 1754
12 4 1755
12 8 1756
12 4 1757
12 8 1758
12 4 1759
12 8 1760
12 4 1761
12 8 1762
12 4 1763
12 8 1764
12 4 1765
12 8 1766
12 4 1767
12 8 1768
12 4 1769
12 8 1770
12 4 1771
12 8 1772
12 4 1773
12 8 1774
12 4 1775
12 8 1776
12 4 1777
12 8 1778
12 4 1779
12 8 1780
12 4 1781
12 8 1782
12 4 1783
12 8 1784
12 4 1785
12 8 1786
12 4 1787
12 8 1788
12 4 1789
12 8 1790
12 4 1791
12 8 1792
12 4 1793
12 8 1794
12 4 1795
12 8 1796
12 4 1797
12 8 1798
12 4 1799
12 8 1800
12 4 1801
12 8 1802
12 4 1803
12 8 1804
12 4 1805
12 8 1806
12 4 1807
12 8 1808
12 4 1809
12 8 1810
12 4 1811
12 8 1812
12 4 1813
12 8 1814
12 4 1815
12 8 1816
12 4 1817
12 8 1818
12 4 1819
12 8 1820
12 4 1821
12 8 1822
12 4 1823
12 8 1824
12 4 1825
12 8 1826
12 4 1827
12 8 1828
12 4 1829
12 8 1830
12 4 1831
12 8 1832
12 4 1833
12 8 1834
12 4 1835
12 8 1836
12 4 1837
12 8 1838
12 4 1839
12 8 1840
12 4 1841
12 8 1842
12 4 1843
12 8 1844
12 4 1845
12 8 1846
12 4 1847
12 8 1848
12 4 1849
12 8 1850
12 4 1851
12 8 1852
12 4 1853
12 8 1854
12 4 1855
12 8 1856
12 4 1857
12 8 1858
12 4 1859
12 8 1860
12 4 1861
12 8 1862
12 4 1863
12 8 1864
12 4 1865
12 8 1866
12 4 1867
12 8 1868
12 4 1869
12 8 1870
12 4 1871
12 8 1872
12 4 1873
12 8 1874
12 4 1875
12 8 1876
12 4 1877
12 8 1878
12 4 1879
12 8 1880
12 4 1881
12 8 1882
12 4 1883
12 8 1884
12 4 1885
12 8 1886
12 4 1887
12 8 1888
12 4 1889
12 8 1890
12 4 1891
12 8 1892
12 4 1893
12 8 1894
12 4 1895
12 8 1896
12 4 1897
12 8 1898
12 4 1899
12 8 1900
12 4 1901
12 8 1902
12 4 1903
12 8 1904
12 4 1905
12 8 1906
12 4 1907
12 8 1908
12 4 1909
12 8 1910
12 4 1911
12 8 1912
12 4 1913
12 8 1914
12 4 1915
12 8 1916
12 4 1917
12 8 1918
12 4 1919
12 8 1920
12 4 1921
12 8 1922
12 4 1923
12 8 1924
12 4 1925
12 8 1926
12 4 1927
12 8 1928
12 4 1929
12 8 1930
12 4 1931
12 8 1932
12 4 1933
12 8 1934
12 4 1935
12 8 1936
12 4 1937
12 8 1938
12 4 1939
12 8 1940
12 4 1941
12 8 1942
12 4 1943
12 8 1944
12 4 1945
12 8 1946
12 4 1947
12 8 1948
12 4 1949
12 8 1950
12 4 1951
12 8 1952
12 4 1953
12 8 1954
12 4 1955
12 8 1956
12 4 1957
12 8 1958
12 4 1959
12 8 1960
12 4 1961
12 8 1962
12 4 1963
12 8 1964
12 4 1965
12 8 1966
12 4 1967
12 8 1968
12 4 1969
12 8 1970
12 4 1971
12 8 1972
12 4 1973
12 8 1974
12 4 1975
12 8 1976
12 4 1977
12 8 1978
12 4 1979
12 8 1980
12 4 1981
12 8 1982
12 4 1983
12 8 1984
12 4 1985
12 8 1986
12 4 1987
12 8 1988
12 4 1989
12 8 1990
12 4 1991
12 8 1992
12 4 1993
12 8 1994
12 4 1995
12 8 1996
12 4 1997
12 8 1998
12 4 1999
12 8 2000
12 4 2001
12 8 2002
12 4 2003
12 8 2004
12 4 2005
12 8 2006
12 4 2007
12 8 2008
12 4 2009
12 8 2010
12 4 2011
12 8 2012
12 4 2013
12 8 2014
12 4 2015
12 8 2016
12 4 2017
12 8 2018
12 4 2019
12 8 2020
12 4 2021
12 8 2022
12 4 2023
12 8 2024
12 4 2025
12 8 2026
12 4 2027
12 8 2028
12 4 2029
12 8 2030
12 4 2031
12 8 2032
12 4 2033
12 8 2034
12 4 2035
12 8 2036
12 4 2037
12 8 2038
12 4 2039
12 8 2040
12 4 2041
12 8 2042
12 4 2043
12 8 2044
12 4 2045
12 8 2046
12 4 2047
12 8 2048
12 4 2049
12 8 2050
12 4 2051
12 8 2052
12 4 2053
12 8 2054
12 4 2055
12 8 2056
12 4 2057
12 8 2058
12 4 2059
12 8 2060
12 4 2061
12 8 2062
12 4 2063
12 8 2064
12 4 2065
12 8 2066
12 4 2067
12 8 2068
12 4 2069
12 8 2070
12 4 2071
12 8 2072
12 4 2073
12 8 2074
12 4 2075
12 8 2076
12 4 2077
12 8 2078
12 4 2079
12 8 2080
12 4 2081
12 8 2082
12 4 2083
12 8 2084
12 4 2085
12 8 2086
12 4 2087
12 8 2088
12 4 2089
12 8 2090
12 4 2091
12 8 2092
12 4 2093
12 8 2094
12 4 2095
12 8 2096
12 4 2097
12 8 2098
12 4 2099
12 8 2100
12 4 2101
12 8 2102
12 4 2103
12 8 2104
12 4 2105
12 8 2106
12 4 2107
12 8 2108
12 4 2109
12 8 2110
12 4 2111
12 8 2112
12 4 2113
12 8 2114
12 4 2115
12 8 2116
12 4 2117
12 8 2118
12 4 2119
12 8 2120
12 4 2121
12 8 2122
12 4 2123
12 8 2124
12 4 2125
12 8 2126
12 4 2127
12 8 2128
12 4 2129
12 8 2130
12 4 2131
12 8 2132
12 4 2133
12 8 2134
12 4 2135
12 8 2136
12 4 2137
12 8 2138
12 4 2139
12 8 2140
12 4 2141
12 8 2142
12 4 2143
12 8 2144
12 4 2145
12 8 2146
12 4 2147
12 8 2148
12 4 2149
12 8 2150
12 4 2151
12 8 2152
12 4 2153
12 8 2154
12 4 2155
12 8 2156
12 4 2157
12 8 2158
12 4 2159
12 8 2160
12 4 2161
12 8 2162
12 4 2163
12 8 2164
12 4 2165
12 8 2166
12 4 2167
12 8 2168
12 4 2169
12 8 2170
12 4 2171
12 8 2172
12 4 2173
12 8 2174
12 4 2175
12 8 2176
12 4 2177
12 8 2178
12 4 2179
12 8 2180
12 4 2181
12 8 2182
12 4 2183
12 8 2184
12 4 2185
12 8 2186
12 4 2187
12 8 2188
12 4 2189
12 8 2190
12 4 2191
12 8 2192
12 4 2193
12 8 2194
12 4 2195
12 8 2196
12 4 2197
12 8 2198
12 4 2199
12 8 2200
12 4 2201
12 8 2202
12 4 2203
12 8 2204
12 4 2205
12 8 2206
12 4 2207
12 8 2208
12 4 2209
12 8 2210
12 4 2211
12 8 2212
12 4 2213
12 8 2214
12 4 2215
12 8 2216
12 4 2217
12 8 2218
12 4 2219
12 8 2220
12 4 2221
12 8 2222
12 4 2223
12 8 2224
12 4 2225
12 8 2226
12 4 2227
12 8 2228
12 4 2229
12 8 2230
12 4 2231
12 8 2232
12 4 2233
12 8 2234
12 4 2235
12 8 2236
12 4 2237
12 8 2238
12 4 2239
12 8 2240
12 4 2241
12 8 2242
12 4 2243
12 8 2244
12 4 2245
12 8 2246
12 4 2247
12 8 2248
12 4 2249
12 8 2250
12 4 2251
12 8 2252
12 4 2253
12 8 2254
12 4 2255
12 8 2256
12 4 2257
12 8 2258
12 4 2259
12 8 2260
12 4 2261
12 8 2262
12 4 2263
12 8 2264
12 4 2265
12 8 2266
12 4 2267
12 8 2268
12 4 2269
12 8 2270
12 4 2271
12 8 2272
12 4 2273
12 8 2274
12 4 2275
12 8 2276
12 4 2277
12 8 2278
12 4 2279
12 8 2280
12 4 2281
12 8 2282
12 4 2283
12 8 2284
12 4 2285
12 8 2286
12 4 2287
12 8 2288
12 4 2289
12 8 2290
12 4 2291
12 8 2292
12 4 2293
12 8 2294
12 4 2295
12 8 2296
12 4 2297
12 8 2298
12 4 2299
12 8 2300
12 4 2301
12 8 2302
12 4 2303
12 8 2304
12 4 2305
12 8 2306
12 4 2307
12 8 2308
12 4 2309
12 8 2310
12 4 2311
12 8 2312
12 4 2313
12 8 2314
12 4 2315
12 8 2316
12 4 2317
12 8 2318
12 4 2319
12 8 2320
12 4 2321
12 8 2322
12 4 2323
12 8 2324
12 4 2325
12 8 2326
12 4 2327
12 8 2328
12 4 2329
12 8 2330
12 4 2331
12 8 2332
12 4 2333
12 8 2334
12 4 2335
12 8 2336
12 4 2337
12 8 2338
12 4 2339
12 8 2340
12 4 2341
12 8 2342
12 4 2343
12 8 2344
12 4 2345
12 8 2346
12 4 2347
12 8 2348
12 4 2349
12 8 2350
12 4 2351
12 8 2352
12 4 2353
12 8 2354
12 4 2355
12 8 2356
12 4 2357
12 8 2358
12 4 2359
12 8 2360
12 4 2361
12 8 2362
12 4 2363
12 8 2364
12 4 2365
12 8 2366
12 4 2367
12 8 2368
12 4 2369
12 8 2370
12 4 2371
12 8 2372
12 4 2373
12 8 2374
12 4 2375
12 8 2376
12 4 2377
12 8 2378
12 4 2379
12 8 2380
12 4 2381
12 8 2382
12 4 2383
12 8 2384
12 4 2385
12 8 2386
12 4 2387
12 8 2388
12 4 2389
12 8 2390
12 4 2391
12 8 2392
12 4 2393
12 8 2394
12 4 2395
12 8 2396
12 4 2397
12 8 2398
12 4 2399
12 8 2400
12 4 2401
12 8 2402
12 4 2403
12 8 2404
12 4 2405
12 8 2406
12 4 2407
12 8 2408
12 4 2409
12 8 2410
12 4 2411
12 8 2412
12 4 2413
12 8 2414
12 4 2415
12 8 2416
12 4 2417
12 8 2418
12 4 2419
12 8 2420
12 4 2421
12 8 2422
12 4 2423
12 8 2424
12 4 2425
12 8 2426
12 4 2427
12 8 2428
12 4 2429
12 8 2430
12 4 2431
12 8 2432
12 4 2433
12 8 2434
12 4 2435
12 8 2436
12 4 2437
12 8 2438
12 4 2439
12 8 2440
12 4 2441
12 8 2442
12 4 2443
12 8 2444
12 4 2445
12 8 2446
12 4 2447
12 8 2448
12 4 2449
12 8 2450
12 4 2451
12 8 2452
12 4 2453
12 8 2454
12 4 2455
12 8 2456
12 4 2457
12 8 2458
12 4 2459
12 8 2460
12 4 2461
12 8 2462
12 4 2463
12 8 2464
12 4 2465
12 8 2466
12 4 2467
12 8 2468
12 4 2469
12 8 2470
12 4 2471
12 8 2472
12 4 2473
12 8 2474
12 4 2475
12 8 2476
12 4 2477
12 8 2478
12 4 2479
12 8 2480
12 4 2481
12 8 2482
12 4 2483
12 8 2484
12 4 2485
12 8 2486
12 4 2487
12 8 2488
12 4 2489
12 8 2490
12 4 2491
12 8 2492
12 4 2493
12 8 2494
12 4 2495
12 8 2496
12 4 2497
12 8 2498
12 4 2499
12 8 2500
12 4 2501
12 8 2502
12 4 2503
12 8 2504
12 4 2505
12 8 2506
12 4 2507
12 8 2508
12 4 2509
12 8 2510
12 4 2511
12 8 2512
12 4 2513
12 8 2514
12 4 2515
12 8 2516
12 4 2517
12 8 2518
12 4 2519
12 8 2520
12 4 2521
12 8 2522
12 4 2523
12 8 2524
12 4 2525
12 8 2526
12 4 2527
12 8 2528
12 4 2529
12 8 2530
12 4 2531
12 8 2532
12 4 2533
12 8 2534
12 4 2535
12 8 2536
12 4 2537
12 8 2538
12 4 2539
12 8 2540
12 4 2541
12 8 2542
12 4 2543
12 8 2544
12 4 2545
12 8 2546
12 4 2547
12 8 2548
12 4 2549
12 8 2550
12 4 2551
12 8 2552
12 4 2553
12 8 2554
12 4 2555
12 8 2556
12 4 2557
12 8 2558
12 4 2559
12 8 2560
12 4 2561
12 8 2562
12 4 2563
12 8 2564
12 4 2565
12 8 2566
12 4 2567
12 8 2568
12 4 2569
12 8 2570
12 4 2571
12 8 2572
12 4 2573
12 8 2574
12 4 2575
12 8 2576
12 4 2577
12 8 2578
12 4 2579
12 8 2580
12 4 2581
12 8 2582
12 4 2583
12 8 2584
12 4 2585
12 8 2586
12 4 2587
12 8 2588
12 4 2589
12 8 2590
12 4 2591
12 8 2592
12 4 2593
12 8 2594
12 4 2595
12 8 2596
12 4 2597
12 8 2598
12 4 2599
12 8 2600
12 4 2601
12 8 2602
12 4 2603
12 8 2604
12 4 2605
12 8 2606
12 4 2607
12 8 2608
12 4 2609
12 8 2610
12 4 2611
12 8 2612
12 4 2613
12 8 2614
12 4 2615
12 8 2616
12 4 2617
12 8 2618
12 4 2619
12 8 2620
12 4 2621
12 8 2622
