7 6 1
10 6 1
7 11 2
10 11 2
7 6 3
10 6 3
7 11 4
10 11 4
7 6 5
10 6 5
7 11 6
10 11 6
7 6 7
10 6 7
7 11 8
10 11 8
7 6 9
10 6 9
7 11 10
10 11 10
7 6 11
10 6 11
7 11 12
10 11 12
7 6 13
10 6 13
7 11 14
10 11 14
7 6 15
10 6 15
7 11 16
10 11 16
7 6 17
10 6 17
7 11 18
10 11 18
7 6 19
10 6 19
7 11 20
10 11 20
7 6 21
10 6 21
7 11 22
10 11 22
7 6 23
10 6 23
7 11 24
10 11 24
7 6 25
10 6 25
7 11 26
10 11 26
7 6 27
10 6 27
7 11 28
10 11 28
7 6 29
10 6 29
7 11 30
10 11 30
7 6 31
10 6 31
7 11 32
10 11 32
7 6 33
10 6 33
7 11 34
10 11 34
7 6 35
10 6 35
7 11 36
10 11 36
7 6 37
10 6 37
7 11 38
10 11 38
7 6 39
10 6 39
7 11 40
10 11 40
7 6 41
10 6 41
7 11 42
10 11 42
7 6 43
10 6 43
7 11 44
10 11 44
7 6 45
10 6 45
7 11 46
10 11 46
7 6 47
10 6 47
7 11 48
10 11 48
7 6 49
10 6 49
7 11 50
10 11 50
7 6 51
10 6 51
7 11 52
10 11 52
7 6 53
10 6 53
7 11 54
10 11 54
7 6 55
10 6 55
7 11 56
10 11 56
7 6 57
10 6 57
7 11 58
10 11 58
7 6 59
10 6 59
7 11 60
10 11 60
7 6 61
10 6 61
7 11 62
10 11 62
7 6 63
10 6 63
7 11 64
10 11 64
7 6 65
10 6 65
7 11 66
10 11 66
7 6 67
10 6 67
7 11 68
10 11 68
7 6 69
10 6 69
7 11 70
10 11 70
7 6 71
10 6 71
7 11 72
10 11 72
7 6 73
10 6 73
7 11 74
10 11 74
7 6 75
10 6 75
7 11 76
10 11 76
7 6 77
10 6 77
7 11 78
10 11 78
7 6 79
10 6 79
7 11 80
10 11 80
7 6 81
10 6 81
7 11 82
10 11 82
7 6 83
10 6 83
7 11 84
10 11 84
7 6 85
10 6 85
7 11 86
10 11 86
7 6 87
10 6 87
7 11 88
10 11 88
7 6 89
10 6 89
7 11 90
10 11 90
7 6 91
10 6 91
7 11 92
10 11 92
7 6 93
10 6 93
7 11 94
10 11 94
7 6 95
10 6 95
7 11 96
10 11 96
7 6 97
10 6 97
7 11 98
10 11 98
7 6 99
10 6 99
7 11 100
10 11 100
7 6 101
10 6 101
7 11 102
10 11 102
7 6 103
10 6 103
7 11 104
10 11 104
7 6 105
10 6 105
7 11 106
10 11 106
7 6 107
10 6 107
7 11 108
10 11 108
7 6 109
10 6 109
7 11 110
10 11 110
7 6 111
10 6 111
7 11 112
10 11 112
7 6 113
10 6 113
7 11 114
10 11 114
7 6 115
10 6 115
7 11 116
10 11 116
7 6 117
10 6 117
7 11 118
10 11 118
7 6 119
10 6 119
7 11 120
10 11 120
7 6 121
10 6 121
7 11 122
10 11 122
7 6 123
10 6 123
7 11 124
10 11 124
7 6 125
10 6 125
7 11 126
10 11 126
7 6 127
10 6 127
7 11 128
10 11 128
7 6 129
10 6 129
7 11 130
10 11 130
7 6 131
10 6 131
7 11 132
10 11 132
7 6 133
10 6 133
7 11 134
10 11 134
7 6 135
10 6 135
7 11 136
10 11 136
7 6 137
10 6 137
7 11 138
10 11 138
7 6 139
10 6 139
7 11 140
10 11 140
7 6 141
10 6 141
7 11 142
10 11 142
7 6 143
10 6 143
7 11 144
10 11 144
7 6 145
10 6 145
7 11 146
10 11 146
7 6 147
10 6 147
7 11 148
10 11 148
7 6 149
10 6 149
7 11 150
10 11 150
7 6 151
10 6 151
7 11 152
10 11 152
7 6 153
10 6 153
7 11 154
10 11 154
7 6 155
10 6 155
7 11 156
10 11 156
7 6 157
10 6 157
7 11 158
10 11 158
7 6 159
10 6 159
7 11 160
10 11 160
7 6 161
10 6 161
7 11 162
10 11 162
7 6 163
10 6 163
7 11 164
10 11 164
7 6 165
10 6 165
7 11 166
10 11 166
7 6 167
10 6 167
7 11 168
10 11 168
7 6 169
10 6 169
7 11 170
10 11 170
7 6 171
10 6 171
7 11 172
10 11 172
7 6 173
10 6 173
7 11 174
10 11 174
7 6 175
10 6 175
7 11 176
10 11 176
7 6 177
10 6 177
7 11 178
10 11 178
7 6 179
10 6 179
7 11 180
10 11 180
7 6 181
10 6 181
7 11 182
10 11 182
7 6 183
10 6 183
7 11 184
10 11 184
7 6 185
10 6 185
7 11 186
10 11 186
7 6 187
10 6 187
7 11 188
10 11 188
7 6 189
10 6 189
7 11 190
10 11 190
7 6 191
10 6 191
7 11 192
10 11 192
7 6 193
10 6 193
7 11 194
10 11 194
7 6 195
10 6 195
7 11 196
10 11 196
7 6 197
10 6 197
7 11 198
10 11 198
7 6 199
10 6 199
7 11 200
10 11 200
7 6 201
10 6 201
7 11 202
10 11 202
7 6 203
10 6 203
7 11 204
10 11 204
7 6 205
10 6 205
7 11 206
10 11 206
7 6 207
10 6 207
7 11 208
10 11 208
7 6 209
10 6 209
7 11 210
10 11 210
7 6 211
10 6 211
7 11 212
10 11 212
7 6 213
10 6 213
7 11 214
10 11 214
7 6 215
10 6 215
7 11 216
10 11 216
7 6 217
10 6 217
7 11 218
10 11 218
7 6 219
10 6 219
7 11 220
10 11 220
7 6 221
10 6 221
7 11 222
10 11 222
7 6 223
10 6 223
7 11 224
10 11 224
7 6 225
10 6 225
7 11 226
10 11 226
7 6 227
10 6 227
7 11 228
10 11 228
7 6 229
10 6 229
7 11 230
10 11 230
7 6 231
10 6 231
7 11 232
10 11 232
7 6 233
10 6 233
7 11 234
10 11 234
7 6 235
10 6 235
7 11 236
10 11 236
7 6 237
10 6 237
7 11 238
10 11 238
7 6 239
10 6 239
7 11 240
10 11 240
7 6 241
10 6 241
7 11 242
10 11 242
7 6 243
10 6 243
7 11 244
10 11 244
7 6 245
10 6 245
7 11 246
10 11 246
7 6 247
10 6 247
7 11 248
10 11 248
7 6 249
10 6 249
7 11 250
10 11 250
7 6 251
10 6 251
7 11 252
10 11 252
7 6 253
10 6 253
7 11 254
10 11 254
7 6 255
10 6 255
7 11 256
10 11 256
7 6 257
10 6 257
7 11 258
10 11 258
7 6 259
10 6 259
7 11 260
10 11 260
7 6 261
10 6 261
7 11 262
10 11 262
7 6 263
10 6 263
7 11 264
10 11 264
7 6 265
10 6 265
7 11 266
10 11 266
7 6 267
10 6 267
7 11 268
10 11 268
7 6 269
10 6 269
7 11 270
10 11 270
7 6 271
10 6 271
7 11 272
10 11 272
7 6 273
10 6 273
7 11 274
10 11 274
7 6 275
10 6 275
7 11 276
10 11 276
7 6 277
10 6 277
7 11 278
10 11 278
7 6 279
10 6 279
7 11 280
10 11 280
7 6 281
10 6 281
7 11 282
10 11 282
7 6 283
10 6 283
7 11 284
10 11 284
7 6 285
10 6 285
7 11 286
10 11 286
7 6 287
10 6 287
7 11 288
10 11 288
7 6 289
10 6 289
7 11 290
10 11 290
7 6 291
10 6 291
7 11 292
10 11 292
7 6 293
10 6 293
7 11 294
10 11 294
7 6 295
10 6 295
7 11 296
10 11 296
7 6 297
10 6 297
7 11 298
10 11 298
7 6 299
10 6 299
7 11 300
10 11 300
7 6 301
10 6 301
7 11 302
10 11 302
7 6 303
10 6 303
7 11 304
10 11 304
7 6 305
10 6 305
7 11 306
10 11 306
7 6 307
10 6 307
7 11 308
10 11 308
7 6 309
10 6 309
7 11 310
10 11 310
7 6 311
10 6 311
7 11 312
10 11 312
7 6 313
10 6 313
7 11 314
10 11 314
7 6 315
10 6 315
7 11 316
10 11 316
7 6 317
10 6 317
7 11 318
10 11 318
7 6 319
10 6 319
7 11 320
10 11 320
7 6 321
10 6 321
7 11 322
10 11 322
7 6 323
10 6 323
7 11 324
10 11 324
7 6 325
10 6 325
7 11 326
10 11 326
7 6 327
10 6 327
7 11 328
10 11 328
7 6 329
10 6 329
7 11 330
10 11 330
7 6 331
10 6 331
7 11 332
10 11 332
7 6 333
10 6 333
7 11 334
10 11 334
7 6 335
10 6 335
7 11 336
10 11 336
7 6 337
10 6 337
7 11 338
10 11 338
7 6 339
10 6 339
7 11 340
10 11 340
7 6 341
10 6 341
7 11 342
10 11 342
7 6 343
10 6 343
7 11 344
10 11 344
7 6 345
10 6 345
7 11 346
10 11 346
7 6 347
10 6 347
7 11 348
10 11 348
7 6 349
10 6 349
7 11 350
10 11 350
7 6 351
10 6 351
7 11 352
10 11 352
7 6 353
10 6 353
7 11 354
10 11 354
7 6 355
10 6 355
7 11 356
10 11 356
7 6 357
10 6 357
7 11 358
10 11 358
7 6 359
10 6 359
7 11 360
10 11 360
7 6 361
10 6 361
7 11 362
10 11 362
7 6 363
10 6 363
7 11 364
10 11 364
7 6 365
10 6 365
7 11 366
10 11 366
7 6 367
10 6 367
7 11 368
10 11 368
7 6 369
10 6 369
7 11 370
10 11 370
7 6 371
10 6 371
7 11 372
10 11 372
7 6 373
10 6 373
7 11 374
10 11 374
7 6 375
10 6 375
7 11 376
10 11 376
7 6 377
10 6 377
7 11 378
10 11 378
7 6 379
10 6 379
7 11 380
10 11 380
7 6 381
10 6 381
7 11 382
10 11 382
7 6 383
10 6 383
7 11 384
10 11 384
7 6 385
10 6 385
7 11 386
10 11 386
7 6 387
10 6 387
7 11 388
10 11 388
7 6 389
10 6 389
7 11 390
10 11 390
7 6 391
10 6 391
7 11 392
10 11 392
7 6 393
10 6 393
7 11 394
10 11 394
7 6 395
10 6 395
7 11 396
10 11 396
7 6 397
10 6 397
7 11 398
10 11 398
7 6 399
10 6 399
7 11 400
10 11 400
7 6 401
10 6 401
7 11 402
10 11 402
7 6 403
10 6 403
7 11 404
10 11 404
7 6 405
10 6 405
7 11 406
10 11 406
7 6 407
10 6 407
7 11 408
10 11 408
7 6 409
10 6 409
7 11 410
10 11 410
7 6 411
10 6 411
7 11 412
10 11 412
7 6 413
10 6 413
7 11 414
10 11 414
7 6 415
10 6 415
7 11 416
10 11 416
7 6 417
10 6 417
7 11 418
10 11 418
7 6 419
10 6 419
7 11 420
10 11 420
7 6 421
10 6 421
7 11 422
10 11 422
7 6 423
10 6 423
7 11 424
10 11 424
7 6 425
10 6 425
7 11 426
10 11 426
7 6 427
10 6 427
7 11 428
10 11 428
7 6 429
10 6 429
7 11 430
10 11 430
7 6 431
10 6 431
7 11 432
10 11 432
7 6 433
10 6 433
7 11 434
10 11 434
7 6 435
10 6 435
7 11 436
10 11 436
7 6 437
10 6 437
7 11 438
10 11 438
7 6 439
10 6 439
7 11 440
10 11 440
7 6 441
10 6 441
7 11 442
10 11 442
7 6 443
10 6 443
7 11 444
10 11 444
7 6 445
10 6 445
7 11 446
10 11 446
7 6 447
10 6 447
7 11 448
10 11 448
7 6 449
10 6 449
7 11 450
10 11 450
7 6 451
10 6 451
7 11 452
10 11 452
7 6 453
10 6 453
7 11 454
10 11 454
7 6 455
10 6 455
7 11 456
10 11 456
7 6 457
10 6 457
7 11 458
10 11 458
7 6 459
10 6 459
7 11 460
10 11 460
7 6 461
10 6 461
7 11 462
10 11 462
7 6 463
10 6 463
7 11 464
10 11 464
7 6 465
10 6 465
7 11 466
10 11 466
7 6 467
10 6 467
7 11 468
10 11 468
7 6 469
10 6 469
7 11 470
10 11 470
7 6 471
10 6 471
7 11 472
10 11 472
7 6 473
10 6 473
7 11 474
10 11 474
7 6 475
10 6 475
7 11 476
10 11 476
7 6 477
10 6 477
7 11 478
10 11 478
7 6 479
10 6 479
7 11 480
10 11 480
7 6 481
10 6 481
7 11 482
10 11 482
7 6 483
10 6 483
7 11 484
10 11 484
7 6 485
10 6 485
7 11 486
10 11 486
7 6 487
10 6 487
7 11 488
10 11 488
7 6 489
10 6 489
7 11 490
10 11 490
7 6 491
10 6 491
7 11 492
10 11 492
7 6 493
10 6 493
7 11 494
10 11 494
7 6 495
10 6 495
7 11 496
10 11 496
7 6 497
10 6 497
7 11 498
10 11 498
7 6 499
10 6 499
7 11 500
10 11 500
7 6 501
10 6 501
7 11 502
10 11 502
7 6 503
10 6 503
7 11 504
10 11 504
7 6 505
10 6 505
7 11 506
10 11 506
7 6 507
10 6 507
7 11 508
10 11 508
7 6 509
10 6 509
7 11 510
10 11 510
7 6 511
10 6 511
7 11 512
10 11 512
7 6 513
10 6 513
7 11 514
10 11 514
7 6 515
10 6 515
7 11 516
10 11 516
7 6 517
10 6 517
7 11 518
10 11 518
7 6 519
10 6 519
7 11 520
10 11 520
7 6 521
10 6 521
7 11 522
10 11 522
7 6 523
10 6 523
7 11 524
10 11 524
7 6 525
10 6 525
7 11 526
10 11 526
7 6 527
10 6 527
7 11 528
10 11 528
7 6 529
10 6 529
7 11 530
10 11 530
7 6 531
10 6 531
7 11 532
10 11 532
7 6 533
10 6 533
7 11 534
10 11 534
7 6 535
10 6 535
7 11 536
10 11 536
7 6 537
10 6 537
7 11 538
10 11 538
7 6 539
10 6 539
7 11 540
10 11 540
7 6 541
10 6 541
7 11 542
10 11 542
7 6 543
10 6 543
7 11 544
10 11 544
7 6 545
10 6 545
7 11 546
10 11 546
7 6 547
10 6 547
7 11 548
10 11 548
7 6 549
10 6 549
7 11 550
10 11 550
7 6 551
10 6 551
7 11 552
10 11 552
7 6 553
10 6 553
7 11 554
10 11 554
7 6 555
10 6 555
7 11 556
10 11 556
7 6 557
10 6 557
7 11 558
10 11 558
7 6 559
10 6 559
7 11 560
10 11 560
7 6 561
10 6 561
7 11 562
10 11 562
7 6 563
10 6 563
7 11 564
10 11 564
7 6 565
10 6 565
7 11 566
10 11 566
7 6 567
10 6 567
7 11 568
10 11 568
7 6 569
10 6 569
7 11 570
10 11 570
7 6 571
10 6 571
7 11 572
10 11 572
7 6 573
10 6 573
7 11 574
10 11 574
7 6 575
10 6 575
7 11 576
10 11 576
7 6 577
10 6 577
7 11 578
10 11 578
7 6 579
10 6 579
7 11 580
10 11 580
7 6 581
10 6 581
7 11 582
10 11 582
7 6 583
10 6 583
7 11 584
10 11 584
7 6 585
10 6 585
7 11 586
10 11 586
7 6 587
10 6 587
7 11 588
10 11 588
7 6 589
10 6 589
7 11 590
10 11 590
7 6 591
10 6 591
7 11 592
10 11 592
7 6 593
10 6 593
7 11 594
10 11 594
7 6 595
10 6 595
7 11 596
10 11 596
7 6 597
10 6 597
7 11 598
10 11 598
7 6 599
10 6 599
7 11 600
10 11 600
7 6 601
10 6 601
7 11 602
10 11 602
7 6 603
10 6 603
7 11 604
10 11 604
7 6 605
10 6 605
7 11 606
10 11 606
7 6 607
10 6 607
7 11 608
10 11 608
7 6 609
10 6 609
7 11 610
10 11 610
7 6 611
10 6 611
7 11 612
10 11 612
7 6 613
10 6 613
7 11 614
10 11 614
7 6 615
10 6 615
7 11 616
10 11 616
7 6 617
10 6 617
7 11 618
10 11 618
7 6 619
10 6 619
7 11 620
10 11 620
7 6 621
10 6 621
7 11 622
10 11 622
7 6 623
10 6 623
7 11 624
10 11 624
7 6 625
10 6 625
7 11 626
10 11 626
7 6 627
10 6 627
7 11 628
10 11 628
7 6 629
10 6 629
7 11 630
10 11 630
7 6 631
10 6 631
7 11 632
10 11 632
7 6 633
10 6 633
7 11 634
10 11 634
7 6 635
10 6 635
7 11 636
10 11 636
7 6 637
10 6 637
7 11 638
10 11 638
7 6 639
10 6 639
7 11 640
10 11 640
7 6 641
10 6 641
7 11 642
10 11 642
7 6 643
10 6 643
7 11 644
10 11 644
7 6 645
10 6 645
7 11 646
10 11 646
7 6 647
10 6 647
7 11 648
10 11 648
7 6 649
10 6 649
7 11 650
10 11 650
7 6 651
10 6 651
7 11 652
10 11 652
7 6 653
10 6 653
7 11 654
10 11 654
7 6 655
10 6 655
7 11 656
10 11 656
7 6 657
10 6 657
7 11 658
10 11 658
7 6 659
10 6 659
7 11 660
10 11 660
7 6 661
10 6 661
7 11 662
10 11 662
7 6 663
10 6 663
7 11 664
10 11 664
7 6 665
10 6 665
7 11 666
10 11 666
7 6 667
10 6 667
7 11 668
10 11 668
7 6 669
10 6 669
7 11 670
10 11 670
7 6 671
10 6 671
7 11 672
10 11 672
7 6 673
10 6 673
7 11 674
10 11 674
7 6 675
10 6 675
7 11 676
10 11 676
7 6 677
10 6 677
7 11 678
10 11 678
7 6 679
10 6 679
7 11 680
10 11 680
7 6 681
10 6 681
7 11 682
10 11 682
7 6 683
10 6 683
7 11 684
10 11 684
7 6 685
10 6 685
7 11 686
10 11 686
7 6 687
10 6 687
7 11 688
10 11 688
7 6 689
10 6 689
7 11 690
10 11 690
7 6 691
10 6 691
7 11 692
10 11 692
7 6 693
10 6 693
7 11 694
10 11 694
7 6 695
10 6 695
7 11 696
10 11 696
7 6 697
10 6 697
7 11 698
10 11 698
7 6 699
10 6 699
7 11 700
10 11 700
7 6 701
10 6 701
7 11 702
10 11 702
7 6 703
10 6 703
7 11 704
10 11 704
7 6 705
10 6 705
7 11 706
10 11 706
7 6 707
10 6 707
7 11 708
10 11 708
7 6 709
10 6 709
7 11 710
10 11 710
7 6 711
10 6 711
7 11 712
10 11 712
7 6 713
10 6 713
7 11 714
10 11 714
7 6 715
10 6 715
7 11 716
10 11 716
7 6 717
10 6 717
7 11 718
10 11 718
7 6 719
10 6 719
7 11 720
10 11 720
7 6 721
10 6 721
7 11 722
10 11 722
7 6 723
10 6 723
7 11 724
10 11 724
7 6 725
10 6 725
7 11 726
10 11 726
7 6 727
10 6 727
7 11 728
10 11 728
7 6 729
10 6 729
7 11 730
10 11 730
7 6 731
10 6 731
7 11 732
10 11 732
7 6 733
10 6 733
7 11 734
10 11 734
7 6 735
10 6 735
7 11 736
10 11 736
7 6 737
10 6 737
7 11 738
10 11 738
7 6 739
10 6 739
7 11 740
10 11 740
7 6 741
10 6 741
7 11 742
10 11 742
7 6 743
10 6 743
7 11 744
10 11 744
7 6 745
10 6 745
7 11 746
10 11 746
7 6 747
10 6 747
7 11 748
10 11 748
7 6 749
10 6 749
7 11 750
10 11 750
7 6 751
10 6 751
7 11 752
10 11 752
7 6 753
10 6 753
7 11 754
10 11 754
7 6 755
10 6 755
7 11 756
10 11 756
7 6 757
10 6 757
7 11 758
10 11 758
7 6 759
10 6 759
7 11 760
10 11 760
7 6 761
10 6 761
7 11 762
10 11 762
7 6 763
10 6 763
7 11 764
10 11 764
7 6 765
10 6 765
7 11 766
10 11 766
7 6 767
10 6 767
7 11 768
10 11 768
7 6 769
10 6 769
7 11 770
10 11 770
7 6 771
10 6 771
7 11 772
10 11 772
7 6 773
10 6 773
7 11 774
10 11 774
7 6 775
10 6 775
7 11 776
10 11 776
7 6 777
10 6 777
7 11 778
10 11 778
7 6 779
10 6 779
7 11 780
10 11 780
7 6 781
10 6 781
7 11 782
10 11 782
7 6 783
10 6 783
7 11 784
10 11 784
7 6 785
10 6 785
7 11 786
10 11 786
7 6 787
10 6 787
7 11 788
10 11 788
7 6 789
10 6 789
7 11 790
10 11 790
7 6 791
10 6 791
7 11 792
10 11 792
7 6 793
10 6 793
7 11 794
10 11 794
7 6 795
10 6 795
7 11 796
10 11 796
7 6 797
10 6 797
7 11 798
10 11 798
7 6 799
10 6 799
7 11 800
10 11 800
7 6 801
10 6 801
7 11 802
10 11 802
7 6 803
10 6 803
7 11 804
10 11 804
7 6 805
10 6 805
7 11 806
10 11 806
7 6 807
10 6 807
7 11 808
10 11 808
7 6 809
10 6 809
7 11 810
10 11 810
7 6 811
10 6 811
7 11 812
10 11 812
7 6 813
10 6 813
7 11 814
10 11 814
7 6 815
10 6 815
7 11 816
10 11 816
7 6 817
10 6 817
7 11 818
10 11 818
7 6 819
10 6 819
7 11 820
10 11 820
7 6 821
10 6 821
7 11 822
10 11 822
7 6 823
10 6 823
7 11 824
10 11 824
7 6 825
10 6 825
7 11 826
10 11 826
7 6 827
10 6 827
7 11 828
10 11 828
7 6 829
10 6 829
7 11 830
10 11 830
7 6 831
10 6 831
7 11 832
10 11 832
7 6 833
10 6 833
7 11 834
10 11 834
7 6 835
10 6 835
7 11 836
10 11 836
7 6 837
10 6 837
7 11 838
10 11 838
7 6 839
10 6 839
7 11 840
10 11 840
7 6 841
10 6 841
7 11 842
10 11 842
7 6 843
10 6 843
7 11 844
10 11 844
7 6 845
10 6 845
7 11 846
10 11 846
7 6 847
10 6 847
7 11 848
10 11 848
7 6 849
10 6 849
7 11 850
10 11 850
7 6 851
10 6 851
7 11 852
10 11 852
7 6 853
10 6 853
7 11 854
10 11 854
7 6 855
10 6 855
7 11 856
10 11 856
7 6 857
10 6 857
7 11 858
10 11 858
7 6 859
10 6 859
7 11 860
10 11 860
7 6 861
10 6 861
7 11 862
10 11 862
7 6 863
10 6 863
7 11 864
10 11 864
7 6 865
10 6 865
7 11 866
10 11 866
7 6 867
10 6 867
7 11 868
10 11 868
7 6 869
10 6 869
7 11 870
10 11 870
7 6 871
10 6 871
7 11 872
10 11 872
7 6 873
10 6 873
7 11 874
10 11 874
7 6 875
10 6 875
7 11 876
10 11 876
7 6 877
10 6 877
7 11 878
10 11 878
7 6 879
10 6 879
7 11 880
10 11 880
7 6 881
10 6 881
7 11 882
10 11 882
7 6 883
10 6 883
7 11 884
10 11 884
7 6 885
10 6 885
7 11 886
10 11 886
7 6 887
10 6 887
7 11 888
10 11 888
7 6 889
10 6 889
7 11 890
10 11 890
7 6 891
10 6 891
7 11 892
10 11 892
7 6 893
10 6 893
7 11 894
10 11 894
7 6 895
10 6 895
7 11 896
10 11 896
7 6 897
10 6 897
7 11 898
10 11 898
7 6 899
10 6 899
7 11 900
10 11 900
7 6 901
10 6 901
7 11 902
10 11 902
7 6 903
10 6 903
7 11 904
10 11 904
7 6 905
10 6 905
7 11 906
10 11 906
7 6 907
10 6 907
7 11 908
10 11 908
7 6 909
10 6 909
7 11 910
10 11 910
7 6 911
10 6 911
7 11 912
10 11 912
7 6 913
10 6 913
7 11 914
10 11 914
7 6 915
10 6 915
7 11 916
10 11 916
7 6 917
10 6 917
7 11 918
10 11 918
7 6 919
10 6 919
7 11 920
10 11 920
7 6 921
10 6 921
7 11 922
10 11 922
7 6 923
10 6 923
7 11 924
10 11 924
7 6 925
10 6 925
7 11 926
10 11 926
7 6 927
10 6 927
7 11 928
10 11 928
7 6 929
10 6 929
7 11 930
10 11 930
7 6 931
10 6 931
7 11 932
10 11 932
7 6 933
10 6 933
7 11 934
10 11 934
7 6 935
10 6 935
7 11 936
10 11 936
7 6 937
10 6 937
7 11 938
10 11 938
7 6 939
10 6 939
7 11 940
10 11 940
7 6 941
10 6 941
7 11 942
10 11 942
7 6 943
10 6 943
7 11 944
10 11 944
7 6 945
10 6 945
7 11 946
10 11 946
7 6 947
10 6 947
7 11 948
10 11 948
7 6 949
10 6 949
7 11 950
10 11 950
7 6 951
10 6 951
7 11 952
10 11 952
7 6 953
10 6 953
7 11 954
10 11 954
7 6 955
10 6 955
7 11 956
10 11 956
7 6 957
10 6 957
7 11 958
10 11 958
7 6 959
10 6 959
7 11 960
10 11 960
7 6 961
10 6 961
7 11 962
10 11 962
7 6 963
10 6 963
7 11 964
10 11 964
7 6 965
10 6 965
7 11 966
10 11 966
7 6 967
10 6 967
7 11 968
10 11 968
7 6 969
10 6 969
7 11 970
10 11 970
7 6 971
10 6 971
7 11 972
10 11 972
7 6 973
10 6 973
7 11 974
10 11 974
7 6 975
10 6 975
7 11 976
10 11 976
7 6 977
10 6 977
7 11 978
10 11 978
7 6 979
10 6 979
7 11 980
10 11 980
7 6 981
10 6 981
7 11 982
10 11 982
7 6 983
10 6 983
7 11 984
10 11 984
7 6 985
10 6 985
7 11 986
10 11 986
7 6 987
10 6 987
7 11 988
10 11 988
7 6 989
10 6 989
7 11 990
10 11 990
7 6 991
10 6 991
7 11 992
10 11 992
7 6 993
10 6 993
7 11 994
10 11 994
7 6 995
10 6 995
7 11 996
10 11 996
7 6 997
10 6 997
7 11 998
10 11 998
7 6 999
10 6 999
7 11 1000
10 11 1000
7 6 1001
10 6 1001
7 11 1002
10 11 1002
7 6 1003
10 6 1003
7 11 1004
10 11 1004
7 6 1005
10 6 1005
7 11 1006
10 11 1006
7 6 1007
10 6 1007
7 11 1008
10 11 1008
7 6 1009
10 6 1009
7 11 1010
10 11 1010
7 6 1011
10 6 1011
7 11 1012
10 11 1012
7 6 1013
10 6 1013
7 11 1014
10 11 1014
7 6 1015
10 6 1015
7 11 1016
10 11 1016
7 6 1017
10 6 1017
7 11 1018
10 11 1018
7 6 1019
10 6 1019
7 11 1020
10 11 1020
7 6 1021
10 6 1021
7 11 1022
10 11 1022
7 6 1023
10 6 1023
7 11 1024
10 11 1024
7 6 1025
10 6 1025
7 11 1026
10 11 1026
7 6 1027
10 6 1027
7 11 1028
10 11 1028
7 6 1029
10 6 1029
7 11 1030
10 11 1030
7 6 1031
10 6 1031
7 11 1032
10 11 1032
7 6 1033
10 6 1033
7 11 1034
10 11 1034
7 6 1035
10 6 1035
7 11 1036
10 11 1036
7 6 1037
10 6 1037
7 11 1038
10 11 1038
7 6 1039
10 6 1039
7 11 1040
10 11 1040
7 6 1041
10 6 1041
7 11 1042
10 11 1042
7 6 1043
10 6 1043
7 11 1044
10 11 1044
7 6 1045
10 6 1045
7 11 1046
10 11 1046
7 6 1047
10 6 1047
7 11 1048
10 11 1048
7 6 1049
10 6 1049
7 11 1050
10 11 1050
7 6 1051
10 6 1051
7 11 1052
10 11 1052
7 6 1053
10 6 1053
7 11 1054
10 11 1054
7 6 1055
10 6 1055
7 11 1056
10 11 1056
7 6 1057
10 6 1057
7 11 1058
10 11 1058
7 6 1059
10 6 1059
7 11 1060
10 11 1060
7 6 1061
10 6 1061
7 11 1062
10 11 1062
7 6 1063
10 6 1063
7 11 1064
10 11 1064
7 6 1065
10 6 1065
7 11 1066
10 11 1066
7 6 1067
10 6 1067
7 11 1068
10 11 1068
7 6 1069
10 6 1069
7 11 1070
10 11 1070
7 6 1071
10 6 1071
7 11 1072
10 11 1072
7 6 1073
10 6 1073
7 11 1074
10 11 1074
7 6 1075
10 6 1075
7 11 1076
10 11 1076
7 6 1077
10 6 1077
7 11 1078
10 11 1078
7 6 1079
10 6 1079
7 11 1080
10 11 1080
7 6 1081
10 6 1081
7 11 1082
10 11 1082
7 6 1083
10 6 1083
7 11 1084
10 11 1084
7 6 1085
10 6 1085
7 11 1086
10 11 1086
7 6 1087
10 6 1087
7 11 1088
10 11 1088
7 6 1089
10 6 1089
7 11 1090
10 11 1090
7 6 1091
10 6 1091
7 11 1092
10 11 1092
7 6 1093
10 6 1093
7 11 1094
10 11 1094
7 6 1095
10 6 1095
7 11 1096
10 11 1096
7 6 1097
10 6 1097
7 11 1098
10 11 1098
7 6 1099
10 6 1099
7 11 1100
10 11 1100
7 6 1101
10 6 1101
7 11 1102
10 11 1102
7 6 1103
10 6 1103
7 11 1104
10 11 1104
7 6 1105
10 6 1105
7 11 1106
10 11 1106
7 6 1107
10 6 1107
7 11 1108
10 11 1108
7 6 1109
10 6 1109
7 11 1110
10 11 1110
7 6 1111
10 6 1111
7 11 1112
10 11 1112
7 6 1113
10 6 1113
7 11 1114
10 11 1114
7 6 1115
10 6 1115
7 11 1116
10 11 1116
7 6 1117
10 6 1117
7 11 1118
10 11 1118
7 6 1119
10 6 1119
7 11 1120
10 11 1120
7 6 1121
10 6 1121
7 11 1122
10 11 1122
7 6 1123
10 6 1123
7 11 1124
10 11 1124
7 6 1125
10 6 1125
7 11 1126
10 11 1126
7 6 1127
10 6 1127
7 11 1128
10 11 1128
7 6 1129
10 6 1129
7 11 1130
10 11 1130
7 6 1131
10 6 1131
7 11 1132
10 11 1132
7 6 1133
10 6 1133
7 11 1134
10 11 1134
7 6 1135
10 6 1135
7 11 1136
10 11 1136
7 6 1137
10 6 1137
7 11 1138
10 11 1138
7 6 1139
10 6 1139
7 11 1140
10 11 1140
7 6 1141
10 6 1141
7 11 1142
10 11 1142
7 6 1143
10 6 1143
7 11 1144
10 11 1144
7 6 1145
10 6 1145
7 11 1146
10 11 1146
7 6 1147
10 6 1147
7 11 1148
10 11 1148
7 6 1149
10 6 1149
7 11 1150
10 11 1150
7 6 1151
10 6 1151
7 11 1152
10 11 1152
7 6 1153
10 6 1153
7 11 1154
10 11 1154
7 6 1155
10 6 1155
7 11 1156
10 11 1156
7 6 1157
10 6 1157
7 11 1158
10 11 1158
7 6 1159
10 6 1159
7 11 1160
10 11 1160
7 6 1161
10 6 1161
7 11 1162
10 11 1162
7 6 1163
10 6 1163
7 11 1164
10 11 1164
7 6 1165
10 6 1165
7 11 1166
10 11 1166
7 6 1167
10 6 1167
7 11 1168
10 11 1168
7 6 1169
10 6 1169
7 11 1170
10 11 1170
7 6 1171
10 6 1171
7 11 1172
10 11 1172
7 6 1173
10 6 1173
7 11 1174
10 11 1174
7 6 1175
10 6 1175
7 11 1176
10 11 1176
7 6 1177
10 6 1177
7 11 1178
10 11 1178
7 6 1179
10 6 1179
7 11 1180
10 11 1180
7 6 1181
10 6 1181
7 11 1182
10 11 1182
7 6 1183
10 6 1183
7 11 1184
10 11 1184
7 6 1185
10 6 1185
7 11 1186
10 11 1186
7 6 1187
10 6 1187
7 11 1188
10 11 1188
7 6 1189
10 6 1189
7 11 1190
10 11 1190
7 6 1191
10 6 1191
7 11 1192
10 11 1192
7 6 1193
10 6 1193
7 11 1194
10 11 1194
7 6 1195
10 6 1195
7 11 1196
10 11 1196
7 6 1197
10 6 1197
7 11 1198
10 11 1198
7 6 1199
10 6 1199
7 11 1200
10 11 1200
7 6 1201
10 6 1201
7 11 1202
10 11 1202
7 6 1203
10 6 1203
7 11 1204
10 11 1204
7 6 1205
10 6 1205
7 11 1206
10 11 1206
7 6 1207
10 6 1207
7 11 1208
10 11 1208
7 6 1209
10 6 1209
7 11 1210
10 11 1210
7 6 1211
10 6 1211
7 11 1212
10 11 1212
7 6 1213
10 6 1213
7 11 1214
10 11 1214
7 6 1215
10 6 1215
7 11 1216
10 11 1216
7 6 1217
10 6 1217
7 11 1218
10 11 1218
7 6 1219
10 6 1219
7 11 1220
10 11 1220
7 6 1221
10 6 1221
7 11 1222
10 11 1222
7 6 1223
10 6 1223
7 11 1224
10 11 1224
7 6 1225
10 6 1225
7 11 1226
10 11 1226
7 6 1227
10 6 1227
7 11 1228
10 11 1228
7 6 1229
10 6 1229
7 11 1230
10 11 1230
7 6 1231
10 6 1231
7 11 1232
10 11 1232
7 6 1233
10 6 1233
7 11 1234
10 11 1234
7 6 1235
10 6 1235
7 11 1236
10 11 1236
7 6 1237
10 6 1237
7 11 1238
10 11 1238
7 6 1239
10 6 1239
7 11 1240
10 11 1240
7 6 1241
10 6 1241
7 11 1242
10 11 1242
7 6 1243
10 6 1243
7 11 1244
10 11 1244
7 6 1245
10 6 1245
7 11 1246
10 11 1246
7 6 1247
10 6 1247
7 11 1248
10 11 1248
7 6 1249
10 6 1249
7 11 1250
10 11 1250
7 6 1251
10 6 1251
7 11 1252
10 11 1252
7 6 1253
10 6 1253
7 11 1254
10 11 1254
7 6 1255
10 6 1255
7 11 1256
10 11 1256
7 6 1257
10 6 1257
7 11 1258
10 11 1258
7 6 1259
10 6 1259
7 11 1260
10 11 1260
7 6 1261
10 6 1261
7 11 1262
10 11 1262
7 6 1263
10 6 1263
7 11 1264
10 11 1264
7 6 1265
10 6 1265
7 11 1266
10 11 1266
7 6 1267
10 6 1267
7 11 1268
10 11 1268
7 6 1269
10 6 1269
7 11 1270
10 11 1270
7 6 1271
10 6 1271
7 11 1272
10 11 1272
7 6 1273
10 6 1273
7 11 1274
10 11 1274
7 6 1275
10 6 1275
7 11 1276
10 11 1276
7 6 1277
10 6 1277
7 11 1278
10 11 1278
7 6 1279
10 6 1279
7 11 1280
10 11 1280
7 6 1281
10 6 1281
7 11 1282
10 11 1282
7 6 1283
10 6 1283
7 11 1284
10 11 1284
7 6 1285
10 6 1285
7 11 1286
10 11 1286
7 6 1287
10 6 1287
7 11 1288
10 11 1288
7 6 1289
10 6 1289
7 11 1290
10 11 1290
7 6 1291
10 6 1291
7 11 1292
10 11 1292
7 6 1293
10 6 1293
7 11 1294
10 11 1294
7 6 1295
10 6 1295
7 11 1296
10 11 1296
7 6 1297
10 6 1297
7 11 1298
10 11 1298
7 6 1299
10 6 1299
7 11 1300
10 11 1300
7 6 1301
10 6 1301
7 11 1302
10 11 1302
7 6 1303
10 6 1303
7 11 1304
10 11 1304
7 6 1305
10 6 1305
7 11 1306
10 11 1306
7 6 1307
10 6 1307
7 11 1308
10 11 1308
7 6 1309
10 6 1309
7 11 1310
10 11 1310
7 6 1311
10 6 1311
7 11 1312
10 11 1312
7 6 1313
10 6 1313
7 11 1314
10 11 1314
7 6 1315
10 6 1315
7 11 1316
10 11 1316
7 6 1317
10 6 1317
7 11 1318
10 11 1318
7 6 1319
10 6 1319
7 11 1320
10 11 1320
7 6 1321
10 6 1321
7 11 1322
10 11 1322
7 6 1323
10 6 1323
7 11 1324
10 11 1324
7 6 1325
10 6 1325
7 11 1326
10 11 1326
7 6 1327
10 6 1327
7 11 1328
10 11 1328
7 6 1329
10 6 1329
7 11 1330
10 11 1330
7 6 1331
10 6 1331
7 11 1332
10 11 1332
7 6 1333
10 6 1333
7 11 1334
10 11 1334
7 6 1335
10 6 1335
7 11 1336
10 11 1336
7 6 1337
10 6 1337
7 11 1338
10 11 1338
7 6 1339
10 6 1339
7 11 1340
10 11 1340
7 6 1341
10 6 1341
7 11 1342
10 11 1342
7 6 1343
10 6 1343
7 11 1344
10 11 1344
7 6 1345
10 6 1345
7 11 1346
10 11 1346
7 6 1347
10 6 1347
7 11 1348
10 11 1348
7 6 1349
10 6 1349
7 11 1350
10 11 1350
7 6 1351
10 6 1351
7 11 1352
10 11 1352
7 6 1353
10 6 1353
7 11 1354
10 11 1354
7 6 1355
10 6 1355
7 11 1356
10 11 1356
7 6 1357
10 6 1357
7 11 1358
10 11 1358
7 6 1359
10 6 1359
7 11 1360
10 11 1360
7 6 1361
10 6 1361
7 11 1362
10 11 1362
7 6 1363
10 6 1363
7 11 1364
10 11 1364
7 6 1365
10 6 1365
7 11 1366
10 11 1366
7 6 1367
10 6 1367
7 11 1368
10 11 1368
7 6 1369
10 6 1369
7 11 1370
10 11 1370
7 6 1371
10 6 1371
7 11 1372
10 11 1372
7 6 1373
10 6 1373
7 11 1374
10 11 1374
7 6 1375
10 6 1375
7 11 1376
10 11 1376
7 6 1377
10 6 1377
7 11 1378
10 11 1378
7 6 1379
10 6 1379
7 11 1380
10 11 1380
7 6 1381
10 6 1381
7 11 1382
10 11 1382
7 6 1383
10 6 1383
7 11 1384
10 11 1384
7 6 1385
10 6 1385
7 11 1386
10 11 1386
7 6 1387
10 6 1387
7 11 1388
10 11 1388
7 6 1389
10 6 1389
7 11 1390
10 11 1390
7 6 1391
10 6 1391
7 11 1392
10 11 1392
7 6 1393
10 6 1393
7 11 1394
10 11 1394
7 6 1395
10 6 1395
7 11 1396
10 11 1396
7 6 1397
10 6 1397
7 11 1398
10 11 1398
7 6 1399
10 6 1399
7 11 1400
10 11 1400
7 6 1401
10 6 1401
7 11 1402
10 11 1402
7 6 1403
10 6 1403
7 11 1404
10 11 1404
7 6 1405
10 6 1405
7 11 1406
10 11 1406
7 6 1407
10 6 1407
7 11 1408
10 11 1408
7 6 1409
10 6 1409
7 11 1410
10 11 1410
7 6 1411
10 6 1411
7 11 1412
10 11 1412
7 6 1413
10 6 1413
7 11 1414
10 11 1414
7 6 1415
10 6 1415
7 11 1416
10 11 1416
7 6 1417
10 6 1417
7 11 1418
10 11 1418
7 6 1419
10 6 1419
7 11 1420
10 11 1420
7 6 1421
10 6 1421
7 11 1422
10 11 1422
7 6 1423
10 6 1423
7 11 1424
10 11 1424
7 6 1425
10 6 1425
7 11 1426
10 11 1426
7 6 1427
10 6 1427
7 11 1428
10 11 1428
7 6 1429
10 6 1429
7 11 1430
10 11 1430
7 6 1431
10 6 1431
7 11 1432
10 11 1432
7 6 1433
10 6 1433
7 11 1434
10 11 1434
7 6 1435
10 6 1435
7 11 1436
10 11 1436
7 6 1437
10 6 1437
7 11 1438
10 11 1438
7 6 1439
10 6 1439
7 11 1440
10 11 1440
7 6 1441
10 6 1441
7 11 1442
10 11 1442
7 6 1443
10 6 1443
7 11 1444
10 11 1444
7 6 1445
10 6 1445
7 11 1446
10 11 1446
7 6 1447
10 6 1447
7 11 1448
10 11 1448
7 6 1449
10 6 1449
7 11 1450
10 11 1450
7 6 1451
10 6 1451
7 11 1452
10 11 1452
7 6 1453
10 6 1453
7 11 1454
10 11 1454
7 6 1455
10 6 1455
7 11 1456
10 11 1456
7 6 1457
10 6 1457
7 11 1458
10 11 1458
7 6 1459
10 6 1459
7 11 1460
10 11 1460
7 6 1461
10 6 1461
7 11 1462
10 11 1462
7 6 1463
10 6 1463
7 11 1464
10 11 1464
7 6 1465
10 6 1465
7 11 1466
10 11 1466
7 6 1467
10 6 1467
7 11 1468
10 11 1468
7 6 1469
10 6 1469
7 11 1470
10 11 1470
7 6 1471
10 6 1471
7 11 1472
10 11 1472
7 6 1473
10 6 1473
7 11 1474
10 11 1474
7 6 1475
10 6 1475
7 11 1476
10 11 1476
7 6 1477
10 6 1477
7 11 1478
10 11 1478
7 6 1479
10 6 1479
7 11 1480
10 11 1480
7 6 1481
10 6 1481
7 11 1482
10 11 1482
7 6 1483
10 6 1483
7 11 1484
10 11 1484
7 6 1485
10 6 1485
7 11 1486
10 11 1486
7 6 1487
10 6 1487
7 11 1488
10 11 1488
7 6 1489
10 6 1489
7 11 1490
10 11 1490
7 6 1491
10 6 1491
7 11 1492
10 11 1492
7 6 1493
10 6 1493
7 11 1494
10 11 1494
7 6 1495
10 6 1495
7 11 1496
10 11 1496
7 6 1497
10 6 1497
7 11 1498
10 11 1498
7 6 1499
10 6 1499
7 11 1500
10 11 1500
7 6 1501
10 6 1501
7 11 1502
10 11 1502
7 6 1503
10 6 1503
7 11 1504
10 11 1504
7 6 1505
10 6 1505
7 11 1506
10 11 1506
7 6 1507
10 6 1507
7 11 1508
10 11 1508
7 6 1509
10 6 1509
7 11 1510
10 11 1510
7 6 1511
10 6 1511
7 11 1512
10 11 1512
7 6 1513
10 6 1513
7 11 1514
10 11 1514
7 6 1515
10 6 1515
7 11 1516
10 11 1516
7 6 1517
10 6 1517
7 11 1518
10 11 1518
7 6 1519
10 6 1519
7 11 1520
10 11 1520
7 6 1521
10 6 1521
7 11 1522
10 11 1522
7 6 1523
10 6 1523
7 11 1524
10 11 1524
7 6 1525
10 6 1525
7 11 1526
10 11 1526
7 6 1527
10 6 1527
7 11 1528
10 11 1528
7 6 1529
10 6 1529
7 11 1530
10 11 1530
7 6 1531
10 6 1531
7 11 1532
10 11 1532
7 6 1533
10 6 1533
7 11 1534
10 11 1534
7 6 1535
10 6 1535
7 11 1536
10 11 1536
7 6 1537
10 6 1537
7 11 1538
10 11 1538
7 6 1539
10 6 1539
7 11 1540
10 11 1540
7 6 1541
10 6 1541
7 11 1542
10 11 1542
7 6 1543
10 6 1543
7 11 1544
10 11 1544
7 6 1545
10 6 1545
7 11 1546
10 11 1546
7 6 1547
10 6 1547
7 11 1548
10 11 1548
7 6 1549
10 6 1549
7 11 1550
10 11 1550
7 6 1551
10 6 1551
7 11 1552
10 11 1552
7 6 1553
10 6 1553
7 11 1554
10 11 1554
7 6 1555
10 6 1555
7 11 1556
10 11 1556
7 6 1557
10 6 1557
7 11 1558
10 11 1558
7 6 1559
10 6 1559
7 11 1560
10 11 1560
7 6 1561
10 6 1561
7 11 1562
10 11 1562
7 6 1563
10 6 1563
7 11 1564
10 11 1564
7 6 1565
10 6 1565
7 11 1566
10 11 1566
7 6 1567
10 6 1567
7 11 1568
10 11 1568
7 6 1569
10 6 1569
7 11 1570
10 11 1570
7 6 1571
10 6 1571
7 11 1572
10 11 1572
7 6 1573
10 6 1573
7 11 1574
10 11 1574
7 6 1575
10 6 1575
7 11 1576
10 11 1576
7 6 1577
10 6 1577
7 11 1578
10 11 1578
7 6 1579
10 6 1579
7 11 1580
10 11 1580
7 6 1581
10 6 1581
7 11 1582
10 11 1582
7 6 1583
10 6 1583
7 11 1584
10 11 1584
7 6 1585
10 6 1585
7 11 1586
10 11 1586
7 6 1587
10 6 1587
7 11 1588
10 11 1588
7 6 1589
10 6 1589
7 11 1590
10 11 1590
7 6 1591
10 6 1591
7 11 1592
10 11 1592
7 6 1593
10 6 1593
7 11 1594
10 11 1594
7 6 1595
10 6 1595
7 11 1596
10 11 1596
7 6 1597
10 6 1597
7 11 1598
10 11 1598
7 6 1599
10 6 1599
7 11 1600
10 11 1600
7 6 1601
10 6 1601
7 11 1602
10 11 1602
7 6 1603
10 6 1603
7 11 1604
10 11 1604
7 6 1605
10 6 1605
7 11 1606
10 11 1606
7 6 1607
10 6 1607
7 11 1608
10 11 1608
7 6 1609
10 6 1609
7 11 1610
10 11 1610
7 6 1611
10 6 1611
7 11 1612
10 11 1612
7 6 1613
10 6 1613
7 11 1614
10 11 1614
7 6 1615
10 6 1615
7 11 1616
10 11 1616
7 6 1617
10 6 1617
7 11 1618
10 11 1618
7 6 1619
10 6 1619
7 11 1620
10 11 1620
7 6 1621
10 6 1621
7 11 1622
10 11 1622
7 6 1623
10 6 1623
7 11 1624
10 11 1624
7 6 1625
10 6 1625
7 11 1626
10 11 1626
7 6 1627
10 6 1627
7 11 1628
10 11 1628
7 6 1629
10 6 1629
7 11 1630
10 11 1630
7 6 1631
10 6 1631
7 11 1632
10 11 1632
7 6 1633
10 6 1633
7 11 1634
10 11 1634
7 6 1635
10 6 1635
7 11 1636
10 11 1636
7 6 1637
10 6 1637
7 11 1638
10 11 1638
7 6 1639
10 6 1639
7 11 1640
10 11 1640
7 6 1641
10 6 1641
7 11 1642
10 11 1642
7 6 1643
10 6 1643
7 11 1644
10 11 1644
7 6 1645
10 6 1645
7 11 1646
10 11 1646
7 6 1647
10 6 1647
7 11 1648
10 11 1648
7 6 1649
10 6 1649
7 11 1650
10 11 1650
7 6 1651
10 6 1651
7 11 1652
10 11 1652
7 6 1653
10 6 1653
7 11 1654
10 11 1654
7 6 1655
10 6 1655
7 11 1656
10 11 1656
7 6 1657
10 6 1657
7 11 1658
10 11 1658
7 6 1659
10 6 1659
7 11 1660
10 11 1660
7 6 1661
10 6 1661
7 11 1662
10 11 1662
7 6 1663
10 6 1663
7 11 1664
10 11 1664
7 6 1665
10 6 1665
7 11 1666
10 11 1666
7 6 1667
10 6 1667
7 11 1668
10 11 1668
7 6 1669
10 6 1669
7 11 1670
10 11 1670
7 6 1671
10 6 1671
7 11 1672
10 11 1672
7 6 1673
10 6 1673
7 11 1674
10 11 1674
7 6 1675
10 6 1675
7 11 1676
10 11 1676
7 6 1677
10 6 1677
7 11 1678
10 11 1678
7 6 1679
10 6 1679
7 11 1680
10 11 1680
7 6 1681
10 6 1681
7 11 1682
10 11 1682
7 6 1683
10 6 1683
7 11 1684
10 11 1684
7 6 1685
10 6 1685
7 11 1686
10 11 1686
7 6 1687
10 6 1687
7 11 1688
10 11 1688
7 6 1689
10 6 1689
7 11 1690
10 11 1690
7 6 1691
10 6 1691
7 11 1692
10 11 1692
7 6 1693
10 6 1693
7 11 1694
10 11 1694
7 6 1695
10 6 1695
7 11 1696
10 11 1696
7 6 1697
10 6 1697
7 11 1698
10 11 1698
7 6 1699
10 6 1699
7 11 1700
10 11 1700
7 6 1701
10 6 1701
7 11 1702
10 11 1702
7 6 1703
10 6 1703
7 11 1704
10 11 1704
7 6 1705
10 6 1705
7 11 1706
10 11 1706
7 6 1707
10 6 1707
7 11 1708
10 11 1708
7 6 1709
10 6 1709
7 11 1710
10 11 1710
7 6 1711
10 6 1711
7 11 1712
10 11 1712
7 6 1713
10 6 1713
7 11 1714
10 11 1714
7 6 1715
10 6 1715
7 11 1716
10 11 1716
7 6 1717
10 6 1717
7 11 1718
10 11 1718
7 6 1719
10 6 1719
7 11 1720
10 11 1720
7 6 1721
10 6 1721
7 11 1722
10 11 1722
7 6 1723
10 6 1723
7 11 1724
10 11 1724
7 6 1725
10 6 1725
7 11 1726
10 11 1726
7 6 1727
10 6 1727
7 11 1728
10 11 1728
7 6 1729
10 6 1729
7 11 1730
10 11 1730
7 6 1731
10 6 1731
7 11 1732
10 11 1732
7 6 1733
10 6 1733
7 11 1734
10 11 1734
7 6 1735
10 6 1735
7 11 1736
10 11 1736
7 6 1737
10 6 1737
7 11 1738
10 11 1738
7 6 1739
10 6 1739
7 11 1740
10 11 1740
7 6 1741
10 6 1741
7 11 1742
10 11 1742
7 6 1743
10 6 1743
7 11 1744
10 11 1744
7 6 1745
10 6 1745
7 11 1746
10 11 1746
7 6 1747
10 6 1747
7 11 1748
10 11 1748
7 6 1749
10 6 1749
7 11 1750
10 11 1750
7 6 1751
10 6 1751
7 11 1752
10 11 1752
7 6 1753
10 6 1753
7 11 1754
10 11 1754
7 6 1755
10 6 1755
7 11 1756
10 11 1756
7 6 1757
10 6 1757
7 11 1758
10 11 1758
7 6 1759
10 6 1759
7 11 1760
10 11 1760
7 6 1761
10 6 1761
7 11 1762
10 11 1762
7 6 1763
10 6 1763
7 11 1764
10 11 1764
7 6 1765
10 6 1765
7 11 1766
10 11 1766
7 6 1767
10 6 1767
7 11 1768
10 11 1768
7 6 1769
10 6 1769
7 11 1770
10 11 1770
7 6 1771
10 6 1771
7 11 1772
10 11 1772
7 6 1773
10 6 1773
7 11 1774
10 11 1774
7 6 1775
10 6 1775
7 11 1776
10 11 1776
7 6 1777
10 6 1777
7 11 1778
10 11 1778
7 6 1779
10 6 1779
7 11 1780
10 11 1780
7 6 1781
10 6 1781
7 11 1782
10 11 1782
7 6 1783
10 6 1783
7 11 1784
10 11 1784
7 6 1785
10 6 1785
7 11 1786
10 11 1786
7 6 1787
10 6 1787
7 11 1788
10 11 1788
7 6 1789
10 6 1789
7 11 1790
10 11 1790
7 6 1791
10 6 1791
7 11 1792
10 11 1792
7 6 1793
10 6 1793
7 11 1794
10 11 1794
7 6 1795
10 6 1795
7 11 1796
10 11 1796
7 6 1797
10 6 1797
7 11 1798
10 11 1798
7 6 1799
10 6 1799
7 11 1800
10 11 1800
7 6 1801
10 6 1801
7 11 1802
10 11 1802
7 6 1803
10 6 1803
7 11 1804
10 11 1804
7 6 1805
10 6 1805
7 11 1806
10 11 1806
7 6 1807
10 6 1807
7 11 1808
10 11 1808
7 6 1809
10 6 1809
7 11 1810
10 11 1810
7 6 1811
10 6 1811
7 11 1812
10 11 1812
7 6 1813
10 6 1813
7 11 1814
10 11 1814
7 6 1815
10 6 1815
7 11 1816
10 11 1816
7 6 1817
10 6 1817
7 11 1818
10 11 1818
7 6 1819
10 6 1819
7 11 1820
10 11 1820
7 6 1821
10 6 1821
7 11 1822
10 11 1822
7 6 1823
10 6 1823
7 11 1824
10 11 1824
7 6 1825
10 6 1825
7 11 1826
10 11 1826
7 6 1827
10 6 1827
7 11 1828
10 11 1828
7 6 1829
10 6 1829
7 11 1830
10 11 1830
7 6 1831
10 6 1831
7 11 1832
10 11 1832
7 6 1833
10 6 1833
7 11 1834
10 11 1834
7 6 1835
10 6 1835
7 11 1836
10 11 1836
7 6 1837
10 6 1837
7 11 1838
10 11 1838
7 6 1839
10 6 1839
7 11 1840
10 11 1840
7 6 1841
10 6 1841
7 11 1842
10 11 1842
7 6 1843
10 6 1843
7 11 1844
10 11 1844
7 6 1845
10 6 1845
7 11 1846
10 11 1846
7 6 1847
10 6 1847
7 11 1848
10 11 1848
7 6 1849
10 6 1849
7 11 1850
10 11 1850
7 6 1851
10 6 1851
7 11 1852
10 11 1852
7 6 1853
10 6 1853
7 11 1854
10 11 1854
7 6 1855
10 6 1855
7 11 1856
10 11 1856
7 6 1857
10 6 1857
7 11 1858
10 11 1858
7 6 1859
10 6 1859
7 11 1860
10 11 1860
7 6 1861
10 6 1861
7 11 1862
10 11 1862
7 6 1863
10 6 1863
7 11 1864
10 11 1864
7 6 1865
10 6 1865
7 11 1866
10 11 1866
7 6 1867
10 6 1867
7 11 1868
10 11 1868
7 6 1869
10 6 1869
7 11 1870
10 11 1870
7 6 1871
10 6 1871
7 11 1872
10 11 1872
7 6 1873
10 6 1873
7 11 1874
10 11 1874
7 6 1875
10 6 1875
7 11 1876
10 11 1876
7 6 1877
10 6 1877
7 11 1878
10 11 1878
7 6 1879
10 6 1879
7 11 1880
10 11 1880
7 6 1881
10 6 1881
7 11 1882
10 11 1882
7 6 1883
10 6 1883
7 11 1884
10 11 1884
7 6 1885
10 6 1885
7 11 1886
10 11 1886
7 6 1887
10 6 1887
7 11 1888
10 11 1888
7 6 1889
10 6 1889
7 11 1890
10 11 1890
7 6 1891
10 6 1891
7 11 1892
10 11 1892
7 6 1893
10 6 1893
7 11 1894
10 11 1894
7 6 1895
10 6 1895
7 11 1896
10 11 1896
7 6 1897
10 6 1897
7 11 1898
10 11 1898
7 6 1899
10 6 1899
7 11 1900
10 11 1900
7 6 1901
10 6 1901
7 11 1902
10 11 1902
7 6 1903
10 6 1903
7 11 1904
10 11 1904
7 6 1905
10 6 1905
7 11 1906
10 11 1906
7 6 1907
10 6 1907
7 11 1908
10 11 1908
7 6 1909
10 6 1909
7 11 1910
10 11 1910
7 6 1911
10 6 1911
7 11 1912
10 11 1912
7 6 1913
10 6 1913
7 11 1914
10 11 1914
7 6 1915
10 6 1915
7 11 1916
10 11 1916
7 6 1917
10 6 1917
7 11 1918
10 11 1918
7 6 1919
10 6 1919
7 11 1920
10 11 1920
7 6 1921
10 6 1921
7 11 1922
10 11 1922
7 6 1923
10 6 1923
7 11 1924
10 11 1924
7 6 1925
10 6 1925
7 11 1926
10 11 1926
7 6 1927
10 6 1927
7 11 1928
10 11 1928
7 6 1929
10 6 1929
7 11 1930
10 11 1930
7 6 1931
10 6 1931
7 11 1932
10 11 1932
7 6 1933
10 6 1933
7 11 1934
10 11 1934
7 6 1935
10 6 1935
7 11 1936
10 11 1936
7 6 1937
10 6 1937
7 11 1938
10 11 1938
7 6 1939
10 6 1939
7 11 1940
10 11 1940
7 6 1941
10 6 1941
7 11 1942
10 11 1942
7 6 1943
10 6 1943
7 11 1944
10 11 1944
7 6 1945
10 6 1945
7 11 1946
10 11 1946
7 6 1947
10 6 1947
7 11 1948
10 11 1948
7 6 1949
10 6 1949
7 11 1950
10 11 1950
7 6 1951
10 6 1951
7 11 1952
10 11 1952
7 6 1953
10 6 1953
7 11 1954
10 11 1954
7 6 1955
10 6 1955
7 11 1956
10 11 1956
7 6 1957
10 6 1957
7 11 1958
10 11 1958
7 6 1959
10 6 1959
7 11 1960
10 11 1960
7 6 1961
10 6 1961
7 11 1962
10 11 1962
7 6 1963
10 6 1963
7 11 1964
10 11 1964
7 6 1965
10 6 1965
7 11 1966
10 11 1966
7 6 1967
10 6 1967
7 11 1968
10 11 1968
7 6 1969
10 6 1969
7 11 1970
10 11 1970
7 6 1971
10 6 1971
7 11 1972
10 11 1972
7 6 1973
10 6 1973
7 11 1974
10 11 1974
7 6 1975
10 6 1975
7 11 1976
10 11 1976
7 6 1977
10 6 1977
7 11 1978
10 11 1978
7 6 1979
10 6 1979
7 11 1980
10 11 1980
7 6 1981
10 6 1981
7 11 1982
10 11 1982
7 6 1983
10 6 1983
7 11 1984
10 11 1984
7 6 1985
10 6 1985
7 11 1986
10 11 1986
7 6 1987
10 6 1987
7 11 1988
10 11 1988
7 6 1989
10 6 1989
7 11 1990
10 11 1990
7 6 1991
10 6 1991
7 11 1992
10 11 1992
7 6 1993
10 6 1993
7 11 1994
10 11 1994
7 6 1995
10 6 1995
7 11 1996
10 11 1996
7 6 1997
10 6 1997
7 11 1998
10 11 1998
7 6 1999
10 6 1999
7 11 2000
10 11 2000
7 6 2001
10 6 2001
7 11 2002
10 11 2002
7 6 2003
10 6 2003
7 11 2004
10 11 2004
7 6 2005
10 6 2005
7 11 2006
10 11 2006
7 6 2007
10 6 2007
7 11 2008
10 11 2008
7 6 2009
10 6 2009
7 11 2010
10 11 2010
7 6 2011
10 6 2011
7 11 2012
10 11 2012
7 6 2013
10 6 2013
7 11 2014
10 11 2014
7 6 2015
10 6 2015
7 11 2016
10 11 2016
7 6 2017
10 6 2017
7 11 2018
10 11 2018
7 6 2019
10 6 2019
7 11 2020
10 11 2020
7 6 2021
10 6 2021
7 11 2022
10 11 2022
7 6 2023
10 6 2023
7 11 2024
10 11 2024
7 6 2025
10 6 2025
7 11 2026
10 11 2026
7 6 2027
10 6 2027
7 11 2028
10 11 2028
7 6 2029
10 6 2029
7 11 2030
10 11 2030
7 6 2031
10 6 2031
7 11 2032
10 11 2032
7 6 2033
10 6 2033
7 11 2034
10 11 2034
7 6 2035
10 6 2035
7 11 2036
10 11 2036
7 6 2037
10 6 2037
7 11 2038
10 11 2038
7 6 2039
10 6 2039
7 11 2040
10 11 2040
7 6 2041
10 6 2041
7 11 2042
10 11 2042
7 6 2043
10 6 2043
7 11 2044
10 11 2044
7 6 2045
10 6 2045
7 11 2046
10 11 2046
7 6 2047
10 6 2047
7 11 2048
10 11 2048
7 6 2049
10 6 2049
7 11 2050
10 11 2050
7 6 2051
10 6 2051
7 11 2052
10 11 2052
7 6 2053
10 6 2053
7 11 2054
10 11 2054
7 6 2055
10 6 2055
7 11 2056
10 11 2056
7 6 2057
10 6 2057
7 11 2058
10 11 2058
7 6 2059
10 6 2059
7 11 2060
10 11 2060
7 6 2061
10 6 2061
7 11 2062
10 11 2062
7 6 2063
10 6 2063
7 11 2064
10 11 2064
7 6 2065
10 6 2065
7 11 2066
10 11 2066
7 6 2067
10 6 2067
7 11 2068
10 11 2068
7 6 2069
10 6 2069
7 11 2070
10 11 2070
7 6 2071
10 6 2071
7 11 2072
10 11 2072
7 6 2073
10 6 2073
7 11 2074
10 11 2074
7 6 2075
10 6 2075
7 11 2076
10 11 2076
7 6 2077
10 6 2077
7 11 2078
10 11 2078
7 6 2079
10 6 2079
7 11 2080
10 11 2080
7 6 2081
10 6 2081
7 11 2082
10 11 2082
7 6 2083
10 6 2083
7 11 2084
10 11 2084
7 6 2085
10 6 2085
7 11 2086
10 11 2086
7 6 2087
10 6 2087
7 11 2088
10 11 2088
7 6 2089
10 6 2089
7 11 2090
10 11 2090
7 6 2091
10 6 2091
7 11 2092
10 11 2092
7 6 2093
10 6 2093
7 11 2094
10 11 2094
7 6 2095
10 6 2095
7 11 2096
10 11 2096
7 6 2097
10 6 2097
7 11 2098
10 11 2098
7 6 2099
10 6 2099
7 11 2100
10 11 2100
7 6 2101
10 6 2101
7 11 2102
10 11 2102
7 6 2103
10 6 2103
7 11 2104
10 11 2104
7 6 2105
10 6 2105
7 11 2106
10 11 2106
7 6 2107
10 6 2107
7 11 2108
10 11 2108
7 6 2109
10 6 2109
7 11 2110
10 11 2110
7 6 2111
10 6 2111
7 11 2112
10 11 2112
7 6 2113
10 6 2113
7 11 2114
10 11 2114
7 6 2115
10 6 2115
7 11 2116
10 11 2116
7 6 2117
10 6 2117
7 11 2118
10 11 2118
7 6 2119
10 6 2119
7 11 2120
10 11 2120
7 6 2121
10 6 2121
7 11 2122
10 11 2122
7 6 2123
10 6 2123
7 11 2124
10 11 2124
7 6 2125
10 6 2125
7 11 2126
10 11 2126
7 6 2127
10 6 2127
7 11 2128
10 11 2128
7 6 2129
10 6 2129
7 11 2130
10 11 2130
7 6 2131
10 6 2131
7 11 2132
10 11 2132
7 6 2133
10 6 2133
7 11 2134
10 11 2134
7 6 2135
10 6 2135
7 11 2136
10 11 2136
7 6 2137
10 6 2137
7 11 2138
10 11 2138
7 6 2139
10 6 2139
7 11 2140
10 11 2140
7 6 2141
10 6 2141
7 11 2142
10 11 2142
7 6 2143
10 6 2143
7 11 2144
10 11 2144
7 6 2145
10 6 2145
7 11 2146
10 11 2146
7 6 2147
10 6 2147
7 11 2148
10 11 2148
7 6 2149
10 6 2149
7 11 2150
10 11 2150
7 6 2151
10 6 2151
7 11 2152
10 11 2152
7 6 2153
10 6 2153
7 11 2154
10 11 2154
7 6 2155
10 6 2155
7 11 2156
10 11 2156
7 6 2157
10 6 2157
7 11 2158
10 11 2158
7 6 2159
10 6 2159
7 11 2160
10 11 2160
7 6 2161
10 6 2161
7 11 2162
10 11 2162
7 6 2163
10 6 2163
7 11 2164
10 11 2164
7 6 2165
10 6 2165
7 11 2166
10 11 2166
7 6 2167
10 6 2167
7 11 2168
10 11 2168
7 6 2169
10 6 2169
7 11 2170
10 11 2170
7 6 2171
10 6 2171
7 11 2172
10 11 2172
7 6 2173
10 6 2173
7 11 2174
10 11 2174
7 6 2175
10 6 2175
7 11 2176
10 11 2176
7 6 2177
10 6 2177
7 11 2178
10 11 2178
7 6 2179
10 6 2179
7 11 2180
10 11 2180
7 6 2181
10 6 2181
7 11 2182
10 11 2182
7 6 2183
10 6 2183
7 11 2184
10 11 2184
7 6 2185
10 6 2185
7 11 2186
10 11 2186
7 6 2187
10 6 2187
7 11 2188
10 11 2188
7 6 2189
10 6 2189
7 11 2190
10 11 2190
7 6 2191
10 6 2191
7 11 2192
10 11 2192
7 6 2193
10 6 2193
7 11 2194
10 11 2194
7 6 2195
10 6 2195
7 11 2196
10 11 2196
7 6 2197
10 6 2197
7 11 2198
10 11 2198
7 6 2199
10 6 2199
7 11 2200
10 11 2200
7 6 2201
10 6 2201
7 11 2202
10 11 2202
7 6 2203
10 6 2203
7 11 2204
10 11 2204
7 6 2205
10 6 2205
7 11 2206
10 11 2206
7 6 2207
10 6 2207
7 11 2208
10 11 2208
7 6 2209
10 6 2209
7 11 2210
10 11 2210
7 6 2211
10 6 2211
7 11 2212
10 11 2212
7 6 2213
10 6 2213
7 11 2214
10 11 2214
7 6 2215
10 6 2215
7 11 2216
10 11 2216
7 6 2217
10 6 2217
7 11 2218
10 11 2218
7 6 2219
10 6 2219
7 11 2220
10 11 2220
7 6 2221
10 6 2221
7 11 2222
10 11 2222
7 6 2223
10 6 2223
7 11 2224
10 11 2224
7 6 2225
10 6 2225
7 11 2226
10 11 2226
7 6 2227
10 6 2227
7 11 2228
10 11 2228
7 6 2229
10 6 2229
7 11 2230
10 11 2230
7 6 2231
10 6 2231
7 11 2232
10 11 2232
7 6 2233
10 6 2233
7 11 2234
10 11 2234
7 6 2235
10 6 2235
7 11 2236
10 11 2236
7 6 2237
10 6 2237
7 11 2238
10 11 2238
7 6 2239
10 6 2239
7 11 2240
10 11 2240
7 6 2241
10 6 2241
7 11 2242
10 11 2242
7 6 2243
10 6 2243
7 11 2244
10 11 2244
7 6 2245
10 6 2245
7 11 2246
10 11 2246
7 6 2247
10 6 2247
7 11 2248
10 11 2248
7 6 2249
10 6 2249
7 11 2250
10 11 2250
7 6 2251
10 6 2251
7 11 2252
10 11 2252
7 6 2253
10 6 2253
7 11 2254
10 11 2254
7 6 2255
10 6 2255
7 11 2256
10 11 2256
7 6 2257
10 6 2257
7 11 2258
10 11 2258
7 6 2259
10 6 2259
7 11 2260
10 11 2260
7 6 2261
10 6 2261
7 11 2262
10 11 2262
7 6 2263
10 6 2263
7 11 2264
10 11 2264
7 6 2265
10 6 2265
7 11 2266
10 11 2266
7 6 2267
10 6 2267
7 11 2268
10 11 2268
7 6 2269
10 6 2269
7 11 2270
10 11 2270
7 6 2271
10 6 2271
7 11 2272
10 11 2272
7 6 2273
10 6 2273
7 11 2274
10 11 2274
7 6 2275
10 6 2275
7 11 2276
10 11 2276
7 6 2277
10 6 2277
7 11 2278
10 11 2278
7 6 2279
10 6 2279
7 11 2280
10 11 2280
7 6 2281
10 6 2281
7 11 2282
10 11 2282
7 6 2283
10 6 2283
7 11 2284
10 11 2284
7 6 2285
10 6 2285
7 11 2286
10 11 2286
7 6 2287
10 6 2287
7 11 2288
10 11 2288
7 6 2289
10 6 2289
7 11 2290
10 11 2290
7 6 2291
10 6 2291
7 11 2292
10 11 2292
7 6 2293
10 6 2293
7 11 2294
10 11 2294
7 6 2295
10 6 2295
7 11 2296
10 11 2296
7 6 2297
10 6 2297
7 11 2298
10 11 2298
7 6 2299
10 6 2299
7 11 2300
10 11 2300
7 6 2301
10 6 2301
7 11 2302
10 11 2302
7 6 2303
10 6 2303
7 11 2304
10 11 2304
7 6 2305
10 6 2305
7 11 2306
10 11 2306
7 6 2307
10 6 2307
7 11 2308
10 11 2308
7 6 2309
10 6 2309
7 11 2310
10 11 2310
7 6 2311
10 6 2311
7 11 2312
10 11 2312
7 6 2313
10 6 2313
7 11 2314
10 11 2314
7 6 2315
10 6 2315
7 11 2316
10 11 2316
7 6 2317
10 6 2317
7 11 2318
10 11 2318
7 6 2319
10 6 2319
7 11 2320
10 11 2320
7 6 2321
10 6 2321
7 11 2322
10 11 2322
7 6 2323
10 6 2323
7 11 2324
10 11 2324
7 6 2325
10 6 2325
7 11 2326
10 11 2326
7 6 2327
10 6 2327
7 11 2328
10 11 2328
7 6 2329
10 6 2329
7 11 2330
10 11 2330
7 6 2331
10 6 2331
7 11 2332
10 11 2332
7 6 2333
10 6 2333
7 11 2334
10 11 2334
7 6 2335
10 6 2335
7 11 2336
10 11 2336
7 6 2337
10 6 2337
7 11 2338
10 11 2338
7 6 2339
10 6 2339
7 11 2340
10 11 2340
7 6 2341
10 6 2341
7 11 2342
10 11 2342
7 6 2343
10 6 2343
7 11 2344
10 11 2344
7 6 2345
10 6 2345
7 11 2346
10 11 2346
7 6 2347
10 6 2347
7 11 2348
10 11 2348
7 6 2349
10 6 2349
7 11 2350
10 11 2350
7 6 2351
10 6 2351
7 11 2352
10 11 2352
7 6 2353
10 6 2353
7 11 2354
10 11 2354
7 6 2355
10 6 2355
7 11 2356
10 11 2356
7 6 2357
10 6 2357
7 11 2358
10 11 2358
7 6 2359
10 6 2359
7 11 2360
10 11 2360
7 6 2361
10 6 2361
7 11 2362
10 11 2362
7 6 2363
10 6 2363
7 11 2364
10 11 2364
7 6 2365
10 6 2365
7 11 2366
10 11 2366
7 6 2367
10 6 2367
7 11 2368
10 11 2368
7 6 2369
10 6 2369
7 11 2370
10 11 2370
7 6 2371
10 6 2371
7 11 2372
10 11 2372
7 6 2373
10 6 2373
7 11 2374
10 11 2374
7 6 2375
10 6 2375
7 11 2376
10 11 2376
7 6 2377
10 6 2377
7 11 2378
10 11 2378
7 6 2379
10 6 2379
7 11 2380
10 11 2380
7 6 2381
10 6 2381
7 11 2382
10 11 2382
7 6 2383
10 6 2383
7 11 2384
10 11 2384
7 6 2385
10 6 2385
7 11 2386
10 11 2386
7 6 2387
10 6 2387
7 11 2388
10 11 2388
7 6 2389
10 6 2389
7 11 2390
10 11 2390
7 6 2391
10 6 2391
7 11 2392
10 11 2392
7 6 2393
10 6 2393
7 11 2394
10 11 2394
7 6 2395
10 6 2395
7 11 2396
10 11 2396
7 6 2397
10 6 2397
7 11 2398
10 11 2398
7 6 2399
10 6 2399
7 11 2400
10 11 2400
7 6 2401
10 6 2401
7 11 2402
10 11 2402
7 6 2403
10 6 2403
7 11 2404
10 11 2404
7 6 2405
10 6 2405
7 11 2406
10 11 2406
7 6 2407
10 6 2407
7 11 2408
10 11 2408
7 6 2409
10 6 2409
7 11 2410
10 11 2410
7 6 2411
10 6 2411
7 11 2412
10 11 2412
7 6 2413
10 6 2413
7 11 2414
10 11 2414
7 6 2415
10 6 2415
7 11 2416
10 11 2416
7 6 2417
10 6 2417
7 11 2418
10 11 2418
7 6 2419
10 6 2419
7 11 2420
10 11 2420
7 6 2421
10 6 2421
7 11 2422
10 11 2422
7 6 2423
10 6 2423
7 11 2424
10 11 2424
7 6 2425
10 6 2425
7 11 2426
10 11 2426
7 6 2427
10 6 2427
7 11 2428
10 11 2428
7 6 2429
10 6 2429
7 11 2430
10 11 2430
7 6 2431
10 6 2431
7 11 2432
10 11 2432
7 6 2433
10 6 2433
7 11 2434
10 11 2434
7 6 2435
10 6 2435
7 11 2436
10 11 2436
7 6 2437
10 6 2437
7 11 2438
10 11 2438
7 6 2439
10 6 2439
7 11 2440
10 11 2440
7 6 2441
10 6 2441
7 11 2442
10 11 2442
7 6 2443
10 6 2443
7 11 2444
10 11 2444
7 6 2445
10 6 2445
7 11 2446
10 11 2446
7 6 2447
10 6 2447
7 11 2448
10 11 2448
7 6 2449
10 6 2449
7 11 2450
10 11 2450
7 6 2451
10 6 2451
7 11 2452
10 11 2452
7 6 2453
10 6 2453
7 11 2454
10 11 2454
7 6 2455
10 6 2455
7 11 2456
10 11 2456
7 6 2457
10 6 2457
7 11 2458
10 11 2458
7 6 2459
10 6 2459
7 11 2460
10 11 2460
7 6 2461
10 6 2461
7 11 2462
10 11 2462
7 6 2463
10 6 2463
7 11 2464
10 11 2464
7 6 2465
10 6 2465
7 11 2466
10 11 2466
7 6 2467
10 6 2467
7 11 2468
10 11 2468
7 6 2469
10 6 2469
7 11 2470
10 11 2470
7 6 2471
10 6 2471
7 11 2472
10 11 2472
7 6 2473
10 6 2473
7 11 2474
10 11 2474
7 6 2475
10 6 2475
7 11 2476
10 11 2476
7 6 2477
10 6 2477
7 11 2478
10 11 2478
7 6 2479
10 6 2479
7 11 2480
10 11 2480
7 6 2481
10 6 2481
7 11 2482
10 11 2482
7 6 2483
10 6 2483
7 11 2484
10 11 2484
7 6 2485
10 6 2485
7 11 2486
10 11 2486
7 6 2487
10 6 2487
7 11 2488
10 11 2488
7 6 2489
10 6 2489
7 11 2490
10 11 2490
7 6 2491
10 6 2491
7 11 2492
10 11 2492
7 6 2493
10 6 2493
7 11 2494
10 11 2494
7 6 2495
10 6 2495
7 11 2496
10 11 2496
7 6 2497
10 6 2497
7 11 2498
10 11 2498
7 6 2499
10 6 2499
7 11 2500
10 11 2500
7 6 2501
10 6 2501
7 11 2502
10 11 2502
7 6 2503
10 6 2503
7 11 2504
10 11 2504
7 6 2505
10 6 2505
7 11 2506
10 11 2506
7 6 2507
10 6 2507
7 11 2508
10 11 2508
7 6 2509
10 6 2509
7 11 2510
10 11 2510
7 6 2511
10 6 2511
7 11 2512
10 11 2512
7 6 2513
10 6 2513
7 11 2514
10 11 2514
7 6 2515
10 6 2515
7 11 2516
10 11 2516
7 6 2517
10 6 2517
7 11 2518
10 11 2518
7 6 2519
10 6 2519
7 11 2520
10 11 2520
7 6 2521
10 6 2521
7 11 2522
10 11 2522
7 6 2523
10 6 2523
7 11 2524
10 11 2524
7 6 2525
10 6 2525
7 11 2526
10 11 2526
7 6 2527
10 6 2527
7 11 2528
10 11 2528
7 6 2529
10 6 2529
7 11 2530
10 11 2530
7 6 2531
10 6 2531
7 11 2532
10 11 2532
7 6 2533
10 6 2533
7 11 2534
10 11 2534
7 6 2535
10 6 2535
7 11 2536
10 11 2536
7 6 2537
10 6 2537
7 11 2538
10 11 2538
7 6 2539
10 6 2539
7 11 2540
10 11 2540
7 6 2541
10 6 2541
7 11 2542
10 11 2542
7 6 2543
10 6 2543
7 11 2544
10 11 2544
7 6 2545
10 6 2545
7 11 2546
10 11 2546
7 6 2547
10 6 2547
7 11 2548
10 11 2548
7 6 2549
10 6 2549
7 11 2550
10 11 2550
7 6 2551
10 6 2551
7 11 2552
10 11 2552
7 6 2553
10 6 2553
7 11 2554
10 11 2554
7 6 2555
10 6 2555
7 11 2556
10 11 2556
7 6 2557
10 6 2557
7 11 2558
10 11 2558
7 6 2559
10 6 2559
7 11 2560
10 11 2560
7 6 2561
10 6 2561
7 11 2562
10 11 2562
7 6 2563
10 6 2563
7 11 2564
10 11 2564
7 6 2565
10 6 2565
7 11 2566
10 11 2566
7 6 2567
10 6 2567
7 11 2568
10 11 2568
7 6 2569
10 6 2569
7 11 2570
10 11 2570
7 6 2571
10 6 2571
7 11 2572
10 11 2572
7 6 2573
10 6 2573
7 11 2574
10 11 2574
7 6 2575
10 6 2575
7 11 2576
10 11 2576
7 6 2577
10 6 2577
7 11 2578
10 11 2578
7 6 2579
10 6 2579
7 11 2580
10 11 2580
7 6 2581
10 6 2581
7 11 2582
10 11 2582
7 6 2583
10 6 2583
7 11 2584
10 11 2584
7 6 2585
10 6 2585
7 11 2586
10 11 2586
7 6 2587
10 6 2587
7 11 2588
10 11 2588
7 6 2589
10 6 2589
7 11 2590
10 11 2590
7 6 2591
10 6 2591
7 11 2592
10 11 2592
7 6 2593
10 6 2593
7 11 2594
10 11 2594
7 6 2595
10 6 2595
7 11 2596
10 11 2596
7 6 2597
10 6 2597
7 11 2598
10 11 2598
7 6 2599
10 6 2599
7 11 2600
10 11 2600
7 6 2601
10 6 2601
7 11 2602
10 11 2602
7 6 2603
10 6 2603
7 11 2604
10 11 2604
7 6 2605
10 6 2605
7 11 2606
10 11 2606
7 6 2607
10 6 2607
7 11 2608
10 11 2608
7 6 2609
10 6 2609
7 11 2610
10 11 2610
7 6 2611
10 6 2611
7 11 2612
10 11 2612
7 6 2613
10 6 2613
7 11 2614
10 11 2614
7 6 2615
10 6 2615
7 11 2616
10 11 2616
7 6 2617
10 6 2617
7 11 2618
10 11 2618
7 6 2619
10 6 2619
7 11 2620
10 11 2620
7 6 2621
10 6 2621
7 11 2622
10 11 2622
