6 9 1
11 9 1
6 15 2
11 15 2
6 9 3
11 9 3
6 15 4
11 15 4
6 9 5
11 9 5
6 15 6
11 15 6
6 9 7
11 9 7
6 15 8
11 15 8
6 9 9
11 9 9
6 15 10
11 15 10
6 9 11
11 9 11
6 15 12
11 15 12
6 9 13
11 9 13
6 15 14
11 15 14
6 9 15
11 9 15
6 15 16
11 15 16
6 9 17
11 9 17
6 15 18
11 15 18
6 9 19
11 9 19
6 15 20
11 15 20
6 9 21
11 9 21
6 15 22
11 15 22
6 9 23
11 9 23
6 15 24
11 15 24
6 9 25
11 9 25
6 15 26
11 15 26
6 9 27
11 9 27
6 15 28
11 15 28
6 9 29
11 9 29
6 15 30
11 15 30
6 9 31
11 9 31
6 15 32
11 15 32
6 9 33
11 9 33
6 15 34
11 15 34
6 9 35
11 9 35
6 15 36
11 15 36
6 9 37
11 9 37
6 15 38
11 15 38
6 9 39
11 9 39
6 15 40
11 15 40
6 9 41
11 9 41
6 15 42
11 15 42
6 9 43
11 9 43
6 15 44
11 15 44
6 9 45
11 9 45
6 15 46
11 15 46
6 9 47
11 9 47
6 15 48
11 15 48
6 9 49
11 9 49
6 15 50
11 15 50
6 9 51
11 9 51
6 15 52
11 15 52
6 9 53
11 9 53
6 15 54
11 15 54
6 9 55
11 9 55
6 15 56
11 15 56
6 9 57
11 9 57
6 15 58
11 15 58
6 9 59
11 9 59
6 15 60
11 15 60
6 9 61
11 9 61
6 15 62
11 15 62
6 9 63
11 9 63
6 15 64
11 15 64
6 9 65
11 9 65
6 15 66
11 15 66
6 9 67
11 9 67
6 15 68
11 15 68
6 9 69
11 9 69
6 15 70
11 15 70
6 9 71
11 9 71
6 15 72
11 15 72
6 9 73
11 9 73
6 15 74
11 15 74
6 9 75
11 9 75
6 15 76
11 15 76
6 9 77
11 9 77
6 15 78
11 15 78
6 9 79
11 9 79
6 15 80
11 15 80
6 9 81
11 9 81
6 15 82
11 15 82
6 9 83
11 9 83
6 15 84
11 15 84
6 9 85
11 9 85
6 15 86
11 15 86
6 9 87
11 9 87
6 15 88
11 15 88
6 9 89
11 9 89
6 15 90
11 15 90
6 9 91
11 9 91
6 15 92
11 15 92
6 9 93
11 9 93
6 15 94
11 15 94
6 9 95
11 9 95
6 15 96
11 15 96
6 9 97
11 9 97
6 15 98
11 15 98
6 9 99
11 9 99
6 15 100
11 15 100
6 9 101
11 9 101
6 15 102
11 15 102
6 9 103
11 9 103
6 15 104
11 15 104
6 9 105
11 9 105
6 15 106
11 15 106
6 9 107
11 9 107
6 15 108
11 15 108
6 9 109
11 9 109
6 15 110
11 15 110
6 9 111
11 9 111
6 15 112
11 15 112
6 9 113
11 9 113
6 15 114
11 15 114
6 9 115
11 9 115
6 15 116
11 15 116
6 9 117
11 9 117
6 15 118
11 15 118
6 9 119
11 9 119
6 15 120
11 15 120
6 9 121
11 9 121
6 15 122
11 15 122
6 9 123
11 9 123
6 15 124
11 15 124
6 9 125
11 9 125
6 15 126
11 15 126
6 9 127
11 9 127
6 15 128
11 15 128
6 9 129
11 9 129
6 15 130
11 15 130
6 9 131
11 9 131
6 15 132
11 15 132
6 9 133
11 9 133
6 15 134
11 15 134
6 9 135
11 9 135
6 15 136
11 15 136
6 9 137
11 9 137
6 15 138
11 15 138
6 9 139
11 9 139
6 15 140
11 15 140
6 9 141
11 9 141
6 15 142
11 15 142
6 9 143
11 9 143
6 15 144
11 15 144
6 9 145
11 9 145
6 15 146
11 15 146
6 9 147
11 9 147
6 15 148
11 15 148
6 9 149
11 9 149
6 15 150
11 15 150
6 9 151
11 9 151
6 15 152
11 15 152
6 9 153
11 9 153
6 15 154
11 15 154
6 9 155
11 9 155
6 15 156
11 15 156
6 9 157
11 9 157
6 15 158
11 15 158
6 9 159
11 9 159
6 15 160
11 15 160
6 9 161
11 9 161
6 15 162
11 15 162
6 9 163
11 9 163
6 15 164
11 15 164
6 9 165
11 9 165
6 15 166
11 15 166
6 9 167
11 9 167
6 15 168
11 15 168
6 9 169
11 9 169
6 15 170
11 15 170
6 9 171
11 9 171
6 15 172
11 15 172
6 9 173
11 9 173
6 15 174
11 15 174
6 9 175
11 9 175
6 15 176
11 15 176
6 9 177
11 9 177
6 15 178
11 15 178
6 9 179
11 9 179
6 15 180
11 15 180
6 9 181
11 9 181
6 15 182
11 15 182
6 9 183
11 9 183
6 15 184
11 15 184
6 9 185
11 9 185
6 15 186
11 15 186
6 9 187
11 9 187
6 15 188
11 15 188
6 9 189
11 9 189
6 15 190
11 15 190
6 9 191
11 9 191
6 15 192
11 15 192
6 9 193
11 9 193
6 15 194
11 15 194
6 9 195
11 9 195
6 15 196
11 15 196
6 9 197
11 9 197
6 15 198
11 15 198
6 9 199
11 9 199
6 15 200
11 15 200
6 9 201
11 9 201
6 15 202
11 15 202
6 9 203
11 9 203
6 15 204
11 15 204
6 9 205
11 9 205
6 15 206
11 15 206
6 9 207
11 9 207
6 15 208
11 15 208
6 9 209
11 9 209
6 15 210
11 15 210
6 9 211
11 9 211
6 15 212
11 15 212
6 9 213
11 9 213
6 15 214
11 15 214
6 9 215
11 9 215
6 15 216
11 15 216
6 9 217
11 9 217
6 15 218
11 15 218
6 9 219
11 9 219
6 15 220
11 15 220
6 9 221
11 9 221
6 15 222
11 15 222
6 9 223
11 9 223
6 15 224
11 15 224
6 9 225
11 9 225
6 15 226
11 15 226
6 9 227
11 9 227
6 15 228
11 15 228
6 9 229
11 9 229
6 15 230
11 15 230
6 9 231
11 9 231
6 15 232
11 15 232
6 9 233
11 9 233
6 15 234
11 15 234
6 9 235
11 9 235
6 15 236
11 15 236
6 9 237
11 9 237
6 15 238
11 15 238
6 9 239
11 9 239
6 15 240
11 15 240
6 9 241
11 9 241
6 15 242
11 15 242
6 9 243
11 9 243
6 15 244
11 15 244
6 9 245
11 9 245
6 15 246
11 15 246
6 9 247
11 9 247
6 15 248
11 15 248
6 9 249
11 9 249
6 15 250
11 15 250
6 9 251
11 9 251
6 15 252
11 15 252
6 9 253
11 9 253
6 15 254
11 15 254
6 9 255
11 9 255
6 15 256
11 15 256
6 9 257
11 9 257
6 15 258
11 15 258
6 9 259
11 9 259
6 15 260
11 15 260
6 9 261
11 9 261
6 15 262
11 15 262
6 9 263
11 9 263
6 15 264
11 15 264
6 9 265
11 9 265
6 15 266
11 15 266
6 9 267
11 9 267
6 15 268
11 15 268
6 9 269
11 9 269
6 15 270
11 15 270
6 9 271
11 9 271
6 15 272
11 15 272
6 9 273
11 9 273
6 15 274
11 15 274
6 9 275
11 9 275
6 15 276
11 15 276
6 9 277
11 9 277
6 15 278
11 15 278
6 9 279
11 9 279
6 15 280
11 15 280
6 9 281
11 9 281
6 15 282
11 15 282
6 9 283
11 9 283
6 15 284
11 15 284
6 9 285
11 9 285
6 15 286
11 15 286
6 9 287
11 9 287
6 15 288
11 15 288
6 9 289
11 9 289
6 15 290
11 15 290
6 9 291
11 9 291
6 15 292
11 15 292
6 9 293
11 9 293
6 15 294
11 15 294
6 9 295
11 9 295
6 15 296
11 15 296
6 9 297
11 9 297
6 15 298
11 15 298
6 9 299
11 9 299
6 15 300
11 15 300
6 9 301
11 9 301
6 15 302
11 15 302
6 9 303
11 9 303
6 15 304
11 15 304
6 9 305
11 9 305
6 15 306
11 15 306
6 9 307
11 9 307
6 15 308
11 15 308
6 9 309
11 9 309
6 15 310
11 15 310
6 9 311
11 9 311
6 15 312
11 15 312
6 9 313
11 9 313
6 15 314
11 15 314
6 9 315
11 9 315
6 15 316
11 15 316
6 9 317
11 9 317
6 15 318
11 15 318
6 9 319
11 9 319
6 15 320
11 15 320
6 9 321
11 9 321
6 15 322
11 15 322
6 9 323
11 9 323
6 15 324
11 15 324
6 9 325
11 9 325
6 15 326
11 15 326
6 9 327
11 9 327
6 15 328
11 15 328
6 9 329
11 9 329
6 15 330
11 15 330
6 9 331
11 9 331
6 15 332
11 15 332
6 9 333
11 9 333
6 15 334
11 15 334
6 9 335
11 9 335
6 15 336
11 15 336
6 9 337
11 9 337
6 15 338
11 15 338
6 9 339
11 9 339
6 15 340
11 15 340
6 9 341
11 9 341
6 15 342
11 15 342
6 9 343
11 9 343
6 15 344
11 15 344
6 9 345
11 9 345
6 15 346
11 15 346
6 9 347
11 9 347
6 15 348
11 15 348
6 9 349
11 9 349
6 15 350
11 15 350
6 9 351
11 9 351
6 15 352
11 15 352
6 9 353
11 9 353
6 15 354
11 15 354
6 9 355
11 9 355
6 15 356
11 15 356
6 9 357
11 9 357
6 15 358
11 15 358
6 9 359
11 9 359
6 15 360
11 15 360
6 9 361
11 9 361
6 15 362
11 15 362
6 9 363
11 9 363
6 15 364
11 15 364
6 9 365
11 9 365
6 15 366
11 15 366
6 9 367
11 9 367
6 15 368
11 15 368
6 9 369
11 9 369
6 15 370
11 15 370
6 9 371
11 9 371
6 15 372
11 15 372
6 9 373
11 9 373
6 15 374
11 15 374
6 9 375
11 9 375
6 15 376
11 15 376
6 9 377
11 9 377
6 15 378
11 15 378
6 9 379
11 9 379
6 15 380
11 15 380
6 9 381
11 9 381
6 15 382
11 15 382
6 9 383
11 9 383
6 15 384
11 15 384
6 9 385
11 9 385
6 15 386
11 15 386
6 9 387
11 9 387
6 15 388
11 15 388
6 9 389
11 9 389
6 15 390
11 15 390
6 9 391
11 9 391
6 15 392
11 15 392
6 9 393
11 9 393
6 15 394
11 15 394
6 9 395
11 9 395
6 15 396
11 15 396
6 9 397
11 9 397
6 15 398
11 15 398
6 9 399
11 9 399
6 15 400
11 15 400
6 9 401
11 9 401
6 15 402
11 15 402
6 9 403
11 9 403
6 15 404
11 15 404
6 9 405
11 9 405
6 15 406
11 15 406
6 9 407
11 9 407
6 15 408
11 15 408
6 9 409
11 9 409
6 15 410
11 15 410
6 9 411
11 9 411
6 15 412
11 15 412
6 9 413
11 9 413
6 15 414
11 15 414
6 9 415
11 9 415
6 15 416
11 15 416
6 9 417
11 9 417
6 15 418
11 15 418
6 9 419
11 9 419
6 15 420
11 15 420
6 9 421
11 9 421
6 15 422
11 15 422
6 9 423
11 9 423
6 15 424
11 15 424
6 9 425
11 9 425
6 15 426
11 15 426
6 9 427
11 9 427
6 15 428
11 15 428
6 9 429
11 9 429
6 15 430
11 15 430
6 9 431
11 9 431
6 15 432
11 15 432
6 9 433
11 9 433
6 15 434
11 15 434
6 9 435
11 9 435
6 15 436
11 15 436
6 9 437
11 9 437
6 15 438
11 15 438
6 9 439
11 9 439
6 15 440
11 15 440
6 9 441
11 9 441
6 15 442
11 15 442
6 9 443
11 9 443
6 15 444
11 15 444
6 9 445
11 9 445
6 15 446
11 15 446
6 9 447
11 9 447
6 15 448
11 15 448
6 9 449
11 9 449
6 15 450
11 15 450
6 9 451
11 9 451
6 15 452
11 15 452
6 9 453
11 9 453
6 15 454
11 15 454
6 9 455
11 9 455
6 15 456
11 15 456
6 9 457
11 9 457
6 15 458
11 15 458
6 9 459
11 9 459
6 15 460
11 15 460
6 9 461
11 9 461
6 15 462
11 15 462
6 9 463
11 9 463
6 15 464
11 15 464
6 9 465
11 9 465
6 15 466
11 15 466
6 9 467
11 9 467
6 15 468
11 15 468
6 9 469
11 9 469
6 15 470
11 15 470
6 9 471
11 9 471
6 15 472
11 15 472
6 9 473
11 9 473
6 15 474
11 15 474
6 9 475
11 9 475
6 15 476
11 15 476
6 9 477
11 9 477
6 15 478
11 15 478
6 9 479
11 9 479
6 15 480
11 15 480
6 9 481
11 9 481
6 15 482
11 15 482
6 9 483
11 9 483
6 15 484
11 15 484
6 9 485
11 9 485
6 15 486
11 15 486
6 9 487
11 9 487
6 15 488
11 15 488
6 9 489
11 9 489
6 15 490
11 15 490
6 9 491
11 9 491
6 15 492
11 15 492
6 9 493
11 9 493
6 15 494
11 15 494
6 9 495
11 9 495
6 15 496
11 15 496
6 9 497
11 9 497
6 15 498
11 15 498
6 9 499
11 9 499
6 15 500
11 15 500
6 9 501
11 9 501
6 15 502
11 15 502
6 9 503
11 9 503
6 15 504
11 15 504
6 9 505
11 9 505
6 15 506
11 15 506
6 9 507
11 9 507
6 15 508
11 15 508
6 9 509
11 9 509
6 15 510
11 15 510
6 9 511
11 9 511
6 15 512
11 15 512
6 9 513
11 9 513
6 15 514
11 15 514
6 9 515
11 9 515
6 15 516
11 15 516
6 9 517
11 9 517
6 15 518
11 15 518
6 9 519
11 9 519
6 15 520
11 15 520
6 9 521
11 9 521
6 15 522
11 15 522
6 9 523
11 9 523
6 15 524
11 15 524
6 9 525
11 9 525
6 15 526
11 15 526
6 9 527
11 9 527
6 15 528
11 15 528
6 9 529
11 9 529
6 15 530
11 15 530
6 9 531
11 9 531
6 15 532
11 15 532
6 9 533
11 9 533
6 15 534
11 15 534
6 9 535
11 9 535
6 15 536
11 15 536
6 9 537
11 9 537
6 15 538
11 15 538
6 9 539
11 9 539
6 15 540
11 15 540
6 9 541
11 9 541
6 15 542
11 15 542
6 9 543
11 9 543
6 15 544
11 15 544
6 9 545
11 9 545
6 15 546
11 15 546
6 9 547
11 9 547
6 15 548
11 15 548
6 9 549
11 9 549
6 15 550
11 15 550
6 9 551
11 9 551
6 15 552
11 15 552
6 9 553
11 9 553
6 15 554
11 15 554
6 9 555
11 9 555
6 15 556
11 15 556
6 9 557
11 9 557
6 15 558
11 15 558
6 9 559
11 9 559
6 15 560
11 15 560
6 9 561
11 9 561
6 15 562
11 15 562
6 9 563
11 9 563
6 15 564
11 15 564
6 9 565
11 9 565
6 15 566
11 15 566
6 9 567
11 9 567
6 15 568
11 15 568
6 9 569
11 9 569
6 15 570
11 15 570
6 9 571
11 9 571
6 15 572
11 15 572
6 9 573
11 9 573
6 15 574
11 15 574
6 9 575
11 9 575
6 15 576
11 15 576
6 9 577
11 9 577
6 15 578
11 15 578
6 9 579
11 9 579
6 15 580
11 15 580
6 9 581
11 9 581
6 15 582
11 15 582
6 9 583
11 9 583
6 15 584
11 15 584
6 9 585
11 9 585
6 15 586
11 15 586
6 9 587
11 9 587
6 15 588
11 15 588
6 9 589
11 9 589
6 15 590
11 15 590
6 9 591
11 9 591
6 15 592
11 15 592
6 9 593
11 9 593
6 15 594
11 15 594
6 9 595
11 9 595
6 15 596
11 15 596
6 9 597
11 9 597
6 15 598
11 15 598
6 9 599
11 9 599
6 15 600
11 15 600
6 9 601
11 9 601
6 15 602
11 15 602
6 9 603
11 9 603
6 15 604
11 15 604
6 9 605
11 9 605
6 15 606
11 15 606
6 9 607
11 9 607
6 15 608
11 15 608
6 9 609
11 9 609
6 15 610
11 15 610
6 9 611
11 9 611
6 15 612
11 15 612
6 9 613
11 9 613
6 15 614
11 15 614
6 9 615
11 9 615
6 15 616
11 15 616
6 9 617
11 9 617
6 15 618
11 15 618
6 9 619
11 9 619
6 15 620
11 15 620
6 9 621
11 9 621
6 15 622
11 15 622
6 9 623
11 9 623
6 15 624
11 15 624
6 9 625
11 9 625
6 15 626
11 15 626
6 9 627
11 9 627
6 15 628
11 15 628
6 9 629
11 9 629
6 15 630
11 15 630
6 9 631
11 9 631
6 15 632
11 15 632
6 9 633
11 9 633
6 15 634
11 15 634
6 9 635
11 9 635
6 15 636
11 15 636
6 9 637
11 9 637
6 15 638
11 15 638
6 9 639
11 9 639
6 15 640
11 15 640
6 9 641
11 9 641
6 15 642
11 15 642
6 9 643
11 9 643
6 15 644
11 15 644
6 9 645
11 9 645
6 15 646
11 15 646
6 9 647
11 9 647
6 15 648
11 15 648
6 9 649
11 9 649
6 15 650
11 15 650
6 9 651
11 9 651
6 15 652
11 15 652
6 9 653
11 9 653
6 15 654
11 15 654
6 9 655
11 9 655
6 15 656
11 15 656
6 9 657
11 9 657
6 15 658
11 15 658
6 9 659
11 9 659
6 15 660
11 15 660
6 9 661
11 9 661
6 15 662
11 15 662
6 9 663
11 9 663
6 15 664
11 15 664
6 9 665
11 9 665
6 15 666
11 15 666
6 9 667
11 9 667
6 15 668
11 15 668
6 9 669
11 9 669
6 15 670
11 15 670
6 9 671
11 9 671
6 15 672
11 15 672
6 9 673
11 9 673
6 15 674
11 15 674
6 9 675
11 9 675
6 15 676
11 15 676
6 9 677
11 9 677
6 15 678
11 15 678
6 9 679
11 9 679
6 15 680
11 15 680
6 9 681
11 9 681
6 15 682
11 15 682
6 9 683
11 9 683
6 15 684
11 15 684
6 9 685
11 9 685
6 15 686
11 15 686
6 9 687
11 9 687
6 15 688
11 15 688
6 9 689
11 9 689
6 15 690
11 15 690
6 9 691
11 9 691
6 15 692
11 15 692
6 9 693
11 9 693
6 15 694
11 15 694
6 9 695
11 9 695
6 15 696
11 15 696
6 9 697
11 9 697
6 15 698
11 15 698
6 9 699
11 9 699
6 15 700
11 15 700
6 9 701
11 9 701
6 15 702
11 15 702
6 9 703
11 9 703
6 15 704
11 15 704
6 9 705
11 9 705
6 15 706
11 15 706
6 9 707
11 9 707
6 15 708
11 15 708
6 9 709
11 9 709
6 15 710
11 15 710
6 9 711
11 9 711
6 15 712
11 15 712
6 9 713
11 9 713
6 15 714
11 15 714
6 9 715
11 9 715
6 15 716
11 15 716
6 9 717
11 9 717
6 15 718
11 15 718
6 9 719
11 9 719
6 15 720
11 15 720
6 9 721
11 9 721
6 15 722
11 15 722
6 9 723
11 9 723
6 15 724
11 15 724
6 9 725
11 9 725
6 15 726
11 15 726
6 9 727
11 9 727
6 15 728
11 15 728
6 9 729
11 9 729
6 15 730
11 15 730
6 9 731
11 9 731
6 15 732
11 15 732
6 9 733
11 9 733
6 15 734
11 15 734
6 9 735
11 9 735
6 15 736
11 15 736
6 9 737
11 9 737
6 15 738
11 15 738
6 9 739
11 9 739
6 15 740
11 15 740
6 9 741
11 9 741
6 15 742
11 15 742
6 9 743
11 9 743
6 15 744
11 15 744
6 9 745
11 9 745
6 15 746
11 15 746
6 9 747
11 9 747
6 15 748
11 15 748
6 9 749
11 9 749
6 15 750
11 15 750
6 9 751
11 9 751
6 15 752
11 15 752
6 9 753
11 9 753
6 15 754
11 15 754
6 9 755
11 9 755
6 15 756
11 15 756
6 9 757
11 9 757
6 15 758
11 15 758
6 9 759
11 9 759
6 15 760
11 15 760
6 9 761
11 9 761
6 15 762
11 15 762
6 9 763
11 9 763
6 15 764
11 15 764
6 9 765
11 9 765
6 15 766
11 15 766
6 9 767
11 9 767
6 15 768
11 15 768
6 9 769
11 9 769
6 15 770
11 15 770
6 9 771
11 9 771
6 15 772
11 15 772
6 9 773
11 9 773
6 15 774
11 15 774
6 9 775
11 9 775
6 15 776
11 15 776
6 9 777
11 9 777
6 15 778
11 15 778
6 9 779
11 9 779
6 15 780
11 15 780
6 9 781
11 9 781
6 15 782
11 15 782
6 9 783
11 9 783
6 15 784
11 15 784
6 9 785
11 9 785
6 15 786
11 15 786
6 9 787
11 9 787
6 15 788
11 15 788
6 9 789
11 9 789
6 15 790
11 15 790
6 9 791
11 9 791
6 15 792
11 15 792
6 9 793
11 9 793
6 15 794
11 15 794
6 9 795
11 9 795
6 15 796
11 15 796
6 9 797
11 9 797
6 15 798
11 15 798
6 9 799
11 9 799
6 15 800
11 15 800
6 9 801
11 9 801
6 15 802
11 15 802
6 9 803
11 9 803
6 15 804
11 15 804
6 9 805
11 9 805
6 15 806
11 15 806
6 9 807
11 9 807
6 15 808
11 15 808
6 9 809
11 9 809
6 15 810
11 15 810
6 9 811
11 9 811
6 15 812
11 15 812
6 9 813
11 9 813
6 15 814
11 15 814
6 9 815
11 9 815
6 15 816
11 15 816
6 9 817
11 9 817
6 15 818
11 15 818
6 9 819
11 9 819
6 15 820
11 15 820
6 9 821
11 9 821
6 15 822
11 15 822
6 9 823
11 9 823
6 15 824
11 15 824
6 9 825
11 9 825
6 15 826
11 15 826
6 9 827
11 9 827
6 15 828
11 15 828
6 9 829
11 9 829
6 15 830
11 15 830
6 9 831
11 9 831
6 15 832
11 15 832
6 9 833
11 9 833
6 15 834
11 15 834
6 9 835
11 9 835
6 15 836
11 15 836
6 9 837
11 9 837
6 15 838
11 15 838
6 9 839
11 9 839
6 15 840
11 15 840
6 9 841
11 9 841
6 15 842
11 15 842
6 9 843
11 9 843
6 15 844
11 15 844
6 9 845
11 9 845
6 15 846
11 15 846
6 9 847
11 9 847
6 15 848
11 15 848
6 9 849
11 9 849
6 15 850
11 15 850
6 9 851
11 9 851
6 15 852
11 15 852
6 9 853
11 9 853
6 15 854
11 15 854
6 9 855
11 9 855
6 15 856
11 15 856
6 9 857
11 9 857
6 15 858
11 15 858
6 9 859
11 9 859
6 15 860
11 15 860
6 9 861
11 9 861
6 15 862
11 15 862
6 9 863
11 9 863
6 15 864
11 15 864
6 9 865
11 9 865
6 15 866
11 15 866
6 9 867
11 9 867
6 15 868
11 15 868
6 9 869
11 9 869
6 15 870
11 15 870
6 9 871
11 9 871
6 15 872
11 15 872
6 9 873
11 9 873
6 15 874
11 15 874
6 9 875
11 9 875
6 15 876
11 15 876
6 9 877
11 9 877
6 15 878
11 15 878
6 9 879
11 9 879
6 15 880
11 15 880
6 9 881
11 9 881
6 15 882
11 15 882
6 9 883
11 9 883
6 15 884
11 15 884
6 9 885
11 9 885
6 15 886
11 15 886
6 9 887
11 9 887
6 15 888
11 15 888
6 9 889
11 9 889
6 15 890
11 15 890
6 9 891
11 9 891
6 15 892
11 15 892
6 9 893
11 9 893
6 15 894
11 15 894
6 9 895
11 9 895
6 15 896
11 15 896
6 9 897
11 9 897
6 15 898
11 15 898
6 9 899
11 9 899
6 15 900
11 15 900
6 9 901
11 9 901
6 15 902
11 15 902
6 9 903
11 9 903
6 15 904
11 15 904
6 9 905
11 9 905
6 15 906
11 15 906
6 9 907
11 9 907
6 15 908
11 15 908
6 9 909
11 9 909
6 15 910
11 15 910
6 9 911
11 9 911
6 15 912
11 15 912
6 9 913
11 9 913
6 15 914
11 15 914
6 9 915
11 9 915
6 15 916
11 15 916
6 9 917
11 9 917
6 15 918
11 15 918
6 9 919
11 9 919
6 15 920
11 15 920
6 9 921
11 9 921
6 15 922
11 15 922
6 9 923
11 9 923
6 15 924
11 15 924
6 9 925
11 9 925
6 15 926
11 15 926
6 9 927
11 9 927
6 15 928
11 15 928
6 9 929
11 9 929
6 15 930
11 15 930
6 9 931
11 9 931
6 15 932
11 15 932
6 9 933
11 9 933
6 15 934
11 15 934
6 9 935
11 9 935
6 15 936
11 15 936
6 9 937
11 9 937
6 15 938
11 15 938
6 9 939
11 9 939
6 15 940
11 15 940
6 9 941
11 9 941
6 15 942
11 15 942
6 9 943
11 9 943
6 15 944
11 15 944
6 9 945
11 9 945
6 15 946
11 15 946
6 9 947
11 9 947
6 15 948
11 15 948
6 9 949
11 9 949
6 15 950
11 15 950
6 9 951
11 9 951
6 15 952
11 15 952
6 9 953
11 9 953
6 15 954
11 15 954
6 9 955
11 9 955
6 15 956
11 15 956
6 9 957
11 9 957
6 15 958
11 15 958
6 9 959
11 9 959
6 15 960
11 15 960
6 9 961
11 9 961
6 15 962
11 15 962
6 9 963
11 9 963
6 15 964
11 15 964
6 9 965
11 9 965
6 15 966
11 15 966
6 9 967
11 9 967
6 15 968
11 15 968
6 9 969
11 9 969
6 15 970
11 15 970
6 9 971
11 9 971
6 15 972
11 15 972
6 9 973
11 9 973
6 15 974
11 15 974
6 9 975
11 9 975
6 15 976
11 15 976
6 9 977
11 9 977
6 15 978
11 15 978
6 9 979
11 9 979
6 15 980
11 15 980
6 9 981
11 9 981
6 15 982
11 15 982
6 9 983
11 9 983
6 15 984
11 15 984
6 9 985
11 9 985
6 15 986
11 15 986
6 9 987
11 9 987
6 15 988
11 15 988
6 9 989
11 9 989
6 15 990
11 15 990
6 9 991
11 9 991
6 15 992
11 15 992
6 9 993
11 9 993
6 15 994
11 15 994
6 9 995
11 9 995
6 15 996
11 15 996
6 9 997
11 9 997
6 15 998
11 15 998
6 9 999
11 9 999
6 15 1000
11 15 1000
6 9 1001
11 9 1001
6 15 1002
11 15 1002
6 9 1003
11 9 1003
6 15 1004
11 15 1004
6 9 1005
11 9 1005
6 15 1006
11 15 1006
6 9 1007
11 9 1007
6 15 1008
11 15 1008
6 9 1009
11 9 1009
6 15 1010
11 15 1010
6 9 1011
11 9 1011
6 15 1012
11 15 1012
6 9 1013
11 9 1013
6 15 1014
11 15 1014
6 9 1015
11 9 1015
6 15 1016
11 15 1016
6 9 1017
11 9 1017
6 15 1018
11 15 1018
6 9 1019
11 9 1019
6 15 1020
11 15 1020
6 9 1021
11 9 1021
6 15 1022
11 15 1022
6 9 1023
11 9 1023
6 15 1024
11 15 1024
6 9 1025
11 9 1025
6 15 1026
11 15 1026
6 9 1027
11 9 1027
6 15 1028
11 15 1028
6 9 1029
11 9 1029
6 15 1030
11 15 1030
6 9 1031
11 9 1031
6 15 1032
11 15 1032
6 9 1033
11 9 1033
6 15 1034
11 15 1034
6 9 1035
11 9 1035
6 15 1036
11 15 1036
6 9 1037
11 9 1037
6 15 1038
11 15 1038
6 9 1039
11 9 1039
6 15 1040
11 15 1040
6 9 1041
11 9 1041
6 15 1042
11 15 1042
6 9 1043
11 9 1043
6 15 1044
11 15 1044
6 9 1045
11 9 1045
6 15 1046
11 15 1046
6 9 1047
11 9 1047
6 15 1048
11 15 1048
6 9 1049
11 9 1049
6 15 1050
11 15 1050
6 9 1051
11 9 1051
6 15 1052
11 15 1052
6 9 1053
11 9 1053
6 15 1054
11 15 1054
6 9 1055
11 9 1055
6 15 1056
11 15 1056
6 9 1057
11 9 1057
6 15 1058
11 15 1058
6 9 1059
11 9 1059
6 15 1060
11 15 1060
6 9 1061
11 9 1061
6 15 1062
11 15 1062
6 9 1063
11 9 1063
6 15 1064
11 15 1064
6 9 1065
11 9 1065
6 15 1066
11 15 1066
6 9 1067
11 9 1067
6 15 1068
11 15 1068
6 9 1069
11 9 1069
6 15 1070
11 15 1070
6 9 1071
11 9 1071
6 15 1072
11 15 1072
6 9 1073
11 9 1073
6 15 1074
11 15 1074
6 9 1075
11 9 1075
6 15 1076
11 15 1076
6 9 1077
11 9 1077
6 15 1078
11 15 1078
6 9 1079
11 9 1079
6 15 1080
11 15 1080
6 9 1081
11 9 1081
6 15 1082
11 15 1082
6 9 1083
11 9 1083
6 15 1084
11 15 1084
6 9 1085
11 9 1085
6 15 1086
11 15 1086
6 9 1087
11 9 1087
6 15 1088
11 15 1088
6 9 1089
11 9 1089
6 15 1090
11 15 1090
6 9 1091
11 9 1091
6 15 1092
11 15 1092
6 9 1093
11 9 1093
6 15 1094
11 15 1094
6 9 1095
11 9 1095
6 15 1096
11 15 1096
6 9 1097
11 9 1097
6 15 1098
11 15 1098
6 9 1099
11 9 1099
6 15 1100
11 15 1100
6 9 1101
11 9 1101
6 15 1102
11 15 1102
6 9 1103
11 9 1103
6 15 1104
11 15 1104
6 9 1105
11 9 1105
6 15 1106
11 15 1106
6 9 1107
11 9 1107
6 15 1108
11 15 1108
6 9 1109
11 9 1109
6 15 1110
11 15 1110
6 9 1111
11 9 1111
6 15 1112
11 15 1112
6 9 1113
11 9 1113
6 15 1114
11 15 1114
6 9 1115
11 9 1115
6 15 1116
11 15 1116
6 9 1117
11 9 1117
6 15 1118
11 15 1118
6 9 1119
11 9 1119
6 15 1120
11 15 1120
6 9 1121
11 9 1121
6 15 1122
11 15 1122
6 9 1123
11 9 1123
6 15 1124
11 15 1124
6 9 1125
11 9 1125
6 15 1126
11 15 1126
6 9 1127
11 9 1127
6 15 1128
11 15 1128
6 9 1129
11 9 1129
6 15 1130
11 15 1130
6 9 1131
11 9 1131
6 15 1132
11 15 1132
6 9 1133
11 9 1133
6 15 1134
11 15 1134
6 9 1135
11 9 1135
6 15 1136
11 15 1136
6 9 1137
11 9 1137
6 15 1138
11 15 1138
6 9 1139
11 9 1139
6 15 1140
11 15 1140
6 9 1141
11 9 1141
6 15 1142
11 15 1142
6 9 1143
11 9 1143
6 15 1144
11 15 1144
6 9 1145
11 9 1145
6 15 1146
11 15 1146
6 9 1147
11 9 1147
6 15 1148
11 15 1148
6 9 1149
11 9 1149
6 15 1150
11 15 1150
6 9 1151
11 9 1151
6 15 1152
11 15 1152
6 9 1153
11 9 1153
6 15 1154
11 15 1154
6 9 1155
11 9 1155
6 15 1156
11 15 1156
6 9 1157
11 9 1157
6 15 1158
11 15 1158
6 9 1159
11 9 1159
6 15 1160
11 15 1160
6 9 1161
11 9 1161
6 15 1162
11 15 1162
6 9 1163
11 9 1163
6 15 1164
11 15 1164
6 9 1165
11 9 1165
6 15 1166
11 15 1166
6 9 1167
11 9 1167
6 15 1168
11 15 1168
6 9 1169
11 9 1169
6 15 1170
11 15 1170
6 9 1171
11 9 1171
6 15 1172
11 15 1172
6 9 1173
11 9 1173
6 15 1174
11 15 1174
6 9 1175
11 9 1175
6 15 1176
11 15 1176
6 9 1177
11 9 1177
6 15 1178
11 15 1178
6 9 1179
11 9 1179
6 15 1180
11 15 1180
6 9 1181
11 9 1181
6 15 1182
11 15 1182
6 9 1183
11 9 1183
6 15 1184
11 15 1184
6 9 1185
11 9 1185
6 15 1186
11 15 1186
6 9 1187
11 9 1187
6 15 1188
11 15 1188
6 9 1189
11 9 1189
6 15 1190
11 15 1190
6 9 1191
11 9 1191
6 15 1192
11 15 1192
6 9 1193
11 9 1193
6 15 1194
11 15 1194
6 9 1195
11 9 1195
6 15 1196
11 15 1196
6 9 1197
11 9 1197
6 15 1198
11 15 1198
6 9 1199
11 9 1199
6 15 1200
11 15 1200
6 9 1201
11 9 1201
6 15 1202
11 15 1202
6 9 1203
11 9 1203
6 15 1204
11 15 1204
6 9 1205
11 9 1205
6 15 1206
11 15 1206
6 9 1207
11 9 1207
6 15 1208
11 15 1208
6 9 1209
11 9 1209
6 15 1210
11 15 1210
6 9 1211
11 9 1211
6 15 1212
11 15 1212
6 9 1213
11 9 1213
6 15 1214
11 15 1214
6 9 1215
11 9 1215
6 15 1216
11 15 1216
6 9 1217
11 9 1217
6 15 1218
11 15 1218
6 9 1219
11 9 1219
6 15 1220
11 15 1220
6 9 1221
11 9 1221
6 15 1222
11 15 1222
6 9 1223
11 9 1223
6 15 1224
11 15 1224
6 9 1225
11 9 1225
6 15 1226
11 15 1226
6 9 1227
11 9 1227
6 15 1228
11 15 1228
6 9 1229
11 9 1229
6 15 1230
11 15 1230
6 9 1231
11 9 1231
6 15 1232
11 15 1232
6 9 1233
11 9 1233
6 15 1234
11 15 1234
6 9 1235
11 9 1235
6 15 1236
11 15 1236
6 9 1237
11 9 1237
6 15 1238
11 15 1238
6 9 1239
11 9 1239
6 15 1240
11 15 1240
6 9 1241
11 9 1241
6 15 1242
11 15 1242
6 9 1243
11 9 1243
6 15 1244
11 15 1244
6 9 1245
11 9 1245
6 15 1246
11 15 1246
6 9 1247
11 9 1247
6 15 1248
11 15 1248
6 9 1249
11 9 1249
6 15 1250
11 15 1250
6 9 1251
11 9 1251
6 15 1252
11 15 1252
6 9 1253
11 9 1253
6 15 1254
11 15 1254
6 9 1255
11 9 1255
6 15 1256
11 15 1256
6 9 1257
11 9 1257
6 15 1258
11 15 1258
6 9 1259
11 9 1259
6 15 1260
11 15 1260
6 9 1261
11 9 1261
6 15 1262
11 15 1262
6 9 1263
11 9 1263
6 15 1264
11 15 1264
6 9 1265
11 9 1265
6 15 1266
11 15 1266
6 9 1267
11 9 1267
6 15 1268
11 15 1268
6 9 1269
11 9 1269
6 15 1270
11 15 1270
6 9 1271
11 9 1271
6 15 1272
11 15 1272
6 9 1273
11 9 1273
6 15 1274
11 15 1274
6 9 1275
11 9 1275
6 15 1276
11 15 1276
6 9 1277
11 9 1277
6 15 1278
11 15 1278
6 9 1279
11 9 1279
6 15 1280
11 15 1280
6 9 1281
11 9 1281
6 15 1282
11 15 1282
6 9 1283
11 9 1283
6 15 1284
11 15 1284
6 9 1285
11 9 1285
6 15 1286
11 15 1286
6 9 1287
11 9 1287
6 15 1288
11 15 1288
6 9 1289
11 9 1289
6 15 1290
11 15 1290
6 9 1291
11 9 1291
6 15 1292
11 15 1292
6 9 1293
11 9 1293
6 15 1294
11 15 1294
6 9 1295
11 9 1295
6 15 1296
11 15 1296
6 9 1297
11 9 1297
6 15 1298
11 15 1298
6 9 1299
11 9 1299
6 15 1300
11 15 1300
6 9 1301
11 9 1301
6 15 1302
11 15 1302
6 9 1303
11 9 1303
6 15 1304
11 15 1304
6 9 1305
11 9 1305
6 15 1306
11 15 1306
6 9 1307
11 9 1307
6 15 1308
11 15 1308
6 9 1309
11 9 1309
6 15 1310
11 15 1310
6 9 1311
11 9 1311
6 15 1312
11 15 1312
6 9 1313
11 9 1313
6 15 1314
11 15 1314
6 9 1315
11 9 1315
6 15 1316
11 15 1316
6 9 1317
11 9 1317
6 15 1318
11 15 1318
6 9 1319
11 9 1319
6 15 1320
11 15 1320
6 9 1321
11 9 1321
6 15 1322
11 15 1322
6 9 1323
11 9 1323
6 15 1324
11 15 1324
6 9 1325
11 9 1325
6 15 1326
11 15 1326
6 9 1327
11 9 1327
6 15 1328
11 15 1328
6 9 1329
11 9 1329
6 15 1330
11 15 1330
6 9 1331
11 9 1331
6 15 1332
11 15 1332
6 9 1333
11 9 1333
6 15 1334
11 15 1334
6 9 1335
11 9 1335
6 15 1336
11 15 1336
6 9 1337
11 9 1337
6 15 1338
11 15 1338
6 9 1339
11 9 1339
6 15 1340
11 15 1340
6 9 1341
11 9 1341
6 15 1342
11 15 1342
6 9 1343
11 9 1343
6 15 1344
11 15 1344
6 9 1345
11 9 1345
6 15 1346
11 15 1346
6 9 1347
11 9 1347
6 15 1348
11 15 1348
6 9 1349
11 9 1349
6 15 1350
11 15 1350
6 9 1351
11 9 1351
6 15 1352
11 15 1352
6 9 1353
11 9 1353
6 15 1354
11 15 1354
6 9 1355
11 9 1355
6 15 1356
11 15 1356
6 9 1357
11 9 1357
6 15 1358
11 15 1358
6 9 1359
11 9 1359
6 15 1360
11 15 1360
6 9 1361
11 9 1361
6 15 1362
11 15 1362
6 9 1363
11 9 1363
6 15 1364
11 15 1364
6 9 1365
11 9 1365
6 15 1366
11 15 1366
6 9 1367
11 9 1367
6 15 1368
11 15 1368
6 9 1369
11 9 1369
6 15 1370
11 15 1370
6 9 1371
11 9 1371
6 15 1372
11 15 1372
6 9 1373
11 9 1373
6 15 1374
11 15 1374
6 9 1375
11 9 1375
6 15 1376
11 15 1376
6 9 1377
11 9 1377
6 15 1378
11 15 1378
6 9 1379
11 9 1379
6 15 1380
11 15 1380
6 9 1381
11 9 1381
6 15 1382
11 15 1382
6 9 1383
11 9 1383
6 15 1384
11 15 1384
6 9 1385
11 9 1385
6 15 1386
11 15 1386
6 9 1387
11 9 1387
6 15 1388
11 15 1388
6 9 1389
11 9 1389
6 15 1390
11 15 1390
6 9 1391
11 9 1391
6 15 1392
11 15 1392
6 9 1393
11 9 1393
6 15 1394
11 15 1394
6 9 1395
11 9 1395
6 15 1396
11 15 1396
6 9 1397
11 9 1397
6 15 1398
11 15 1398
6 9 1399
11 9 1399
6 15 1400
11 15 1400
6 9 1401
11 9 1401
6 15 1402
11 15 1402
6 9 1403
11 9 1403
6 15 1404
11 15 1404
6 9 1405
11 9 1405
6 15 1406
11 15 1406
6 9 1407
11 9 1407
6 15 1408
11 15 1408
6 9 1409
11 9 1409
6 15 1410
11 15 1410
6 9 1411
11 9 1411
6 15 1412
11 15 1412
6 9 1413
11 9 1413
6 15 1414
11 15 1414
6 9 1415
11 9 1415
6 15 1416
11 15 1416
6 9 1417
11 9 1417
6 15 1418
11 15 1418
6 9 1419
11 9 1419
6 15 1420
11 15 1420
6 9 1421
11 9 1421
6 15 1422
11 15 1422
6 9 1423
11 9 1423
6 15 1424
11 15 1424
6 9 1425
11 9 1425
6 15 1426
11 15 1426
6 9 1427
11 9 1427
6 15 1428
11 15 1428
6 9 1429
11 9 1429
6 15 1430
11 15 1430
6 9 1431
11 9 1431
6 15 1432
11 15 1432
6 9 1433
11 9 1433
6 15 1434
11 15 1434
6 9 1435
11 9 1435
6 15 1436
11 15 1436
6 9 1437
11 9 1437
6 15 1438
11 15 1438
6 9 1439
11 9 1439
6 15 1440
11 15 1440
6 9 1441
11 9 1441
6 15 1442
11 15 1442
6 9 1443
11 9 1443
6 15 1444
11 15 1444
6 9 1445
11 9 1445
6 15 1446
11 15 1446
6 9 1447
11 9 1447
6 15 1448
11 15 1448
6 9 1449
11 9 1449
6 15 1450
11 15 1450
6 9 1451
11 9 1451
6 15 1452
11 15 1452
6 9 1453
11 9 1453
6 15 1454
11 15 1454
6 9 1455
11 9 1455
6 15 1456
11 15 1456
6 9 1457
11 9 1457
6 15 1458
11 15 1458
6 9 1459
11 9 1459
6 15 1460
11 15 1460
6 9 1461
11 9 1461
6 15 1462
11 15 1462
6 9 1463
11 9 1463
6 15 1464
11 15 1464
6 9 1465
11 9 1465
6 15 1466
11 15 1466
6 9 1467
11 9 1467
6 15 1468
11 15 1468
6 9 1469
11 9 1469
6 15 1470
11 15 1470
6 9 1471
11 9 1471
6 15 1472
11 15 1472
6 9 1473
11 9 1473
6 15 1474
11 15 1474
6 9 1475
11 9 1475
6 15 1476
11 15 1476
6 9 1477
11 9 1477
6 15 1478
11 15 1478
6 9 1479
11 9 1479
6 15 1480
11 15 1480
6 9 1481
11 9 1481
6 15 1482
11 15 1482
6 9 1483
11 9 1483
6 15 1484
11 15 1484
6 9 1485
11 9 1485
6 15 1486
11 15 1486
6 9 1487
11 9 1487
6 15 1488
11 15 1488
6 9 1489
11 9 1489
6 15 1490
11 15 1490
6 9 1491
11 9 1491
6 15 1492
11 15 1492
6 9 1493
11 9 1493
6 15 1494
11 15 1494
6 9 1495
11 9 1495
6 15 1496
11 15 1496
6 9 1497
11 9 1497
6 15 1498
11 15 1498
6 9 1499
11 9 1499
6 15 1500
11 15 1500
6 9 1501
11 9 1501
6 15 1502
11 15 1502
6 9 1503
11 9 1503
6 15 1504
11 15 1504
6 9 1505
11 9 1505
6 15 1506
11 15 1506
6 9 1507
11 9 1507
6 15 1508
11 15 1508
6 9 1509
11 9 1509
6 15 1510
11 15 1510
6 9 1511
11 9 1511
6 15 1512
11 15 1512
6 9 1513
11 9 1513
6 15 1514
11 15 1514
6 9 1515
11 9 1515
6 15 1516
11 15 1516
6 9 1517
11 9 1517
6 15 1518
11 15 1518
6 9 1519
11 9 1519
6 15 1520
11 15 1520
6 9 1521
11 9 1521
6 15 1522
11 15 1522
6 9 1523
11 9 1523
6 15 1524
11 15 1524
6 9 1525
11 9 1525
6 15 1526
11 15 1526
6 9 1527
11 9 1527
6 15 1528
11 15 1528
6 9 1529
11 9 1529
6 15 1530
11 15 1530
6 9 1531
11 9 1531
6 15 1532
11 15 1532
6 9 1533
11 9 1533
6 15 1534
11 15 1534
6 9 1535
11 9 1535
6 15 1536
11 15 1536
6 9 1537
11 9 1537
6 15 1538
11 15 1538
6 9 1539
11 9 1539
6 15 1540
11 15 1540
6 9 1541
11 9 1541
6 15 1542
11 15 1542
6 9 1543
11 9 1543
6 15 1544
11 15 1544
6 9 1545
11 9 1545
6 15 1546
11 15 1546
6 9 1547
11 9 1547
6 15 1548
11 15 1548
6 9 1549
11 9 1549
6 15 1550
11 15 1550
6 9 1551
11 9 1551
6 15 1552
11 15 1552
6 9 1553
11 9 1553
6 15 1554
11 15 1554
6 9 1555
11 9 1555
6 15 1556
11 15 1556
6 9 1557
11 9 1557
6 15 1558
11 15 1558
6 9 1559
11 9 1559
6 15 1560
11 15 1560
6 9 1561
11 9 1561
6 15 1562
11 15 1562
6 9 1563
11 9 1563
6 15 1564
11 15 1564
6 9 1565
11 9 1565
6 15 1566
11 15 1566
6 9 1567
11 9 1567
6 15 1568
11 15 1568
6 9 1569
11 9 1569
6 15 1570
11 15 1570
6 9 1571
11 9 1571
6 15 1572
11 15 1572
6 9 1573
11 9 1573
6 15 1574
11 15 1574
6 9 1575
11 9 1575
6 15 1576
11 15 1576
6 9 1577
11 9 1577
6 15 1578
11 15 1578
6 9 1579
11 9 1579
6 15 1580
11 15 1580
6 9 1581
11 9 1581
6 15 1582
11 15 1582
6 9 1583
11 9 1583
6 15 1584
11 15 1584
6 9 1585
11 9 1585
6 15 1586
11 15 1586
6 9 1587
11 9 1587
6 15 1588
11 15 1588
6 9 1589
11 9 1589
6 15 1590
11 15 1590
6 9 1591
11 9 1591
6 15 1592
11 15 1592
6 9 1593
11 9 1593
6 15 1594
11 15 1594
6 9 1595
11 9 1595
6 15 1596
11 15 1596
6 9 1597
11 9 1597
6 15 1598
11 15 1598
6 9 1599
11 9 1599
6 15 1600
11 15 1600
6 9 1601
11 9 1601
6 15 1602
11 15 1602
6 9 1603
11 9 1603
6 15 1604
11 15 1604
6 9 1605
11 9 1605
6 15 1606
11 15 1606
6 9 1607
11 9 1607
6 15 1608
11 15 1608
6 9 1609
11 9 1609
6 15 1610
11 15 1610
6 9 1611
11 9 1611
6 15 1612
11 15 1612
6 9 1613
11 9 1613
6 15 1614
11 15 1614
6 9 1615
11 9 1615
6 15 1616
11 15 1616
6 9 1617
11 9 1617
6 15 1618
11 15 1618
6 9 1619
11 9 1619
6 15 1620
11 15 1620
6 9 1621
11 9 1621
6 15 1622
11 15 1622
6 9 1623
11 9 1623
6 15 1624
11 15 1624
6 9 1625
11 9 1625
6 15 1626
11 15 1626
6 9 1627
11 9 1627
6 15 1628
11 15 1628
6 9 1629
11 9 1629
6 15 1630
11 15 1630
6 9 1631
11 9 1631
6 15 1632
11 15 1632
6 9 1633
11 9 1633
6 15 1634
11 15 1634
6 9 1635
11 9 1635
6 15 1636
11 15 1636
6 9 1637
11 9 1637
6 15 1638
11 15 1638
6 9 1639
11 9 1639
6 15 1640
11 15 1640
6 9 1641
11 9 1641
6 15 1642
11 15 1642
6 9 1643
11 9 1643
6 15 1644
11 15 1644
6 9 1645
11 9 1645
6 15 1646
11 15 1646
6 9 1647
11 9 1647
6 15 1648
11 15 1648
6 9 1649
11 9 1649
6 15 1650
11 15 1650
6 9 1651
11 9 1651
6 15 1652
11 15 1652
6 9 1653
11 9 1653
6 15 1654
11 15 1654
6 9 1655
11 9 1655
6 15 1656
11 15 1656
6 9 1657
11 9 1657
6 15 1658
11 15 1658
6 9 1659
11 9 1659
6 15 1660
11 15 1660
6 9 1661
11 9 1661
6 15 1662
11 15 1662
6 9 1663
11 9 1663
6 15 1664
11 15 1664
6 9 1665
11 9 1665
6 15 1666
11 15 1666
6 9 1667
11 9 1667
6 15 1668
11 15 1668
6 9 1669
11 9 1669
6 15 1670
11 15 1670
6 9 1671
11 9 1671
6 15 1672
11 15 1672
6 9 1673
11 9 1673
6 15 1674
11 15 1674
6 9 1675
11 9 1675
6 15 1676
11 15 1676
6 9 1677
11 9 1677
6 15 1678
11 15 1678
6 9 1679
11 9 1679
6 15 1680
11 15 1680
6 9 1681
11 9 1681
6 15 1682
11 15 1682
6 9 1683
11 9 1683
6 15 1684
11 15 1684
6 9 1685
11 9 1685
6 15 1686
11 15 1686
6 9 1687
11 9 1687
6 15 1688
11 15 1688
6 9 1689
11 9 1689
6 15 1690
11 15 1690
6 9 1691
11 9 1691
6 15 1692
11 15 1692
6 9 1693
11 9 1693
6 15 1694
11 15 1694
6 9 1695
11 9 1695
6 15 1696
11 15 1696
6 9 1697
11 9 1697
6 15 1698
11 15 1698
6 9 1699
11 9 1699
6 15 1700
11 15 1700
6 9 1701
11 9 1701
6 15 1702
11 15 1702
6 9 1703
11 9 1703
6 15 1704
11 15 1704
6 9 1705
11 9 1705
6 15 1706
11 15 1706
6 9 1707
11 9 1707
6 15 1708
11 15 1708
6 9 1709
11 9 1709
6 15 1710
11 15 1710
6 9 1711
11 9 1711
6 15 1712
11 15 1712
6 9 1713
11 9 1713
6 15 1714
11 15 1714
6 9 1715
11 9 1715
6 15 1716
11 15 1716
6 9 1717
11 9 1717
6 15 1718
11 15 1718
6 9 1719
11 9 1719
6 15 1720
11 15 1720
6 9 1721
11 9 1721
6 15 1722
11 15 1722
6 9 1723
11 9 1723
6 15 1724
11 15 1724
6 9 1725
11 9 1725
6 15 1726
11 15 1726
6 9 1727
11 9 1727
6 15 1728
11 15 1728
6 9 1729
11 9 1729
6 15 1730
11 15 1730
6 9 1731
11 9 1731
6 15 1732
11 15 1732
6 9 1733
11 9 1733
6 15 1734
11 15 1734
6 9 1735
11 9 1735
6 15 1736
11 15 1736
6 9 1737
11 9 1737
6 15 1738
11 15 1738
6 9 1739
11 9 1739
6 15 1740
11 15 1740
6 9 1741
11 9 1741
6 15 1742
11 15 1742
6 9 1743
11 9 1743
6 15 1744
11 15 1744
6 9 1745
11 9 1745
6 15 1746
11 15 1746
6 9 1747
11 9 1747
6 15 1748
11 15 1748
6 9 1749
11 9 1749
6 15 1750
11 15 1750
6 9 1751
11 9 1751
6 15 1752
11 15 1752
6 9 1753
11 9 1753
6 15 1754
11 15 1754
6 9 1755
11 9 1755
6 15 1756
11 15 1756
6 9 1757
11 9 1757
6 15 1758
11 15 1758
6 9 1759
11 9 1759
6 15 1760
11 15 1760
6 9 1761
11 9 1761
6 15 1762
11 15 1762
6 9 1763
11 9 1763
6 15 1764
11 15 1764
6 9 1765
11 9 1765
6 15 1766
11 15 1766
6 9 1767
11 9 1767
6 15 1768
11 15 1768
6 9 1769
11 9 1769
6 15 1770
11 15 1770
6 9 1771
11 9 1771
6 15 1772
11 15 1772
6 9 1773
11 9 1773
6 15 1774
11 15 1774
6 9 1775
11 9 1775
6 15 1776
11 15 1776
6 9 1777
11 9 1777
6 15 1778
11 15 1778
6 9 1779
11 9 1779
6 15 1780
11 15 1780
6 9 1781
11 9 1781
6 15 1782
11 15 1782
6 9 1783
11 9 1783
6 15 1784
11 15 1784
6 9 1785
11 9 1785
6 15 1786
11 15 1786
6 9 1787
11 9 1787
6 15 1788
11 15 1788
6 9 1789
11 9 1789
6 15 1790
11 15 1790
6 9 1791
11 9 1791
6 15 1792
11 15 1792
6 9 1793
11 9 1793
6 15 1794
11 15 1794
6 9 1795
11 9 1795
6 15 1796
11 15 1796
6 9 1797
11 9 1797
6 15 1798
11 15 1798
6 9 1799
11 9 1799
6 15 1800
11 15 1800
6 9 1801
11 9 1801
6 15 1802
11 15 1802
6 9 1803
11 9 1803
6 15 1804
11 15 1804
6 9 1805
11 9 1805
6 15 1806
11 15 1806
6 9 1807
11 9 1807
6 15 1808
11 15 1808
6 9 1809
11 9 1809
6 15 1810
11 15 1810
6 9 1811
11 9 1811
6 15 1812
11 15 1812
6 9 1813
11 9 1813
6 15 1814
11 15 1814
6 9 1815
11 9 1815
6 15 1816
11 15 1816
6 9 1817
11 9 1817
6 15 1818
11 15 1818
6 9 1819
11 9 1819
6 15 1820
11 15 1820
6 9 1821
11 9 1821
6 15 1822
11 15 1822
6 9 1823
11 9 1823
6 15 1824
11 15 1824
6 9 1825
11 9 1825
6 15 1826
11 15 1826
6 9 1827
11 9 1827
6 15 1828
11 15 1828
6 9 1829
11 9 1829
6 15 1830
11 15 1830
6 9 1831
11 9 1831
6 15 1832
11 15 1832
6 9 1833
11 9 1833
6 15 1834
11 15 1834
6 9 1835
11 9 1835
6 15 1836
11 15 1836
6 9 1837
11 9 1837
6 15 1838
11 15 1838
6 9 1839
11 9 1839
6 15 1840
11 15 1840
6 9 1841
11 9 1841
6 15 1842
11 15 1842
6 9 1843
11 9 1843
6 15 1844
11 15 1844
6 9 1845
11 9 1845
6 15 1846
11 15 1846
6 9 1847
11 9 1847
6 15 1848
11 15 1848
6 9 1849
11 9 1849
6 15 1850
11 15 1850
6 9 1851
11 9 1851
6 15 1852
11 15 1852
6 9 1853
11 9 1853
6 15 1854
11 15 1854
6 9 1855
11 9 1855
6 15 1856
11 15 1856
6 9 1857
11 9 1857
6 15 1858
11 15 1858
6 9 1859
11 9 1859
6 15 1860
11 15 1860
6 9 1861
11 9 1861
6 15 1862
11 15 1862
6 9 1863
11 9 1863
6 15 1864
11 15 1864
6 9 1865
11 9 1865
6 15 1866
11 15 1866
6 9 1867
11 9 1867
6 15 1868
11 15 1868
6 9 1869
11 9 1869
6 15 1870
11 15 1870
6 9 1871
11 9 1871
6 15 1872
11 15 1872
6 9 1873
11 9 1873
6 15 1874
11 15 1874
6 9 1875
11 9 1875
6 15 1876
11 15 1876
6 9 1877
11 9 1877
6 15 1878
11 15 1878
6 9 1879
11 9 1879
6 15 1880
11 15 1880
6 9 1881
11 9 1881
6 15 1882
11 15 1882
6 9 1883
11 9 1883
6 15 1884
11 15 1884
6 9 1885
11 9 1885
6 15 1886
11 15 1886
6 9 1887
11 9 1887
6 15 1888
11 15 1888
6 9 1889
11 9 1889
6 15 1890
11 15 1890
6 9 1891
11 9 1891
6 15 1892
11 15 1892
6 9 1893
11 9 1893
6 15 1894
11 15 1894
6 9 1895
11 9 1895
6 15 1896
11 15 1896
6 9 1897
11 9 1897
6 15 1898
11 15 1898
6 9 1899
11 9 1899
6 15 1900
11 15 1900
6 9 1901
11 9 1901
6 15 1902
11 15 1902
6 9 1903
11 9 1903
6 15 1904
11 15 1904
6 9 1905
11 9 1905
6 15 1906
11 15 1906
6 9 1907
11 9 1907
6 15 1908
11 15 1908
6 9 1909
11 9 1909
6 15 1910
11 15 1910
6 9 1911
11 9 1911
6 15 1912
11 15 1912
6 9 1913
11 9 1913
6 15 1914
11 15 1914
6 9 1915
11 9 1915
6 15 1916
11 15 1916
6 9 1917
11 9 1917
6 15 1918
11 15 1918
6 9 1919
11 9 1919
6 15 1920
11 15 1920
6 9 1921
11 9 1921
6 15 1922
11 15 1922
6 9 1923
11 9 1923
6 15 1924
11 15 1924
6 9 1925
11 9 1925
6 15 1926
11 15 1926
6 9 1927
11 9 1927
6 15 1928
11 15 1928
6 9 1929
11 9 1929
6 15 1930
11 15 1930
6 9 1931
11 9 1931
6 15 1932
11 15 1932
6 9 1933
11 9 1933
6 15 1934
11 15 1934
6 9 1935
11 9 1935
6 15 1936
11 15 1936
6 9 1937
11 9 1937
6 15 1938
11 15 1938
6 9 1939
11 9 1939
6 15 1940
11 15 1940
6 9 1941
11 9 1941
6 15 1942
11 15 1942
6 9 1943
11 9 1943
6 15 1944
11 15 1944
6 9 1945
11 9 1945
6 15 1946
11 15 1946
6 9 1947
11 9 1947
6 15 1948
11 15 1948
6 9 1949
11 9 1949
6 15 1950
11 15 1950
6 9 1951
11 9 1951
6 15 1952
11 15 1952
6 9 1953
11 9 1953
6 15 1954
11 15 1954
6 9 1955
11 9 1955
6 15 1956
11 15 1956
6 9 1957
11 9 1957
6 15 1958
11 15 1958
6 9 1959
11 9 1959
6 15 1960
11 15 1960
6 9 1961
11 9 1961
6 15 1962
11 15 1962
6 9 1963
11 9 1963
6 15 1964
11 15 1964
6 9 1965
11 9 1965
6 15 1966
11 15 1966
6 9 1967
11 9 1967
6 15 1968
11 15 1968
6 9 1969
11 9 1969
6 15 1970
11 15 1970
6 9 1971
11 9 1971
6 15 1972
11 15 1972
6 9 1973
11 9 1973
6 15 1974
11 15 1974
6 9 1975
11 9 1975
6 15 1976
11 15 1976
6 9 1977
11 9 1977
6 15 1978
11 15 1978
6 9 1979
11 9 1979
6 15 1980
11 15 1980
6 9 1981
11 9 1981
6 15 1982
11 15 1982
6 9 1983
11 9 1983
6 15 1984
11 15 1984
6 9 1985
11 9 1985
6 15 1986
11 15 1986
6 9 1987
11 9 1987
6 15 1988
11 15 1988
6 9 1989
11 9 1989
6 15 1990
11 15 1990
6 9 1991
11 9 1991
6 15 1992
11 15 1992
6 9 1993
11 9 1993
6 15 1994
11 15 1994
6 9 1995
11 9 1995
6 15 1996
11 15 1996
6 9 1997
11 9 1997
6 15 1998
11 15 1998
6 9 1999
11 9 1999
6 15 2000
11 15 2000
6 9 2001
11 9 2001
6 15 2002
11 15 2002
6 9 2003
11 9 2003
6 15 2004
11 15 2004
6 9 2005
11 9 2005
6 15 2006
11 15 2006
6 9 2007
11 9 2007
6 15 2008
11 15 2008
6 9 2009
11 9 2009
6 15 2010
11 15 2010
6 9 2011
11 9 2011
6 15 2012
11 15 2012
6 9 2013
11 9 2013
6 15 2014
11 15 2014
6 9 2015
11 9 2015
6 15 2016
11 15 2016
6 9 2017
11 9 2017
6 15 2018
11 15 2018
6 9 2019
11 9 2019
6 15 2020
11 15 2020
6 9 2021
11 9 2021
6 15 2022
11 15 2022
6 9 2023
11 9 2023
6 15 2024
11 15 2024
6 9 2025
11 9 2025
6 15 2026
11 15 2026
6 9 2027
11 9 2027
6 15 2028
11 15 2028
6 9 2029
11 9 2029
6 15 2030
11 15 2030
6 9 2031
11 9 2031
6 15 2032
11 15 2032
6 9 2033
11 9 2033
6 15 2034
11 15 2034
6 9 2035
11 9 2035
6 15 2036
11 15 2036
6 9 2037
11 9 2037
6 15 2038
11 15 2038
6 9 2039
11 9 2039
6 15 2040
11 15 2040
6 9 2041
11 9 2041
6 15 2042
11 15 2042
6 9 2043
11 9 2043
6 15 2044
11 15 2044
6 9 2045
11 9 2045
6 15 2046
11 15 2046
6 9 2047
11 9 2047
6 15 2048
11 15 2048
6 9 2049
11 9 2049
6 15 2050
11 15 2050
6 9 2051
11 9 2051
6 15 2052
11 15 2052
6 9 2053
11 9 2053
6 15 2054
11 15 2054
6 9 2055
11 9 2055
6 15 2056
11 15 2056
6 9 2057
11 9 2057
6 15 2058
11 15 2058
6 9 2059
11 9 2059
6 15 2060
11 15 2060
6 9 2061
11 9 2061
6 15 2062
11 15 2062
6 9 2063
11 9 2063
6 15 2064
11 15 2064
6 9 2065
11 9 2065
6 15 2066
11 15 2066
6 9 2067
11 9 2067
6 15 2068
11 15 2068
6 9 2069
11 9 2069
6 15 2070
11 15 2070
6 9 2071
11 9 2071
6 15 2072
11 15 2072
6 9 2073
11 9 2073
6 15 2074
11 15 2074
6 9 2075
11 9 2075
6 15 2076
11 15 2076
6 9 2077
11 9 2077
6 15 2078
11 15 2078
6 9 2079
11 9 2079
6 15 2080
11 15 2080
6 9 2081
11 9 2081
6 15 2082
11 15 2082
6 9 2083
11 9 2083
6 15 2084
11 15 2084
6 9 2085
11 9 2085
6 15 2086
11 15 2086
6 9 2087
11 9 2087
6 15 2088
11 15 2088
6 9 2089
11 9 2089
6 15 2090
11 15 2090
6 9 2091
11 9 2091
6 15 2092
11 15 2092
6 9 2093
11 9 2093
6 15 2094
11 15 2094
6 9 2095
11 9 2095
6 15 2096
11 15 2096
6 9 2097
11 9 2097
6 15 2098
11 15 2098
6 9 2099
11 9 2099
6 15 2100
11 15 2100
6 9 2101
11 9 2101
6 15 2102
11 15 2102
6 9 2103
11 9 2103
6 15 2104
11 15 2104
6 9 2105
11 9 2105
6 15 2106
11 15 2106
6 9 2107
11 9 2107
6 15 2108
11 15 2108
6 9 2109
11 9 2109
6 15 2110
11 15 2110
6 9 2111
11 9 2111
6 15 2112
11 15 2112
6 9 2113
11 9 2113
6 15 2114
11 15 2114
6 9 2115
11 9 2115
6 15 2116
11 15 2116
6 9 2117
11 9 2117
6 15 2118
11 15 2118
6 9 2119
11 9 2119
6 15 2120
11 15 2120
6 9 2121
11 9 2121
6 15 2122
11 15 2122
6 9 2123
11 9 2123
6 15 2124
11 15 2124
6 9 2125
11 9 2125
6 15 2126
11 15 2126
6 9 2127
11 9 2127
6 15 2128
11 15 2128
6 9 2129
11 9 2129
6 15 2130
11 15 2130
6 9 2131
11 9 2131
6 15 2132
11 15 2132
6 9 2133
11 9 2133
6 15 2134
11 15 2134
6 9 2135
11 9 2135
6 15 2136
11 15 2136
6 9 2137
11 9 2137
6 15 2138
11 15 2138
6 9 2139
11 9 2139
6 15 2140
11 15 2140
6 9 2141
11 9 2141
6 15 2142
11 15 2142
6 9 2143
11 9 2143
6 15 2144
11 15 2144
6 9 2145
11 9 2145
6 15 2146
11 15 2146
6 9 2147
11 9 2147
6 15 2148
11 15 2148
6 9 2149
11 9 2149
6 15 2150
11 15 2150
6 9 2151
11 9 2151
6 15 2152
11 15 2152
6 9 2153
11 9 2153
6 15 2154
11 15 2154
6 9 2155
11 9 2155
6 15 2156
11 15 2156
6 9 2157
11 9 2157
6 15 2158
11 15 2158
6 9 2159
11 9 2159
6 15 2160
11 15 2160
6 9 2161
11 9 2161
6 15 2162
11 15 2162
6 9 2163
11 9 2163
6 15 2164
11 15 2164
6 9 2165
11 9 2165
6 15 2166
11 15 2166
6 9 2167
11 9 2167
6 15 2168
11 15 2168
6 9 2169
11 9 2169
6 15 2170
11 15 2170
6 9 2171
11 9 2171
6 15 2172
11 15 2172
6 9 2173
11 9 2173
6 15 2174
11 15 2174
6 9 2175
11 9 2175
6 15 2176
11 15 2176
6 9 2177
11 9 2177
6 15 2178
11 15 2178
6 9 2179
11 9 2179
6 15 2180
11 15 2180
6 9 2181
11 9 2181
6 15 2182
11 15 2182
6 9 2183
11 9 2183
6 15 2184
11 15 2184
6 9 2185
11 9 2185
6 15 2186
11 15 2186
6 9 2187
11 9 2187
6 15 2188
11 15 2188
6 9 2189
11 9 2189
6 15 2190
11 15 2190
6 9 2191
11 9 2191
6 15 2192
11 15 2192
6 9 2193
11 9 2193
6 15 2194
11 15 2194
6 9 2195
11 9 2195
6 15 2196
11 15 2196
6 9 2197
11 9 2197
6 15 2198
11 15 2198
6 9 2199
11 9 2199
6 15 2200
11 15 2200
6 9 2201
11 9 2201
6 15 2202
11 15 2202
6 9 2203
11 9 2203
6 15 2204
11 15 2204
6 9 2205
11 9 2205
6 15 2206
11 15 2206
6 9 2207
11 9 2207
6 15 2208
11 15 2208
6 9 2209
11 9 2209
6 15 2210
11 15 2210
6 9 2211
11 9 2211
6 15 2212
11 15 2212
6 9 2213
11 9 2213
6 15 2214
11 15 2214
6 9 2215
11 9 2215
6 15 2216
11 15 2216
6 9 2217
11 9 2217
6 15 2218
11 15 2218
6 9 2219
11 9 2219
6 15 2220
11 15 2220
6 9 2221
11 9 2221
6 15 2222
11 15 2222
6 9 2223
11 9 2223
6 15 2224
11 15 2224
6 9 2225
11 9 2225
6 15 2226
11 15 2226
6 9 2227
11 9 2227
6 15 2228
11 15 2228
6 9 2229
11 9 2229
6 15 2230
11 15 2230
6 9 2231
11 9 2231
6 15 2232
11 15 2232
6 9 2233
11 9 2233
6 15 2234
11 15 2234
6 9 2235
11 9 2235
6 15 2236
11 15 2236
6 9 2237
11 9 2237
6 15 2238
11 15 2238
6 9 2239
11 9 2239
6 15 2240
11 15 2240
6 9 2241
11 9 2241
6 15 2242
11 15 2242
6 9 2243
11 9 2243
6 15 2244
11 15 2244
6 9 2245
11 9 2245
6 15 2246
11 15 2246
6 9 2247
11 9 2247
6 15 2248
11 15 2248
6 9 2249
11 9 2249
6 15 2250
11 15 2250
6 9 2251
11 9 2251
6 15 2252
11 15 2252
6 9 2253
11 9 2253
6 15 2254
11 15 2254
6 9 2255
11 9 2255
6 15 2256
11 15 2256
6 9 2257
11 9 2257
6 15 2258
11 15 2258
6 9 2259
11 9 2259
6 15 2260
11 15 2260
6 9 2261
11 9 2261
6 15 2262
11 15 2262
6 9 2263
11 9 2263
6 15 2264
11 15 2264
6 9 2265
11 9 2265
6 15 2266
11 15 2266
6 9 2267
11 9 2267
6 15 2268
11 15 2268
6 9 2269
11 9 2269
6 15 2270
11 15 2270
6 9 2271
11 9 2271
6 15 2272
11 15 2272
6 9 2273
11 9 2273
6 15 2274
11 15 2274
6 9 2275
11 9 2275
6 15 2276
11 15 2276
6 9 2277
11 9 2277
6 15 2278
11 15 2278
6 9 2279
11 9 2279
6 15 2280
11 15 2280
6 9 2281
11 9 2281
6 15 2282
11 15 2282
6 9 2283
11 9 2283
6 15 2284
11 15 2284
6 9 2285
11 9 2285
6 15 2286
11 15 2286
6 9 2287
11 9 2287
6 15 2288
11 15 2288
6 9 2289
11 9 2289
6 15 2290
11 15 2290
6 9 2291
11 9 2291
6 15 2292
11 15 2292
6 9 2293
11 9 2293
6 15 2294
11 15 2294
6 9 2295
11 9 2295
6 15 2296
11 15 2296
6 9 2297
11 9 2297
6 15 2298
11 15 2298
6 9 2299
11 9 2299
6 15 2300
11 15 2300
6 9 2301
11 9 2301
6 15 2302
11 15 2302
6 9 2303
11 9 2303
6 15 2304
11 15 2304
6 9 2305
11 9 2305
6 15 2306
11 15 2306
6 9 2307
11 9 2307
6 15 2308
11 15 2308
6 9 2309
11 9 2309
6 15 2310
11 15 2310
6 9 2311
11 9 2311
6 15 2312
11 15 2312
6 9 2313
11 9 2313
6 15 2314
11 15 2314
6 9 2315
11 9 2315
6 15 2316
11 15 2316
6 9 2317
11 9 2317
6 15 2318
11 15 2318
6 9 2319
11 9 2319
6 15 2320
11 15 2320
6 9 2321
11 9 2321
6 15 2322
11 15 2322
6 9 2323
11 9 2323
6 15 2324
11 15 2324
6 9 2325
11 9 2325
6 15 2326
11 15 2326
6 9 2327
11 9 2327
6 15 2328
11 15 2328
6 9 2329
11 9 2329
6 15 2330
11 15 2330
6 9 2331
11 9 2331
6 15 2332
11 15 2332
6 9 2333
11 9 2333
6 15 2334
11 15 2334
6 9 2335
11 9 2335
6 15 2336
11 15 2336
6 9 2337
11 9 2337
6 15 2338
11 15 2338
6 9 2339
11 9 2339
6 15 2340
11 15 2340
6 9 2341
11 9 2341
6 15 2342
11 15 2342
6 9 2343
11 9 2343
6 15 2344
11 15 2344
6 9 2345
11 9 2345
6 15 2346
11 15 2346
6 9 2347
11 9 2347
6 15 2348
11 15 2348
6 9 2349
11 9 2349
6 15 2350
11 15 2350
6 9 2351
11 9 2351
6 15 2352
11 15 2352
6 9 2353
11 9 2353
6 15 2354
11 15 2354
6 9 2355
11 9 2355
6 15 2356
11 15 2356
6 9 2357
11 9 2357
6 15 2358
11 15 2358
6 9 2359
11 9 2359
6 15 2360
11 15 2360
6 9 2361
11 9 2361
6 15 2362
11 15 2362
6 9 2363
11 9 2363
6 15 2364
11 15 2364
6 9 2365
11 9 2365
6 15 2366
11 15 2366
6 9 2367
11 9 2367
6 15 2368
11 15 2368
6 9 2369
11 9 2369
6 15 2370
11 15 2370
6 9 2371
11 9 2371
6 15 2372
11 15 2372
6 9 2373
11 9 2373
6 15 2374
11 15 2374
6 9 2375
11 9 2375
6 15 2376
11 15 2376
6 9 2377
11 9 2377
6 15 2378
11 15 2378
6 9 2379
11 9 2379
6 15 2380
11 15 2380
6 9 2381
11 9 2381
6 15 2382
11 15 2382
6 9 2383
11 9 2383
6 15 2384
11 15 2384
6 9 2385
11 9 2385
6 15 2386
11 15 2386
6 9 2387
11 9 2387
6 15 2388
11 15 2388
6 9 2389
11 9 2389
6 15 2390
11 15 2390
6 9 2391
11 9 2391
6 15 2392
11 15 2392
6 9 2393
11 9 2393
6 15 2394
11 15 2394
6 9 2395
11 9 2395
6 15 2396
11 15 2396
6 9 2397
11 9 2397
6 15 2398
11 15 2398
6 9 2399
11 9 2399
6 15 2400
11 15 2400
6 9 2401
11 9 2401
6 15 2402
11 15 2402
6 9 2403
11 9 2403
6 15 2404
11 15 2404
6 9 2405
11 9 2405
6 15 2406
11 15 2406
6 9 2407
11 9 2407
6 15 2408
11 15 2408
6 9 2409
11 9 2409
6 15 2410
11 15 2410
6 9 2411
11 9 2411
6 15 2412
11 15 2412
6 9 2413
11 9 2413
6 15 2414
11 15 2414
6 9 2415
11 9 2415
6 15 2416
11 15 2416
6 9 2417
11 9 2417
6 15 2418
11 15 2418
6 9 2419
11 9 2419
6 15 2420
11 15 2420
6 9 2421
11 9 2421
6 15 2422
11 15 2422
6 9 2423
11 9 2423
6 15 2424
11 15 2424
6 9 2425
11 9 2425
6 15 2426
11 15 2426
6 9 2427
11 9 2427
6 15 2428
11 15 2428
6 9 2429
11 9 2429
6 15 2430
11 15 2430
6 9 2431
11 9 2431
6 15 2432
11 15 2432
6 9 2433
11 9 2433
6 15 2434
11 15 2434
6 9 2435
11 9 2435
6 15 2436
11 15 2436
6 9 2437
11 9 2437
6 15 2438
11 15 2438
6 9 2439
11 9 2439
6 15 2440
11 15 2440
6 9 2441
11 9 2441
6 15 2442
11 15 2442
6 9 2443
11 9 2443
6 15 2444
11 15 2444
6 9 2445
11 9 2445
6 15 2446
11 15 2446
6 9 2447
11 9 2447
6 15 2448
11 15 2448
6 9 2449
11 9 2449
6 15 2450
11 15 2450
6 9 2451
11 9 2451
6 15 2452
11 15 2452
6 9 2453
11 9 2453
6 15 2454
11 15 2454
6 9 2455
11 9 2455
6 15 2456
11 15 2456
6 9 2457
11 9 2457
6 15 2458
11 15 2458
6 9 2459
11 9 2459
6 15 2460
11 15 2460
6 9 2461
11 9 2461
6 15 2462
11 15 2462
6 9 2463
11 9 2463
6 15 2464
11 15 2464
6 9 2465
11 9 2465
6 15 2466
11 15 2466
6 9 2467
11 9 2467
6 15 2468
11 15 2468
6 9 2469
11 9 2469
6 15 2470
11 15 2470
6 9 2471
11 9 2471
6 15 2472
11 15 2472
6 9 2473
11 9 2473
6 15 2474
11 15 2474
6 9 2475
11 9 2475
6 15 2476
11 15 2476
6 9 2477
11 9 2477
6 15 2478
11 15 2478
6 9 2479
11 9 2479
6 15 2480
11 15 2480
6 9 2481
11 9 2481
6 15 2482
11 15 2482
6 9 2483
11 9 2483
6 15 2484
11 15 2484
6 9 2485
11 9 2485
6 15 2486
11 15 2486
6 9 2487
11 9 2487
6 15 2488
11 15 2488
6 9 2489
11 9 2489
6 15 2490
11 15 2490
6 9 2491
11 9 2491
6 15 2492
11 15 2492
6 9 2493
11 9 2493
6 15 2494
11 15 2494
6 9 2495
11 9 2495
6 15 2496
11 15 2496
6 9 2497
11 9 2497
6 15 2498
11 15 2498
6 9 2499
11 9 2499
6 15 2500
11 15 2500
6 9 2501
11 9 2501
6 15 2502
11 15 2502
6 9 2503
11 9 2503
6 15 2504
11 15 2504
6 9 2505
11 9 2505
6 15 2506
11 15 2506
6 9 2507
11 9 2507
6 15 2508
11 15 2508
6 9 2509
11 9 2509
6 15 2510
11 15 2510
6 9 2511
11 9 2511
6 15 2512
11 15 2512
6 9 2513
11 9 2513
6 15 2514
11 15 2514
6 9 2515
11 9 2515
6 15 2516
11 15 2516
6 9 2517
11 9 2517
6 15 2518
11 15 2518
6 9 2519
11 9 2519
6 15 2520
11 15 2520
6 9 2521
11 9 2521
6 15 2522
11 15 2522
6 9 2523
11 9 2523
6 15 2524
11 15 2524
6 9 2525
11 9 2525
6 15 2526
11 15 2526
6 9 2527
11 9 2527
6 15 2528
11 15 2528
6 9 2529
11 9 2529
6 15 2530
11 15 2530
6 9 2531
11 9 2531
6 15 2532
11 15 2532
6 9 2533
11 9 2533
6 15 2534
11 15 2534
6 9 2535
11 9 2535
6 15 2536
11 15 2536
6 9 2537
11 9 2537
6 15 2538
11 15 2538
6 9 2539
11 9 2539
6 15 2540
11 15 2540
6 9 2541
11 9 2541
6 15 2542
11 15 2542
6 9 2543
11 9 2543
6 15 2544
11 15 2544
6 9 2545
11 9 2545
6 15 2546
11 15 2546
6 9 2547
11 9 2547
6 15 2548
11 15 2548
6 9 2549
11 9 2549
6 15 2550
11 15 2550
6 9 2551
11 9 2551
6 15 2552
11 15 2552
6 9 2553
11 9 2553
6 15 2554
11 15 2554
6 9 2555
11 9 2555
6 15 2556
11 15 2556
6 9 2557
11 9 2557
6 15 2558
11 15 2558
6 9 2559
11 9 2559
6 15 2560
11 15 2560
6 9 2561
11 9 2561
6 15 2562
11 15 2562
6 9 2563
11 9 2563
6 15 2564
11 15 2564
6 9 2565
11 9 2565
6 15 2566
11 15 2566
6 9 2567
11 9 2567
6 15 2568
11 15 2568
6 9 2569
11 9 2569
6 15 2570
11 15 2570
6 9 2571
11 9 2571
6 15 2572
11 15 2572
6 9 2573
11 9 2573
6 15 2574
11 15 2574
6 9 2575
11 9 2575
6 15 2576
11 15 2576
6 9 2577
11 9 2577
6 15 2578
11 15 2578
6 9 2579
11 9 2579
6 15 2580
11 15 2580
6 9 2581
11 9 2581
6 15 2582
11 15 2582
6 9 2583
11 9 2583
6 15 2584
11 15 2584
6 9 2585
11 9 2585
6 15 2586
11 15 2586
6 9 2587
11 9 2587
6 15 2588
11 15 2588
6 9 2589
11 9 2589
6 15 2590
11 15 2590
6 9 2591
11 9 2591
6 15 2592
11 15 2592
6 9 2593
11 9 2593
6 15 2594
11 15 2594
6 9 2595
11 9 2595
6 15 2596
11 15 2596
6 9 2597
11 9 2597
6 15 2598
11 15 2598
6 9 2599
11 9 2599
6 15 2600
11 15 2600
6 9 2601
11 9 2601
6 15 2602
11 15 2602
6 9 2603
11 9 2603
6 15 2604
11 15 2604
6 9 2605
11 9 2605
6 15 2606
11 15 2606
6 9 2607
11 9 2607
6 15 2608
11 15 2608
6 9 2609
11 9 2609
6 15 2610
11 15 2610
6 9 2611
11 9 2611
6 15 2612
11 15 2612
6 9 2613
11 9 2613
6 15 2614
11 15 2614
6 9 2615
11 9 2615
6 15 2616
11 15 2616
6 9 2617
11 9 2617
6 15 2618
11 15 2618
6 9 2619
11 9 2619
6 15 2620
11 15 2620
6 9 2621
11 9 2621
6 15 2622
11 15 2622
