3 7 1
5 7 1
3 10 2
5 10 2
3 7 3
5 7 3
3 10 4
5 10 4
3 7 5
5 7 5
3 10 6
5 10 6
3 7 7
5 7 7
3 10 8
5 10 8
3 7 9
5 7 9
3 10 10
5 10 10
3 7 11
5 7 11
3 10 12
5 10 12
3 7 13
5 7 13
3 10 14
5 10 14
3 7 15
5 7 15
3 10 16
5 10 16
3 7 17
5 7 17
3 10 18
5 10 18
3 7 19
5 7 19
3 10 20
5 10 20
3 7 21
5 7 21
3 10 22
5 10 22
3 7 23
5 7 23
3 10 24
5 10 24
3 7 25
5 7 25
3 10 26
5 10 26
3 7 27
5 7 27
3 10 28
5 10 28
3 7 29
5 7 29
3 10 30
5 10 30
3 7 31
5 7 31
3 10 32
5 10 32
3 7 33
5 7 33
3 10 34
5 10 34
3 7 35
5 7 35
3 10 36
5 10 36
3 7 37
5 7 37
3 10 38
5 10 38
3 7 39
5 7 39
3 10 40
5 10 40
3 7 41
5 7 41
3 10 42
5 10 42
3 7 43
5 7 43
3 10 44
5 10 44
3 7 45
5 7 45
3 10 46
5 10 46
3 7 47
5 7 47
3 10 48
5 10 48
3 7 49
5 7 49
3 10 50
5 10 50
3 7 51
5 7 51
3 10 52
5 10 52
3 7 53
5 7 53
3 10 54
5 10 54
3 7 55
5 7 55
3 10 56
5 10 56
3 7 57
5 7 57
3 10 58
5 10 58
3 7 59
5 7 59
3 10 60
5 10 60
3 7 61
5 7 61
3 10 62
5 10 62
3 7 63
5 7 63
3 10 64
5 10 64
3 7 65
5 7 65
3 10 66
5 10 66
3 7 67
5 7 67
3 10 68
5 10 68
3 7 69
5 7 69
3 10 70
5 10 70
3 7 71
5 7 71
3 10 72
5 10 72
3 7 73
5 7 73
3 10 74
5 10 74
3 7 75
5 7 75
3 10 76
5 10 76
3 7 77
5 7 77
3 10 78
5 10 78
3 7 79
5 7 79
3 10 80
5 10 80
3 7 81
5 7 81
3 10 82
5 10 82
3 7 83
5 7 83
3 10 84
5 10 84
3 7 85
5 7 85
3 10 86
5 10 86
3 7 87
5 7 87
3 10 88
5 10 88
3 7 89
5 7 89
3 10 90
5 10 90
3 7 91
5 7 91
3 10 92
5 10 92
3 7 93
5 7 93
3 10 94
5 10 94
3 7 95
5 7 95
3 10 96
5 10 96
3 7 97
5 7 97
3 10 98
5 10 98
3 7 99
5 7 99
3 10 100
5 10 100
3 7 101
5 7 101
3 10 102
5 10 102
3 7 103
5 7 103
3 10 104
5 10 104
3 7 105
5 7 105
3 10 106
5 10 106
3 7 107
5 7 107
3 10 108
5 10 108
3 7 109
5 7 109
3 10 110
5 10 110
3 7 111
5 7 111
3 10 112
5 10 112
3 7 113
5 7 113
3 10 114
5 10 114
3 7 115
5 7 115
3 10 116
5 10 116
3 7 117
5 7 117
3 10 118
5 10 118
3 7 119
5 7 119
3 10 120
5 10 120
3 7 121
5 7 121
3 10 122
5 10 122
3 7 123
5 7 123
3 10 124
5 10 124
3 7 125
5 7 125
3 10 126
5 10 126
3 7 127
5 7 127
3 10 128
5 10 128
3 7 129
5 7 129
3 10 130
5 10 130
3 7 131
5 7 131
3 10 132
5 10 132
3 7 133
5 7 133
3 10 134
5 10 134
3 7 135
5 7 135
3 10 136
5 10 136
3 7 137
5 7 137
3 10 138
5 10 138
3 7 139
5 7 139
3 10 140
5 10 140
3 7 141
5 7 141
3 10 142
5 10 142
3 7 143
5 7 143
3 10 144
5 10 144
3 7 145
5 7 145
3 10 146
5 10 146
3 7 147
5 7 147
3 10 148
5 10 148
3 7 149
5 7 149
3 10 150
5 10 150
3 7 151
5 7 151
3 10 152
5 10 152
3 7 153
5 7 153
3 10 154
5 10 154
3 7 155
5 7 155
3 10 156
5 10 156
3 7 157
5 7 157
3 10 158
5 10 158
3 7 159
5 7 159
3 10 160
5 10 160
3 7 161
5 7 161
3 10 162
5 10 162
3 7 163
5 7 163
3 10 164
5 10 164
3 7 165
5 7 165
3 10 166
5 10 166
3 7 167
5 7 167
3 10 168
5 10 168
3 7 169
5 7 169
3 10 170
5 10 170
3 7 171
5 7 171
3 10 172
5 10 172
3 7 173
5 7 173
3 10 174
5 10 174
3 7 175
5 7 175
3 10 176
5 10 176
3 7 177
5 7 177
3 10 178
5 10 178
3 7 179
5 7 179
3 10 180
5 10 180
3 7 181
5 7 181
3 10 182
5 10 182
3 7 183
5 7 183
3 10 184
5 10 184
3 7 185
5 7 185
3 10 186
5 10 186
3 7 187
5 7 187
3 10 188
5 10 188
3 7 189
5 7 189
3 10 190
5 10 190
3 7 191
5 7 191
3 10 192
5 10 192
3 7 193
5 7 193
3 10 194
5 10 194
3 7 195
5 7 195
3 10 196
5 10 196
3 7 197
5 7 197
3 10 198
5 10 198
3 7 199
5 7 199
3 10 200
5 10 200
3 7 201
5 7 201
3 10 202
5 10 202
3 7 203
5 7 203
3 10 204
5 10 204
3 7 205
5 7 205
3 10 206
5 10 206
3 7 207
5 7 207
3 10 208
5 10 208
3 7 209
5 7 209
3 10 210
5 10 210
3 7 211
5 7 211
3 10 212
5 10 212
3 7 213
5 7 213
3 10 214
5 10 214
3 7 215
5 7 215
3 10 216
5 10 216
3 7 217
5 7 217
3 10 218
5 10 218
3 7 219
5 7 219
3 10 220
5 10 220
3 7 221
5 7 221
3 10 222
5 10 222
3 7 223
5 7 223
3 10 224
5 10 224
3 7 225
5 7 225
3 10 226
5 10 226
3 7 227
5 7 227
3 10 228
5 10 228
3 7 229
5 7 229
3 10 230
5 10 230
3 7 231
5 7 231
3 10 232
5 10 232
3 7 233
5 7 233
3 10 234
5 10 234
3 7 235
5 7 235
3 10 236
5 10 236
3 7 237
5 7 237
3 10 238
5 10 238
3 7 239
5 7 239
3 10 240
5 10 240
3 7 241
5 7 241
3 10 242
5 10 242
3 7 243
5 7 243
3 10 244
5 10 244
3 7 245
5 7 245
3 10 246
5 10 246
3 7 247
5 7 247
3 10 248
5 10 248
3 7 249
5 7 249
3 10 250
5 10 250
3 7 251
5 7 251
3 10 252
5 10 252
3 7 253
5 7 253
3 10 254
5 10 254
3 7 255
5 7 255
3 10 256
5 10 256
3 7 257
5 7 257
3 10 258
5 10 258
3 7 259
5 7 259
3 10 260
5 10 260
3 7 261
5 7 261
3 10 262
5 10 262
3 7 263
5 7 263
3 10 264
5 10 264
3 7 265
5 7 265
3 10 266
5 10 266
3 7 267
5 7 267
3 10 268
5 10 268
3 7 269
5 7 269
3 10 270
5 10 270
3 7 271
5 7 271
3 10 272
5 10 272
3 7 273
5 7 273
3 10 274
5 10 274
3 7 275
5 7 275
3 10 276
5 10 276
3 7 277
5 7 277
3 10 278
5 10 278
3 7 279
5 7 279
3 10 280
5 10 280
3 7 281
5 7 281
3 10 282
5 10 282
3 7 283
5 7 283
3 10 284
5 10 284
3 7 285
5 7 285
3 10 286
5 10 286
3 7 287
5 7 287
3 10 288
5 10 288
3 7 289
5 7 289
3 10 290
5 10 290
3 7 291
5 7 291
3 10 292
5 10 292
3 7 293
5 7 293
3 10 294
5 10 294
3 7 295
5 7 295
3 10 296
5 10 296
3 7 297
5 7 297
3 10 298
5 10 298
3 7 299
5 7 299
3 10 300
5 10 300
3 7 301
5 7 301
3 10 302
5 10 302
3 7 303
5 7 303
3 10 304
5 10 304
3 7 305
5 7 305
3 10 306
5 10 306
3 7 307
5 7 307
3 10 308
5 10 308
3 7 309
5 7 309
3 10 310
5 10 310
3 7 311
5 7 311
3 10 312
5 10 312
3 7 313
5 7 313
3 10 314
5 10 314
3 7 315
5 7 315
3 10 316
5 10 316
3 7 317
5 7 317
3 10 318
5 10 318
3 7 319
5 7 319
3 10 320
5 10 320
3 7 321
5 7 321
3 10 322
5 10 322
3 7 323
5 7 323
3 10 324
5 10 324
3 7 325
5 7 325
3 10 326
5 10 326
3 7 327
5 7 327
3 10 328
5 10 328
3 7 329
5 7 329
3 10 330
5 10 330
3 7 331
5 7 331
3 10 332
5 10 332
3 7 333
5 7 333
3 10 334
5 10 334
3 7 335
5 7 335
3 10 336
5 10 336
3 7 337
5 7 337
3 10 338
5 10 338
3 7 339
5 7 339
3 10 340
5 10 340
3 7 341
5 7 341
3 10 342
5 10 342
3 7 343
5 7 343
3 10 344
5 10 344
3 7 345
5 7 345
3 10 346
5 10 346
3 7 347
5 7 347
3 10 348
5 10 348
3 7 349
5 7 349
3 10 350
5 10 350
3 7 351
5 7 351
3 10 352
5 10 352
3 7 353
5 7 353
3 10 354
5 10 354
3 7 355
5 7 355
3 10 356
5 10 356
3 7 357
5 7 357
3 10 358
5 10 358
3 7 359
5 7 359
3 10 360
5 10 360
3 7 361
5 7 361
3 10 362
5 10 362
3 7 363
5 7 363
3 10 364
5 10 364
3 7 365
5 7 365
3 10 366
5 10 366
3 7 367
5 7 367
3 10 368
5 10 368
3 7 369
5 7 369
3 10 370
5 10 370
3 7 371
5 7 371
3 10 372
5 10 372
3 7 373
5 7 373
3 10 374
5 10 374
3 7 375
5 7 375
3 10 376
5 10 376
3 7 377
5 7 377
3 10 378
5 10 378
3 7 379
5 7 379
3 10 380
5 10 380
3 7 381
5 7 381
3 10 382
5 10 382
3 7 383
5 7 383
3 10 384
5 10 384
3 7 385
5 7 385
3 10 386
5 10 386
3 7 387
5 7 387
3 10 388
5 10 388
3 7 389
5 7 389
3 10 390
5 10 390
3 7 391
5 7 391
3 10 392
5 10 392
3 7 393
5 7 393
3 10 394
5 10 394
3 7 395
5 7 395
3 10 396
5 10 396
3 7 397
5 7 397
3 10 398
5 10 398
3 7 399
5 7 399
3 10 400
5 10 400
3 7 401
5 7 401
3 10 402
5 10 402
3 7 403
5 7 403
3 10 404
5 10 404
3 7 405
5 7 405
3 10 406
5 10 406
3 7 407
5 7 407
3 10 408
5 10 408
3 7 409
5 7 409
3 10 410
5 10 410
3 7 411
5 7 411
3 10 412
5 10 412
3 7 413
5 7 413
3 10 414
5 10 414
3 7 415
5 7 415
3 10 416
5 10 416
3 7 417
5 7 417
3 10 418
5 10 418
3 7 419
5 7 419
3 10 420
5 10 420
3 7 421
5 7 421
3 10 422
5 10 422
3 7 423
5 7 423
3 10 424
5 10 424
3 7 425
5 7 425
3 10 426
5 10 426
3 7 427
5 7 427
3 10 428
5 10 428
3 7 429
5 7 429
3 10 430
5 10 430
3 7 431
5 7 431
3 10 432
5 10 432
3 7 433
5 7 433
3 10 434
5 10 434
3 7 435
5 7 435
3 10 436
5 10 436
3 7 437
5 7 437
3 10 438
5 10 438
3 7 439
5 7 439
3 10 440
5 10 440
3 7 441
5 7 441
3 10 442
5 10 442
3 7 443
5 7 443
3 10 444
5 10 444
3 7 445
5 7 445
3 10 446
5 10 446
3 7 447
5 7 447
3 10 448
5 10 448
3 7 449
5 7 449
3 10 450
5 10 450
3 7 451
5 7 451
3 10 452
5 10 452
3 7 453
5 7 453
3 10 454
5 10 454
3 7 455
5 7 455
3 10 456
5 10 456
3 7 457
5 7 457
3 10 458
5 10 458
3 7 459
5 7 459
3 10 460
5 10 460
3 7 461
5 7 461
3 10 462
5 10 462
3 7 463
5 7 463
3 10 464
5 10 464
3 7 465
5 7 465
3 10 466
5 10 466
3 7 467
5 7 467
3 10 468
5 10 468
3 7 469
5 7 469
3 10 470
5 10 470
3 7 471
5 7 471
3 10 472
5 10 472
3 7 473
5 7 473
3 10 474
5 10 474
3 7 475
5 7 475
3 10 476
5 10 476
3 7 477
5 7 477
3 10 478
5 10 478
3 7 479
5 7 479
3 10 480
5 10 480
3 7 481
5 7 481
3 10 482
5 10 482
3 7 483
5 7 483
3 10 484
5 10 484
3 7 485
5 7 485
3 10 486
5 10 486
3 7 487
5 7 487
3 10 488
5 10 488
3 7 489
5 7 489
3 10 490
5 10 490
3 7 491
5 7 491
3 10 492
5 10 492
3 7 493
5 7 493
3 10 494
5 10 494
3 7 495
5 7 495
3 10 496
5 10 496
3 7 497
5 7 497
3 10 498
5 10 498
3 7 499
5 7 499
3 10 500
5 10 500
3 7 501
5 7 501
3 10 502
5 10 502
3 7 503
5 7 503
3 10 504
5 10 504
3 7 505
5 7 505
3 10 506
5 10 506
3 7 507
5 7 507
3 10 508
5 10 508
3 7 509
5 7 509
3 10 510
5 10 510
3 7 511
5 7 511
3 10 512
5 10 512
3 7 513
5 7 513
3 10 514
5 10 514
3 7 515
5 7 515
3 10 516
5 10 516
3 7 517
5 7 517
3 10 518
5 10 518
3 7 519
5 7 519
3 10 520
5 10 520
3 7 521
5 7 521
3 10 522
5 10 522
3 7 523
5 7 523
3 10 524
5 10 524
3 7 525
5 7 525
3 10 526
5 10 526
3 7 527
5 7 527
3 10 528
5 10 528
3 7 529
5 7 529
3 10 530
5 10 530
3 7 531
5 7 531
3 10 532
5 10 532
3 7 533
5 7 533
3 10 534
5 10 534
3 7 535
5 7 535
3 10 536
5 10 536
3 7 537
5 7 537
3 10 538
5 10 538
3 7 539
5 7 539
3 10 540
5 10 540
3 7 541
5 7 541
3 10 542
5 10 542
3 7 543
5 7 543
3 10 544
5 10 544
3 7 545
5 7 545
3 10 546
5 10 546
3 7 547
5 7 547
3 10 548
5 10 548
3 7 549
5 7 549
3 10 550
5 10 550
3 7 551
5 7 551
3 10 552
5 10 552
3 7 553
5 7 553
3 10 554
5 10 554
3 7 555
5 7 555
3 10 556
5 10 556
3 7 557
5 7 557
3 10 558
5 10 558
3 7 559
5 7 559
3 10 560
5 10 560
3 7 561
5 7 561
3 10 562
5 10 562
3 7 563
5 7 563
3 10 564
5 10 564
3 7 565
5 7 565
3 10 566
5 10 566
3 7 567
5 7 567
3 10 568
5 10 568
3 7 569
5 7 569
3 10 570
5 10 570
3 7 571
5 7 571
3 10 572
5 10 572
3 7 573
5 7 573
3 10 574
5 10 574
3 7 575
5 7 575
3 10 576
5 10 576
3 7 577
5 7 577
3 10 578
5 10 578
3 7 579
5 7 579
3 10 580
5 10 580
3 7 581
5 7 581
3 10 582
5 10 582
3 7 583
5 7 583
3 10 584
5 10 584
3 7 585
5 7 585
3 10 586
5 10 586
3 7 587
5 7 587
3 10 588
5 10 588
3 7 589
5 7 589
3 10 590
5 10 590
3 7 591
5 7 591
3 10 592
5 10 592
3 7 593
5 7 593
3 10 594
5 10 594
3 7 595
5 7 595
3 10 596
5 10 596
3 7 597
5 7 597
3 10 598
5 10 598
3 7 599
5 7 599
3 10 600
5 10 600
3 7 601
5 7 601
3 10 602
5 10 602
3 7 603
5 7 603
3 10 604
5 10 604
3 7 605
5 7 605
3 10 606
5 10 606
3 7 607
5 7 607
3 10 608
5 10 608
3 7 609
5 7 609
3 10 610
5 10 610
3 7 611
5 7 611
3 10 612
5 10 612
3 7 613
5 7 613
3 10 614
5 10 614
3 7 615
5 7 615
3 10 616
5 10 616
3 7 617
5 7 617
3 10 618
5 10 618
3 7 619
5 7 619
3 10 620
5 10 620
3 7 621
5 7 621
3 10 622
5 10 622
3 7 623
5 7 623
3 10 624
5 10 624
3 7 625
5 7 625
3 10 626
5 10 626
3 7 627
5 7 627
3 10 628
5 10 628
3 7 629
5 7 629
3 10 630
5 10 630
3 7 631
5 7 631
3 10 632
5 10 632
3 7 633
5 7 633
3 10 634
5 10 634
3 7 635
5 7 635
3 10 636
5 10 636
3 7 637
5 7 637
3 10 638
5 10 638
3 7 639
5 7 639
3 10 640
5 10 640
3 7 641
5 7 641
3 10 642
5 10 642
3 7 643
5 7 643
3 10 644
5 10 644
3 7 645
5 7 645
3 10 646
5 10 646
3 7 647
5 7 647
3 10 648
5 10 648
3 7 649
5 7 649
3 10 650
5 10 650
3 7 651
5 7 651
3 10 652
5 10 652
3 7 653
5 7 653
3 10 654
5 10 654
3 7 655
5 7 655
3 10 656
5 10 656
3 7 657
5 7 657
3 10 658
5 10 658
3 7 659
5 7 659
3 10 660
5 10 660
3 7 661
5 7 661
3 10 662
5 10 662
3 7 663
5 7 663
3 10 664
5 10 664
3 7 665
5 7 665
3 10 666
5 10 666
3 7 667
5 7 667
3 10 668
5 10 668
3 7 669
5 7 669
3 10 670
5 10 670
3 7 671
5 7 671
3 10 672
5 10 672
3 7 673
5 7 673
3 10 674
5 10 674
3 7 675
5 7 675
3 10 676
5 10 676
3 7 677
5 7 677
3 10 678
5 10 678
3 7 679
5 7 679
3 10 680
5 10 680
3 7 681
5 7 681
3 10 682
5 10 682
3 7 683
5 7 683
3 10 684
5 10 684
3 7 685
5 7 685
3 10 686
5 10 686
3 7 687
5 7 687
3 10 688
5 10 688
3 7 689
5 7 689
3 10 690
5 10 690
3 7 691
5 7 691
3 10 692
5 10 692
3 7 693
5 7 693
3 10 694
5 10 694
3 7 695
5 7 695
3 10 696
5 10 696
3 7 697
5 7 697
3 10 698
5 10 698
3 7 699
5 7 699
3 10 700
5 10 700
3 7 701
5 7 701
3 10 702
5 10 702
3 7 703
5 7 703
3 10 704
5 10 704
3 7 705
5 7 705
3 10 706
5 10 706
3 7 707
5 7 707
3 10 708
5 10 708
3 7 709
5 7 709
3 10 710
5 10 710
3 7 711
5 7 711
3 10 712
5 10 712
3 7 713
5 7 713
3 10 714
5 10 714
3 7 715
5 7 715
3 10 716
5 10 716
3 7 717
5 7 717
3 10 718
5 10 718
3 7 719
5 7 719
3 10 720
5 10 720
3 7 721
5 7 721
3 10 722
5 10 722
3 7 723
5 7 723
3 10 724
5 10 724
3 7 725
5 7 725
3 10 726
5 10 726
3 7 727
5 7 727
3 10 728
5 10 728
3 7 729
5 7 729
3 10 730
5 10 730
3 7 731
5 7 731
3 10 732
5 10 732
3 7 733
5 7 733
3 10 734
5 10 734
3 7 735
5 7 735
3 10 736
5 10 736
3 7 737
5 7 737
3 10 738
5 10 738
3 7 739
5 7 739
3 10 740
5 10 740
3 7 741
5 7 741
3 10 742
5 10 742
3 7 743
5 7 743
3 10 744
5 10 744
3 7 745
5 7 745
3 10 746
5 10 746
3 7 747
5 7 747
3 10 748
5 10 748
3 7 749
5 7 749
3 10 750
5 10 750
3 7 751
5 7 751
3 10 752
5 10 752
3 7 753
5 7 753
3 10 754
5 10 754
3 7 755
5 7 755
3 10 756
5 10 756
3 7 757
5 7 757
3 10 758
5 10 758
3 7 759
5 7 759
3 10 760
5 10 760
3 7 761
5 7 761
3 10 762
5 10 762
3 7 763
5 7 763
3 10 764
5 10 764
3 7 765
5 7 765
3 10 766
5 10 766
3 7 767
5 7 767
3 10 768
5 10 768
3 7 769
5 7 769
3 10 770
5 10 770
3 7 771
5 7 771
3 10 772
5 10 772
3 7 773
5 7 773
3 10 774
5 10 774
3 7 775
5 7 775
3 10 776
5 10 776
3 7 777
5 7 777
3 10 778
5 10 778
3 7 779
5 7 779
3 10 780
5 10 780
3 7 781
5 7 781
3 10 782
5 10 782
3 7 783
5 7 783
3 10 784
5 10 784
3 7 785
5 7 785
3 10 786
5 10 786
3 7 787
5 7 787
3 10 788
5 10 788
3 7 789
5 7 789
3 10 790
5 10 790
3 7 791
5 7 791
3 10 792
5 10 792
3 7 793
5 7 793
3 10 794
5 10 794
3 7 795
5 7 795
3 10 796
5 10 796
3 7 797
5 7 797
3 10 798
5 10 798
3 7 799
5 7 799
3 10 800
5 10 800
3 7 801
5 7 801
3 10 802
5 10 802
3 7 803
5 7 803
3 10 804
5 10 804
3 7 805
5 7 805
3 10 806
5 10 806
3 7 807
5 7 807
3 10 808
5 10 808
3 7 809
5 7 809
3 10 810
5 10 810
3 7 811
5 7 811
3 10 812
5 10 812
3 7 813
5 7 813
3 10 814
5 10 814
3 7 815
5 7 815
3 10 816
5 10 816
3 7 817
5 7 817
3 10 818
5 10 818
3 7 819
5 7 819
3 10 820
5 10 820
3 7 821
5 7 821
3 10 822
5 10 822
3 7 823
5 7 823
3 10 824
5 10 824
3 7 825
5 7 825
3 10 826
5 10 826
3 7 827
5 7 827
3 10 828
5 10 828
3 7 829
5 7 829
3 10 830
5 10 830
3 7 831
5 7 831
3 10 832
5 10 832
3 7 833
5 7 833
3 10 834
5 10 834
3 7 835
5 7 835
3 10 836
5 10 836
3 7 837
5 7 837
3 10 838
5 10 838
3 7 839
5 7 839
3 10 840
5 10 840
3 7 841
5 7 841
3 10 842
5 10 842
3 7 843
5 7 843
3 10 844
5 10 844
3 7 845
5 7 845
3 10 846
5 10 846
3 7 847
5 7 847
3 10 848
5 10 848
3 7 849
5 7 849
3 10 850
5 10 850
3 7 851
5 7 851
3 10 852
5 10 852
3 7 853
5 7 853
3 10 854
5 10 854
3 7 855
5 7 855
3 10 856
5 10 856
3 7 857
5 7 857
3 10 858
5 10 858
3 7 859
5 7 859
3 10 860
5 10 860
3 7 861
5 7 861
3 10 862
5 10 862
3 7 863
5 7 863
3 10 864
5 10 864
3 7 865
5 7 865
3 10 866
5 10 866
3 7 867
5 7 867
3 10 868
5 10 868
3 7 869
5 7 869
3 10 870
5 10 870
3 7 871
5 7 871
3 10 872
5 10 872
3 7 873
5 7 873
3 10 874
5 10 874
3 7 875
5 7 875
3 10 876
5 10 876
3 7 877
5 7 877
3 10 878
5 10 878
3 7 879
5 7 879
3 10 880
5 10 880
3 7 881
5 7 881
3 10 882
5 10 882
3 7 883
5 7 883
3 10 884
5 10 884
3 7 885
5 7 885
3 10 886
5 10 886
3 7 887
5 7 887
3 10 888
5 10 888
3 7 889
5 7 889
3 10 890
5 10 890
3 7 891
5 7 891
3 10 892
5 10 892
3 7 893
5 7 893
3 10 894
5 10 894
3 7 895
5 7 895
3 10 896
5 10 896
3 7 897
5 7 897
3 10 898
5 10 898
3 7 899
5 7 899
3 10 900
5 10 900
3 7 901
5 7 901
3 10 902
5 10 902
3 7 903
5 7 903
3 10 904
5 10 904
3 7 905
5 7 905
3 10 906
5 10 906
3 7 907
5 7 907
3 10 908
5 10 908
3 7 909
5 7 909
3 10 910
5 10 910
3 7 911
5 7 911
3 10 912
5 10 912
3 7 913
5 7 913
3 10 914
5 10 914
3 7 915
5 7 915
3 10 916
5 10 916
3 7 917
5 7 917
3 10 918
5 10 918
3 7 919
5 7 919
3 10 920
5 10 920
3 7 921
5 7 921
3 10 922
5 10 922
3 7 923
5 7 923
3 10 924
5 10 924
3 7 925
5 7 925
3 10 926
5 10 926
3 7 927
5 7 927
3 10 928
5 10 928
3 7 929
5 7 929
3 10 930
5 10 930
3 7 931
5 7 931
3 10 932
5 10 932
3 7 933
5 7 933
3 10 934
5 10 934
3 7 935
5 7 935
3 10 936
5 10 936
3 7 937
5 7 937
3 10 938
5 10 938
3 7 939
5 7 939
3 10 940
5 10 940
3 7 941
5 7 941
3 10 942
5 10 942
3 7 943
5 7 943
3 10 944
5 10 944
3 7 945
5 7 945
3 10 946
5 10 946
3 7 947
5 7 947
3 10 948
5 10 948
3 7 949
5 7 949
3 10 950
5 10 950
3 7 951
5 7 951
3 10 952
5 10 952
3 7 953
5 7 953
3 10 954
5 10 954
3 7 955
5 7 955
3 10 956
5 10 956
3 7 957
5 7 957
3 10 958
5 10 958
3 7 959
5 7 959
3 10 960
5 10 960
3 7 961
5 7 961
3 10 962
5 10 962
3 7 963
5 7 963
3 10 964
5 10 964
3 7 965
5 7 965
3 10 966
5 10 966
3 7 967
5 7 967
3 10 968
5 10 968
3 7 969
5 7 969
3 10 970
5 10 970
3 7 971
5 7 971
3 10 972
5 10 972
3 7 973
5 7 973
3 10 974
5 10 974
3 7 975
5 7 975
3 10 976
5 10 976
3 7 977
5 7 977
3 10 978
5 10 978
3 7 979
5 7 979
3 10 980
5 10 980
3 7 981
5 7 981
3 10 982
5 10 982
3 7 983
5 7 983
3 10 984
5 10 984
3 7 985
5 7 985
3 10 986
5 10 986
3 7 987
5 7 987
3 10 988
5 10 988
3 7 989
5 7 989
3 10 990
5 10 990
3 7 991
5 7 991
3 10 992
5 10 992
3 7 993
5 7 993
3 10 994
5 10 994
3 7 995
5 7 995
3 10 996
5 10 996
3 7 997
5 7 997
3 10 998
5 10 998
3 7 999
5 7 999
3 10 1000
5 10 1000
3 7 1001
5 7 1001
3 10 1002
5 10 1002
3 7 1003
5 7 1003
3 10 1004
5 10 1004
3 7 1005
5 7 1005
3 10 1006
5 10 1006
3 7 1007
5 7 1007
3 10 1008
5 10 1008
3 7 1009
5 7 1009
3 10 1010
5 10 1010
3 7 1011
5 7 1011
3 10 1012
5 10 1012
3 7 1013
5 7 1013
3 10 1014
5 10 1014
3 7 1015
5 7 1015
3 10 1016
5 10 1016
3 7 1017
5 7 1017
3 10 1018
5 10 1018
3 7 1019
5 7 1019
3 10 1020
5 10 1020
3 7 1021
5 7 1021
3 10 1022
5 10 1022
3 7 1023
5 7 1023
3 10 1024
5 10 1024
3 7 1025
5 7 1025
3 10 1026
5 10 1026
3 7 1027
5 7 1027
3 10 1028
5 10 1028
3 7 1029
5 7 1029
3 10 1030
5 10 1030
3 7 1031
5 7 1031
3 10 1032
5 10 1032
3 7 1033
5 7 1033
3 10 1034
5 10 1034
3 7 1035
5 7 1035
3 10 1036
5 10 1036
3 7 1037
5 7 1037
3 10 1038
5 10 1038
3 7 1039
5 7 1039
3 10 1040
5 10 1040
3 7 1041
5 7 1041
3 10 1042
5 10 1042
3 7 1043
5 7 1043
3 10 1044
5 10 1044
3 7 1045
5 7 1045
3 10 1046
5 10 1046
3 7 1047
5 7 1047
3 10 1048
5 10 1048
3 7 1049
5 7 1049
3 10 1050
5 10 1050
3 7 1051
5 7 1051
3 10 1052
5 10 1052
3 7 1053
5 7 1053
3 10 1054
5 10 1054
3 7 1055
5 7 1055
3 10 1056
5 10 1056
3 7 1057
5 7 1057
3 10 1058
5 10 1058
3 7 1059
5 7 1059
3 10 1060
5 10 1060
3 7 1061
5 7 1061
3 10 1062
5 10 1062
3 7 1063
5 7 1063
3 10 1064
5 10 1064
3 7 1065
5 7 1065
3 10 1066
5 10 1066
3 7 1067
5 7 1067
3 10 1068
5 10 1068
3 7 1069
5 7 1069
3 10 1070
5 10 1070
3 7 1071
5 7 1071
3 10 1072
5 10 1072
3 7 1073
5 7 1073
3 10 1074
5 10 1074
3 7 1075
5 7 1075
3 10 1076
5 10 1076
3 7 1077
5 7 1077
3 10 1078
5 10 1078
3 7 1079
5 7 1079
3 10 1080
5 10 1080
3 7 1081
5 7 1081
3 10 1082
5 10 1082
3 7 1083
5 7 1083
3 10 1084
5 10 1084
3 7 1085
5 7 1085
3 10 1086
5 10 1086
3 7 1087
5 7 1087
3 10 1088
5 10 1088
3 7 1089
5 7 1089
3 10 1090
5 10 1090
3 7 1091
5 7 1091
3 10 1092
5 10 1092
3 7 1093
5 7 1093
3 10 1094
5 10 1094
3 7 1095
5 7 1095
3 10 1096
5 10 1096
3 7 1097
5 7 1097
3 10 1098
5 10 1098
3 7 1099
5 7 1099
3 10 1100
5 10 1100
3 7 1101
5 7 1101
3 10 1102
5 10 1102
3 7 1103
5 7 1103
3 10 1104
5 10 1104
3 7 1105
5 7 1105
3 10 1106
5 10 1106
3 7 1107
5 7 1107
3 10 1108
5 10 1108
3 7 1109
5 7 1109
3 10 1110
5 10 1110
3 7 1111
5 7 1111
3 10 1112
5 10 1112
3 7 1113
5 7 1113
3 10 1114
5 10 1114
3 7 1115
5 7 1115
3 10 1116
5 10 1116
3 7 1117
5 7 1117
3 10 1118
5 10 1118
3 7 1119
5 7 1119
3 10 1120
5 10 1120
3 7 1121
5 7 1121
3 10 1122
5 10 1122
3 7 1123
5 7 1123
3 10 1124
5 10 1124
3 7 1125
5 7 1125
3 10 1126
5 10 1126
3 7 1127
5 7 1127
3 10 1128
5 10 1128
3 7 1129
5 7 1129
3 10 1130
5 10 1130
3 7 1131
5 7 1131
3 10 1132
5 10 1132
3 7 1133
5 7 1133
3 10 1134
5 10 1134
3 7 1135
5 7 1135
3 10 1136
5 10 1136
3 7 1137
5 7 1137
3 10 1138
5 10 1138
3 7 1139
5 7 1139
3 10 1140
5 10 1140
3 7 1141
5 7 1141
3 10 1142
5 10 1142
3 7 1143
5 7 1143
3 10 1144
5 10 1144
3 7 1145
5 7 1145
3 10 1146
5 10 1146
3 7 1147
5 7 1147
3 10 1148
5 10 1148
3 7 1149
5 7 1149
3 10 1150
5 10 1150
3 7 1151
5 7 1151
3 10 1152
5 10 1152
3 7 1153
5 7 1153
3 10 1154
5 10 1154
3 7 1155
5 7 1155
3 10 1156
5 10 1156
3 7 1157
5 7 1157
3 10 1158
5 10 1158
3 7 1159
5 7 1159
3 10 1160
5 10 1160
3 7 1161
5 7 1161
3 10 1162
5 10 1162
3 7 1163
5 7 1163
3 10 1164
5 10 1164
3 7 1165
5 7 1165
3 10 1166
5 10 1166
3 7 1167
5 7 1167
3 10 1168
5 10 1168
3 7 1169
5 7 1169
3 10 1170
5 10 1170
3 7 1171
5 7 1171
3 10 1172
5 10 1172
3 7 1173
5 7 1173
3 10 1174
5 10 1174
3 7 1175
5 7 1175
3 10 1176
5 10 1176
3 7 1177
5 7 1177
3 10 1178
5 10 1178
3 7 1179
5 7 1179
3 10 1180
5 10 1180
3 7 1181
5 7 1181
3 10 1182
5 10 1182
3 7 1183
5 7 1183
3 10 1184
5 10 1184
3 7 1185
5 7 1185
3 10 1186
5 10 1186
3 7 1187
5 7 1187
3 10 1188
5 10 1188
3 7 1189
5 7 1189
3 10 1190
5 10 1190
3 7 1191
5 7 1191
3 10 1192
5 10 1192
3 7 1193
5 7 1193
3 10 1194
5 10 1194
3 7 1195
5 7 1195
3 10 1196
5 10 1196
3 7 1197
5 7 1197
3 10 1198
5 10 1198
3 7 1199
5 7 1199
3 10 1200
5 10 1200
3 7 1201
5 7 1201
3 10 1202
5 10 1202
3 7 1203
5 7 1203
3 10 1204
5 10 1204
3 7 1205
5 7 1205
3 10 1206
5 10 1206
3 7 1207
5 7 1207
3 10 1208
5 10 1208
3 7 1209
5 7 1209
3 10 1210
5 10 1210
3 7 1211
5 7 1211
3 10 1212
5 10 1212
3 7 1213
5 7 1213
3 10 1214
5 10 1214
3 7 1215
5 7 1215
3 10 1216
5 10 1216
3 7 1217
5 7 1217
3 10 1218
5 10 1218
3 7 1219
5 7 1219
3 10 1220
5 10 1220
3 7 1221
5 7 1221
3 10 1222
5 10 1222
3 7 1223
5 7 1223
3 10 1224
5 10 1224
3 7 1225
5 7 1225
3 10 1226
5 10 1226
3 7 1227
5 7 1227
3 10 1228
5 10 1228
3 7 1229
5 7 1229
3 10 1230
5 10 1230
3 7 1231
5 7 1231
3 10 1232
5 10 1232
3 7 1233
5 7 1233
3 10 1234
5 10 1234
3 7 1235
5 7 1235
3 10 1236
5 10 1236
3 7 1237
5 7 1237
3 10 1238
5 10 1238
3 7 1239
5 7 1239
3 10 1240
5 10 1240
3 7 1241
5 7 1241
3 10 1242
5 10 1242
3 7 1243
5 7 1243
3 10 1244
5 10 1244
3 7 1245
5 7 1245
3 10 1246
5 10 1246
3 7 1247
5 7 1247
3 10 1248
5 10 1248
3 7 1249
5 7 1249
3 10 1250
5 10 1250
3 7 1251
5 7 1251
3 10 1252
5 10 1252
3 7 1253
5 7 1253
3 10 1254
5 10 1254
3 7 1255
5 7 1255
3 10 1256
5 10 1256
3 7 1257
5 7 1257
3 10 1258
5 10 1258
3 7 1259
5 7 1259
3 10 1260
5 10 1260
3 7 1261
5 7 1261
3 10 1262
5 10 1262
3 7 1263
5 7 1263
3 10 1264
5 10 1264
3 7 1265
5 7 1265
3 10 1266
5 10 1266
3 7 1267
5 7 1267
3 10 1268
5 10 1268
3 7 1269
5 7 1269
3 10 1270
5 10 1270
3 7 1271
5 7 1271
3 10 1272
5 10 1272
3 7 1273
5 7 1273
3 10 1274
5 10 1274
3 7 1275
5 7 1275
3 10 1276
5 10 1276
3 7 1277
5 7 1277
3 10 1278
5 10 1278
3 7 1279
5 7 1279
3 10 1280
5 10 1280
3 7 1281
5 7 1281
3 10 1282
5 10 1282
3 7 1283
5 7 1283
3 10 1284
5 10 1284
3 7 1285
5 7 1285
3 10 1286
5 10 1286
3 7 1287
5 7 1287
3 10 1288
5 10 1288
3 7 1289
5 7 1289
3 10 1290
5 10 1290
3 7 1291
5 7 1291
3 10 1292
5 10 1292
3 7 1293
5 7 1293
3 10 1294
5 10 1294
3 7 1295
5 7 1295
3 10 1296
5 10 1296
3 7 1297
5 7 1297
3 10 1298
5 10 1298
3 7 1299
5 7 1299
3 10 1300
5 10 1300
3 7 1301
5 7 1301
3 10 1302
5 10 1302
3 7 1303
5 7 1303
3 10 1304
5 10 1304
3 7 1305
5 7 1305
3 10 1306
5 10 1306
3 7 1307
5 7 1307
3 10 1308
5 10 1308
3 7 1309
5 7 1309
3 10 1310
5 10 1310
3 7 1311
5 7 1311
3 10 1312
5 10 1312
3 7 1313
5 7 1313
3 10 1314
5 10 1314
3 7 1315
5 7 1315
3 10 1316
5 10 1316
3 7 1317
5 7 1317
3 10 1318
5 10 1318
3 7 1319
5 7 1319
3 10 1320
5 10 1320
3 7 1321
5 7 1321
3 10 1322
5 10 1322
3 7 1323
5 7 1323
3 10 1324
5 10 1324
3 7 1325
5 7 1325
3 10 1326
5 10 1326
3 7 1327
5 7 1327
3 10 1328
5 10 1328
3 7 1329
5 7 1329
3 10 1330
5 10 1330
3 7 1331
5 7 1331
3 10 1332
5 10 1332
3 7 1333
5 7 1333
3 10 1334
5 10 1334
3 7 1335
5 7 1335
3 10 1336
5 10 1336
3 7 1337
5 7 1337
3 10 1338
5 10 1338
3 7 1339
5 7 1339
3 10 1340
5 10 1340
3 7 1341
5 7 1341
3 10 1342
5 10 1342
3 7 1343
5 7 1343
3 10 1344
5 10 1344
3 7 1345
5 7 1345
3 10 1346
5 10 1346
3 7 1347
5 7 1347
3 10 1348
5 10 1348
3 7 1349
5 7 1349
3 10 1350
5 10 1350
3 7 1351
5 7 1351
3 10 1352
5 10 1352
3 7 1353
5 7 1353
3 10 1354
5 10 1354
3 7 1355
5 7 1355
3 10 1356
5 10 1356
3 7 1357
5 7 1357
3 10 1358
5 10 1358
3 7 1359
5 7 1359
3 10 1360
5 10 1360
3 7 1361
5 7 1361
3 10 1362
5 10 1362
3 7 1363
5 7 1363
3 10 1364
5 10 1364
3 7 1365
5 7 1365
3 10 1366
5 10 1366
3 7 1367
5 7 1367
3 10 1368
5 10 1368
3 7 1369
5 7 1369
3 10 1370
5 10 1370
3 7 1371
5 7 1371
3 10 1372
5 10 1372
3 7 1373
5 7 1373
3 10 1374
5 10 1374
3 7 1375
5 7 1375
3 10 1376
5 10 1376
3 7 1377
5 7 1377
3 10 1378
5 10 1378
3 7 1379
5 7 1379
3 10 1380
5 10 1380
3 7 1381
5 7 1381
3 10 1382
5 10 1382
3 7 1383
5 7 1383
3 10 1384
5 10 1384
3 7 1385
5 7 1385
3 10 1386
5 10 1386
3 7 1387
5 7 1387
3 10 1388
5 10 1388
3 7 1389
5 7 1389
3 10 1390
5 10 1390
3 7 1391
5 7 1391
3 10 1392
5 10 1392
3 7 1393
5 7 1393
3 10 1394
5 10 1394
3 7 1395
5 7 1395
3 10 1396
5 10 1396
3 7 1397
5 7 1397
3 10 1398
5 10 1398
3 7 1399
5 7 1399
3 10 1400
5 10 1400
3 7 1401
5 7 1401
3 10 1402
5 10 1402
3 7 1403
5 7 1403
3 10 1404
5 10 1404
3 7 1405
5 7 1405
3 10 1406
5 10 1406
3 7 1407
5 7 1407
3 10 1408
5 10 1408
3 7 1409
5 7 1409
3 10 1410
5 10 1410
3 7 1411
5 7 1411
3 10 1412
5 10 1412
3 7 1413
5 7 1413
3 10 1414
5 10 1414
3 7 1415
5 7 1415
3 10 1416
5 10 1416
3 7 1417
5 7 1417
3 10 1418
5 10 1418
3 7 1419
5 7 1419
3 10 1420
5 10 1420
3 7 1421
5 7 1421
3 10 1422
5 10 1422
3 7 1423
5 7 1423
3 10 1424
5 10 1424
3 7 1425
5 7 1425
3 10 1426
5 10 1426
3 7 1427
5 7 1427
3 10 1428
5 10 1428
3 7 1429
5 7 1429
3 10 1430
5 10 1430
3 7 1431
5 7 1431
3 10 1432
5 10 1432
3 7 1433
5 7 1433
3 10 1434
5 10 1434
3 7 1435
5 7 1435
3 10 1436
5 10 1436
3 7 1437
5 7 1437
3 10 1438
5 10 1438
3 7 1439
5 7 1439
3 10 1440
5 10 1440
3 7 1441
5 7 1441
3 10 1442
5 10 1442
3 7 1443
5 7 1443
3 10 1444
5 10 1444
3 7 1445
5 7 1445
3 10 1446
5 10 1446
3 7 1447
5 7 1447
3 10 1448
5 10 1448
3 7 1449
5 7 1449
3 10 1450
5 10 1450
3 7 1451
5 7 1451
3 10 1452
5 10 1452
3 7 1453
5 7 1453
3 10 1454
5 10 1454
3 7 1455
5 7 1455
3 10 1456
5 10 1456
3 7 1457
5 7 1457
3 10 1458
5 10 1458
3 7 1459
5 7 1459
3 10 1460
5 10 1460
3 7 1461
5 7 1461
3 10 1462
5 10 1462
3 7 1463
5 7 1463
3 10 1464
5 10 1464
3 7 1465
5 7 1465
3 10 1466
5 10 1466
3 7 1467
5 7 1467
3 10 1468
5 10 1468
3 7 1469
5 7 1469
3 10 1470
5 10 1470
3 7 1471
5 7 1471
3 10 1472
5 10 1472
3 7 1473
5 7 1473
3 10 1474
5 10 1474
3 7 1475
5 7 1475
3 10 1476
5 10 1476
3 7 1477
5 7 1477
3 10 1478
5 10 1478
3 7 1479
5 7 1479
3 10 1480
5 10 1480
3 7 1481
5 7 1481
3 10 1482
5 10 1482
3 7 1483
5 7 1483
3 10 1484
5 10 1484
3 7 1485
5 7 1485
3 10 1486
5 10 1486
3 7 1487
5 7 1487
3 10 1488
5 10 1488
3 7 1489
5 7 1489
3 10 1490
5 10 1490
3 7 1491
5 7 1491
3 10 1492
5 10 1492
3 7 1493
5 7 1493
3 10 1494
5 10 1494
3 7 1495
5 7 1495
3 10 1496
5 10 1496
3 7 1497
5 7 1497
3 10 1498
5 10 1498
3 7 1499
5 7 1499
3 10 1500
5 10 1500
3 7 1501
5 7 1501
3 10 1502
5 10 1502
3 7 1503
5 7 1503
3 10 1504
5 10 1504
3 7 1505
5 7 1505
3 10 1506
5 10 1506
3 7 1507
5 7 1507
3 10 1508
5 10 1508
3 7 1509
5 7 1509
3 10 1510
5 10 1510
3 7 1511
5 7 1511
3 10 1512
5 10 1512
3 7 1513
5 7 1513
3 10 1514
5 10 1514
3 7 1515
5 7 1515
3 10 1516
5 10 1516
3 7 1517
5 7 1517
3 10 1518
5 10 1518
3 7 1519
5 7 1519
3 10 1520
5 10 1520
3 7 1521
5 7 1521
3 10 1522
5 10 1522
3 7 1523
5 7 1523
3 10 1524
5 10 1524
3 7 1525
5 7 1525
3 10 1526
5 10 1526
3 7 1527
5 7 1527
3 10 1528
5 10 1528
3 7 1529
5 7 1529
3 10 1530
5 10 1530
3 7 1531
5 7 1531
3 10 1532
5 10 1532
3 7 1533
5 7 1533
3 10 1534
5 10 1534
3 7 1535
5 7 1535
3 10 1536
5 10 1536
3 7 1537
5 7 1537
3 10 1538
5 10 1538
3 7 1539
5 7 1539
3 10 1540
5 10 1540
3 7 1541
5 7 1541
3 10 1542
5 10 1542
3 7 1543
5 7 1543
3 10 1544
5 10 1544
3 7 1545
5 7 1545
3 10 1546
5 10 1546
3 7 1547
5 7 1547
3 10 1548
5 10 1548
3 7 1549
5 7 1549
3 10 1550
5 10 1550
3 7 1551
5 7 1551
3 10 1552
5 10 1552
3 7 1553
5 7 1553
3 10 1554
5 10 1554
3 7 1555
5 7 1555
3 10 1556
5 10 1556
3 7 1557
5 7 1557
3 10 1558
5 10 1558
3 7 1559
5 7 1559
3 10 1560
5 10 1560
3 7 1561
5 7 1561
3 10 1562
5 10 1562
3 7 1563
5 7 1563
3 10 1564
5 10 1564
3 7 1565
5 7 1565
3 10 1566
5 10 1566
3 7 1567
5 7 1567
3 10 1568
5 10 1568
3 7 1569
5 7 1569
3 10 1570
5 10 1570
3 7 1571
5 7 1571
3 10 1572
5 10 1572
3 7 1573
5 7 1573
3 10 1574
5 10 1574
3 7 1575
5 7 1575
3 10 1576
5 10 1576
3 7 1577
5 7 1577
3 10 1578
5 10 1578
3 7 1579
5 7 1579
3 10 1580
5 10 1580
3 7 1581
5 7 1581
3 10 1582
5 10 1582
3 7 1583
5 7 1583
3 10 1584
5 10 1584
3 7 1585
5 7 1585
3 10 1586
5 10 1586
3 7 1587
5 7 1587
3 10 1588
5 10 1588
3 7 1589
5 7 1589
3 10 1590
5 10 1590
3 7 1591
5 7 1591
3 10 1592
5 10 1592
3 7 1593
5 7 1593
3 10 1594
5 10 1594
3 7 1595
5 7 1595
3 10 1596
5 10 1596
3 7 1597
5 7 1597
3 10 1598
5 10 1598
3 7 1599
5 7 1599
3 10 1600
5 10 1600
3 7 1601
5 7 1601
3 10 1602
5 10 1602
3 7 1603
5 7 1603
3 10 1604
5 10 1604
3 7 1605
5 7 1605
3 10 1606
5 10 1606
3 7 1607
5 7 1607
3 10 1608
5 10 1608
3 7 1609
5 7 1609
3 10 1610
5 10 1610
3 7 1611
5 7 1611
3 10 1612
5 10 1612
3 7 1613
5 7 1613
3 10 1614
5 10 1614
3 7 1615
5 7 1615
3 10 1616
5 10 1616
3 7 1617
5 7 1617
3 10 1618
5 10 1618
3 7 1619
5 7 1619
3 10 1620
5 10 1620
3 7 1621
5 7 1621
3 10 1622
5 10 1622
3 7 1623
5 7 1623
3 10 1624
5 10 1624
3 7 1625
5 7 1625
3 10 1626
5 10 1626
3 7 1627
5 7 1627
3 10 1628
5 10 1628
3 7 1629
5 7 1629
3 10 1630
5 10 1630
3 7 1631
5 7 1631
3 10 1632
5 10 1632
3 7 1633
5 7 1633
3 10 1634
5 10 1634
3 7 1635
5 7 1635
3 10 1636
5 10 1636
3 7 1637
5 7 1637
3 10 1638
5 10 1638
3 7 1639
5 7 1639
3 10 1640
5 10 1640
3 7 1641
5 7 1641
3 10 1642
5 10 1642
3 7 1643
5 7 1643
3 10 1644
5 10 1644
3 7 1645
5 7 1645
3 10 1646
5 10 1646
3 7 1647
5 7 1647
3 10 1648
5 10 1648
3 7 1649
5 7 1649
3 10 1650
5 10 1650
3 7 1651
5 7 1651
3 10 1652
5 10 1652
3 7 1653
5 7 1653
3 10 1654
5 10 1654
3 7 1655
5 7 1655
3 10 1656
5 10 1656
3 7 1657
5 7 1657
3 10 1658
5 10 1658
3 7 1659
5 7 1659
3 10 1660
5 10 1660
3 7 1661
5 7 1661
3 10 1662
5 10 1662
3 7 1663
5 7 1663
3 10 1664
5 10 1664
3 7 1665
5 7 1665
3 10 1666
5 10 1666
3 7 1667
5 7 1667
3 10 1668
5 10 1668
3 7 1669
5 7 1669
3 10 1670
5 10 1670
3 7 1671
5 7 1671
3 10 1672
5 10 1672
3 7 1673
5 7 1673
3 10 1674
5 10 1674
3 7 1675
5 7 1675
3 10 1676
5 10 1676
3 7 1677
5 7 1677
3 10 1678
5 10 1678
3 7 1679
5 7 1679
3 10 1680
5 10 1680
3 7 1681
5 7 1681
3 10 1682
5 10 1682
3 7 1683
5 7 1683
3 10 1684
5 10 1684
3 7 1685
5 7 1685
3 10 1686
5 10 1686
3 7 1687
5 7 1687
3 10 1688
5 10 1688
3 7 1689
5 7 1689
3 10 1690
5 10 1690
3 7 1691
5 7 1691
3 10 1692
5 10 1692
3 7 1693
5 7 1693
3 10 1694
5 10 1694
3 7 1695
5 7 1695
3 10 1696
5 10 1696
3 7 1697
5 7 1697
3 10 1698
5 10 1698
3 7 1699
5 7 1699
3 10 1700
5 10 1700
3 7 1701
5 7 1701
3 10 1702
5 10 1702
3 7 1703
5 7 1703
3 10 1704
5 10 1704
3 7 1705
5 7 1705
3 10 1706
5 10 1706
3 7 1707
5 7 1707
3 10 1708
5 10 1708
3 7 1709
5 7 1709
3 10 1710
5 10 1710
3 7 1711
5 7 1711
3 10 1712
5 10 1712
3 7 1713
5 7 1713
3 10 1714
5 10 1714
3 7 1715
5 7 1715
3 10 1716
5 10 1716
3 7 1717
5 7 1717
3 10 1718
5 10 1718
3 7 1719
5 7 1719
3 10 1720
5 10 1720
3 7 1721
5 7 1721
3 10 1722
5 10 1722
3 7 1723
5 7 1723
3 10 1724
5 10 1724
3 7 1725
5 7 1725
3 10 1726
5 10 1726
3 7 1727
5 7 1727
3 10 1728
5 10 1728
3 7 1729
5 7 1729
3 10 1730
5 10 1730
3 7 1731
5 7 1731
3 10 1732
5 10 1732
3 7 1733
5 7 1733
3 10 1734
5 10 1734
3 7 1735
5 7 1735
3 10 1736
5 10 1736
3 7 1737
5 7 1737
3 10 1738
5 10 1738
3 7 1739
5 7 1739
3 10 1740
5 10 1740
3 7 1741
5 7 1741
3 10 1742
5 10 1742
3 7 1743
5 7 1743
3 10 1744
5 10 1744
3 7 1745
5 7 1745
3 10 1746
5 10 1746
3 7 1747
5 7 1747
3 10 1748
5 10 1748
3 7 1749
5 7 1749
3 10 1750
5 10 1750
3 7 1751
5 7 1751
3 10 1752
5 10 1752
3 7 1753
5 7 1753
3 10 1754
5 10 1754
3 7 1755
5 7 1755
3 10 1756
5 10 1756
3 7 1757
5 7 1757
3 10 1758
5 10 1758
3 7 1759
5 7 1759
3 10 1760
5 10 1760
3 7 1761
5 7 1761
3 10 1762
5 10 1762
3 7 1763
5 7 1763
3 10 1764
5 10 1764
3 7 1765
5 7 1765
3 10 1766
5 10 1766
3 7 1767
5 7 1767
3 10 1768
5 10 1768
3 7 1769
5 7 1769
3 10 1770
5 10 1770
3 7 1771
5 7 1771
3 10 1772
5 10 1772
3 7 1773
5 7 1773
3 10 1774
5 10 1774
3 7 1775
5 7 1775
3 10 1776
5 10 1776
3 7 1777
5 7 1777
3 10 1778
5 10 1778
3 7 1779
5 7 1779
3 10 1780
5 10 1780
3 7 1781
5 7 1781
3 10 1782
5 10 1782
3 7 1783
5 7 1783
3 10 1784
5 10 1784
3 7 1785
5 7 1785
3 10 1786
5 10 1786
3 7 1787
5 7 1787
3 10 1788
5 10 1788
3 7 1789
5 7 1789
3 10 1790
5 10 1790
3 7 1791
5 7 1791
3 10 1792
5 10 1792
3 7 1793
5 7 1793
3 10 1794
5 10 1794
3 7 1795
5 7 1795
3 10 1796
5 10 1796
3 7 1797
5 7 1797
3 10 1798
5 10 1798
3 7 1799
5 7 1799
3 10 1800
5 10 1800
3 7 1801
5 7 1801
3 10 1802
5 10 1802
3 7 1803
5 7 1803
3 10 1804
5 10 1804
3 7 1805
5 7 1805
3 10 1806
5 10 1806
3 7 1807
5 7 1807
3 10 1808
5 10 1808
3 7 1809
5 7 1809
3 10 1810
5 10 1810
3 7 1811
5 7 1811
3 10 1812
5 10 1812
3 7 1813
5 7 1813
3 10 1814
5 10 1814
3 7 1815
5 7 1815
3 10 1816
5 10 1816
3 7 1817
5 7 1817
3 10 1818
5 10 1818
3 7 1819
5 7 1819
3 10 1820
5 10 1820
3 7 1821
5 7 1821
3 10 1822
5 10 1822
3 7 1823
5 7 1823
3 10 1824
5 10 1824
3 7 1825
5 7 1825
3 10 1826
5 10 1826
3 7 1827
5 7 1827
3 10 1828
5 10 1828
3 7 1829
5 7 1829
3 10 1830
5 10 1830
3 7 1831
5 7 1831
3 10 1832
5 10 1832
3 7 1833
5 7 1833
3 10 1834
5 10 1834
3 7 1835
5 7 1835
3 10 1836
5 10 1836
3 7 1837
5 7 1837
3 10 1838
5 10 1838
3 7 1839
5 7 1839
3 10 1840
5 10 1840
3 7 1841
5 7 1841
3 10 1842
5 10 1842
3 7 1843
5 7 1843
3 10 1844
5 10 1844
3 7 1845
5 7 1845
3 10 1846
5 10 1846
3 7 1847
5 7 1847
3 10 1848
5 10 1848
3 7 1849
5 7 1849
3 10 1850
5 10 1850
3 7 1851
5 7 1851
3 10 1852
5 10 1852
3 7 1853
5 7 1853
3 10 1854
5 10 1854
3 7 1855
5 7 1855
3 10 1856
5 10 1856
3 7 1857
5 7 1857
3 10 1858
5 10 1858
3 7 1859
5 7 1859
3 10 1860
5 10 1860
3 7 1861
5 7 1861
3 10 1862
5 10 1862
3 7 1863
5 7 1863
3 10 1864
5 10 1864
3 7 1865
5 7 1865
3 10 1866
5 10 1866
3 7 1867
5 7 1867
3 10 1868
5 10 1868
3 7 1869
5 7 1869
3 10 1870
5 10 1870
3 7 1871
5 7 1871
3 10 1872
5 10 1872
3 7 1873
5 7 1873
3 10 1874
5 10 1874
3 7 1875
5 7 1875
3 10 1876
5 10 1876
3 7 1877
5 7 1877
3 10 1878
5 10 1878
3 7 1879
5 7 1879
3 10 1880
5 10 1880
3 7 1881
5 7 1881
3 10 1882
5 10 1882
3 7 1883
5 7 1883
3 10 1884
5 10 1884
3 7 1885
5 7 1885
3 10 1886
5 10 1886
3 7 1887
5 7 1887
3 10 1888
5 10 1888
3 7 1889
5 7 1889
3 10 1890
5 10 1890
3 7 1891
5 7 1891
3 10 1892
5 10 1892
3 7 1893
5 7 1893
3 10 1894
5 10 1894
3 7 1895
5 7 1895
3 10 1896
5 10 1896
3 7 1897
5 7 1897
3 10 1898
5 10 1898
3 7 1899
5 7 1899
3 10 1900
5 10 1900
3 7 1901
5 7 1901
3 10 1902
5 10 1902
3 7 1903
5 7 1903
3 10 1904
5 10 1904
3 7 1905
5 7 1905
3 10 1906
5 10 1906
3 7 1907
5 7 1907
3 10 1908
5 10 1908
3 7 1909
5 7 1909
3 10 1910
5 10 1910
3 7 1911
5 7 1911
3 10 1912
5 10 1912
3 7 1913
5 7 1913
3 10 1914
5 10 1914
3 7 1915
5 7 1915
3 10 1916
5 10 1916
3 7 1917
5 7 1917
3 10 1918
5 10 1918
3 7 1919
5 7 1919
3 10 1920
5 10 1920
3 7 1921
5 7 1921
3 10 1922
5 10 1922
3 7 1923
5 7 1923
3 10 1924
5 10 1924
3 7 1925
5 7 1925
3 10 1926
5 10 1926
3 7 1927
5 7 1927
3 10 1928
5 10 1928
3 7 1929
5 7 1929
3 10 1930
5 10 1930
3 7 1931
5 7 1931
3 10 1932
5 10 1932
3 7 1933
5 7 1933
3 10 1934
5 10 1934
3 7 1935
5 7 1935
3 10 1936
5 10 1936
3 7 1937
5 7 1937
3 10 1938
5 10 1938
3 7 1939
5 7 1939
3 10 1940
5 10 1940
3 7 1941
5 7 1941
3 10 1942
5 10 1942
3 7 1943
5 7 1943
3 10 1944
5 10 1944
3 7 1945
5 7 1945
3 10 1946
5 10 1946
3 7 1947
5 7 1947
3 10 1948
5 10 1948
3 7 1949
5 7 1949
3 10 1950
5 10 1950
3 7 1951
5 7 1951
3 10 1952
5 10 1952
3 7 1953
5 7 1953
3 10 1954
5 10 1954
3 7 1955
5 7 1955
3 10 1956
5 10 1956
3 7 1957
5 7 1957
3 10 1958
5 10 1958
3 7 1959
5 7 1959
3 10 1960
5 10 1960
3 7 1961
5 7 1961
3 10 1962
5 10 1962
3 7 1963
5 7 1963
3 10 1964
5 10 1964
3 7 1965
5 7 1965
3 10 1966
5 10 1966
3 7 1967
5 7 1967
3 10 1968
5 10 1968
3 7 1969
5 7 1969
3 10 1970
5 10 1970
3 7 1971
5 7 1971
3 10 1972
5 10 1972
3 7 1973
5 7 1973
3 10 1974
5 10 1974
3 7 1975
5 7 1975
3 10 1976
5 10 1976
3 7 1977
5 7 1977
3 10 1978
5 10 1978
3 7 1979
5 7 1979
3 10 1980
5 10 1980
3 7 1981
5 7 1981
3 10 1982
5 10 1982
3 7 1983
5 7 1983
3 10 1984
5 10 1984
3 7 1985
5 7 1985
3 10 1986
5 10 1986
3 7 1987
5 7 1987
3 10 1988
5 10 1988
3 7 1989
5 7 1989
3 10 1990
5 10 1990
3 7 1991
5 7 1991
3 10 1992
5 10 1992
3 7 1993
5 7 1993
3 10 1994
5 10 1994
3 7 1995
5 7 1995
3 10 1996
5 10 1996
3 7 1997
5 7 1997
3 10 1998
5 10 1998
3 7 1999
5 7 1999
3 10 2000
5 10 2000
3 7 2001
5 7 2001
3 10 2002
5 10 2002
3 7 2003
5 7 2003
3 10 2004
5 10 2004
3 7 2005
5 7 2005
3 10 2006
5 10 2006
3 7 2007
5 7 2007
3 10 2008
5 10 2008
3 7 2009
5 7 2009
3 10 2010
5 10 2010
3 7 2011
5 7 2011
3 10 2012
5 10 2012
3 7 2013
5 7 2013
3 10 2014
5 10 2014
3 7 2015
5 7 2015
3 10 2016
5 10 2016
3 7 2017
5 7 2017
3 10 2018
5 10 2018
3 7 2019
5 7 2019
3 10 2020
5 10 2020
3 7 2021
5 7 2021
3 10 2022
5 10 2022
3 7 2023
5 7 2023
3 10 2024
5 10 2024
3 7 2025
5 7 2025
3 10 2026
5 10 2026
3 7 2027
5 7 2027
3 10 2028
5 10 2028
3 7 2029
5 7 2029
3 10 2030
5 10 2030
3 7 2031
5 7 2031
3 10 2032
5 10 2032
3 7 2033
5 7 2033
3 10 2034
5 10 2034
3 7 2035
5 7 2035
3 10 2036
5 10 2036
3 7 2037
5 7 2037
3 10 2038
5 10 2038
3 7 2039
5 7 2039
3 10 2040
5 10 2040
3 7 2041
5 7 2041
3 10 2042
5 10 2042
3 7 2043
5 7 2043
3 10 2044
5 10 2044
3 7 2045
5 7 2045
3 10 2046
5 10 2046
3 7 2047
5 7 2047
3 10 2048
5 10 2048
3 7 2049
5 7 2049
3 10 2050
5 10 2050
3 7 2051
5 7 2051
3 10 2052
5 10 2052
3 7 2053
5 7 2053
3 10 2054
5 10 2054
3 7 2055
5 7 2055
3 10 2056
5 10 2056
3 7 2057
5 7 2057
3 10 2058
5 10 2058
3 7 2059
5 7 2059
3 10 2060
5 10 2060
3 7 2061
5 7 2061
3 10 2062
5 10 2062
3 7 2063
5 7 2063
3 10 2064
5 10 2064
3 7 2065
5 7 2065
3 10 2066
5 10 2066
3 7 2067
5 7 2067
3 10 2068
5 10 2068
3 7 2069
5 7 2069
3 10 2070
5 10 2070
3 7 2071
5 7 2071
3 10 2072
5 10 2072
3 7 2073
5 7 2073
3 10 2074
5 10 2074
3 7 2075
5 7 2075
3 10 2076
5 10 2076
3 7 2077
5 7 2077
3 10 2078
5 10 2078
3 7 2079
5 7 2079
3 10 2080
5 10 2080
3 7 2081
5 7 2081
3 10 2082
5 10 2082
3 7 2083
5 7 2083
3 10 2084
5 10 2084
3 7 2085
5 7 2085
3 10 2086
5 10 2086
3 7 2087
5 7 2087
3 10 2088
5 10 2088
3 7 2089
5 7 2089
3 10 2090
5 10 2090
3 7 2091
5 7 2091
3 10 2092
5 10 2092
3 7 2093
5 7 2093
3 10 2094
5 10 2094
3 7 2095
5 7 2095
3 10 2096
5 10 2096
3 7 2097
5 7 2097
3 10 2098
5 10 2098
3 7 2099
5 7 2099
3 10 2100
5 10 2100
3 7 2101
5 7 2101
3 10 2102
5 10 2102
3 7 2103
5 7 2103
3 10 2104
5 10 2104
3 7 2105
5 7 2105
3 10 2106
5 10 2106
3 7 2107
5 7 2107
3 10 2108
5 10 2108
3 7 2109
5 7 2109
3 10 2110
5 10 2110
3 7 2111
5 7 2111
3 10 2112
5 10 2112
3 7 2113
5 7 2113
3 10 2114
5 10 2114
3 7 2115
5 7 2115
3 10 2116
5 10 2116
3 7 2117
5 7 2117
3 10 2118
5 10 2118
3 7 2119
5 7 2119
3 10 2120
5 10 2120
3 7 2121
5 7 2121
3 10 2122
5 10 2122
3 7 2123
5 7 2123
3 10 2124
5 10 2124
3 7 2125
5 7 2125
3 10 2126
5 10 2126
3 7 2127
5 7 2127
3 10 2128
5 10 2128
3 7 2129
5 7 2129
3 10 2130
5 10 2130
3 7 2131
5 7 2131
3 10 2132
5 10 2132
3 7 2133
5 7 2133
3 10 2134
5 10 2134
3 7 2135
5 7 2135
3 10 2136
5 10 2136
3 7 2137
5 7 2137
3 10 2138
5 10 2138
3 7 2139
5 7 2139
3 10 2140
5 10 2140
3 7 2141
5 7 2141
3 10 2142
5 10 2142
3 7 2143
5 7 2143
3 10 2144
5 10 2144
3 7 2145
5 7 2145
3 10 2146
5 10 2146
3 7 2147
5 7 2147
3 10 2148
5 10 2148
3 7 2149
5 7 2149
3 10 2150
5 10 2150
3 7 2151
5 7 2151
3 10 2152
5 10 2152
3 7 2153
5 7 2153
3 10 2154
5 10 2154
3 7 2155
5 7 2155
3 10 2156
5 10 2156
3 7 2157
5 7 2157
3 10 2158
5 10 2158
3 7 2159
5 7 2159
3 10 2160
5 10 2160
3 7 2161
5 7 2161
3 10 2162
5 10 2162
3 7 2163
5 7 2163
3 10 2164
5 10 2164
3 7 2165
5 7 2165
3 10 2166
5 10 2166
3 7 2167
5 7 2167
3 10 2168
5 10 2168
3 7 2169
5 7 2169
3 10 2170
5 10 2170
3 7 2171
5 7 2171
3 10 2172
5 10 2172
3 7 2173
5 7 2173
3 10 2174
5 10 2174
3 7 2175
5 7 2175
3 10 2176
5 10 2176
3 7 2177
5 7 2177
3 10 2178
5 10 2178
3 7 2179
5 7 2179
3 10 2180
5 10 2180
3 7 2181
5 7 2181
3 10 2182
5 10 2182
3 7 2183
5 7 2183
3 10 2184
5 10 2184
3 7 2185
5 7 2185
3 10 2186
5 10 2186
3 7 2187
5 7 2187
3 10 2188
5 10 2188
3 7 2189
5 7 2189
3 10 2190
5 10 2190
3 7 2191
5 7 2191
3 10 2192
5 10 2192
3 7 2193
5 7 2193
3 10 2194
5 10 2194
3 7 2195
5 7 2195
3 10 2196
5 10 2196
3 7 2197
5 7 2197
3 10 2198
5 10 2198
3 7 2199
5 7 2199
3 10 2200
5 10 2200
3 7 2201
5 7 2201
3 10 2202
5 10 2202
3 7 2203
5 7 2203
3 10 2204
5 10 2204
3 7 2205
5 7 2205
3 10 2206
5 10 2206
3 7 2207
5 7 2207
3 10 2208
5 10 2208
3 7 2209
5 7 2209
3 10 2210
5 10 2210
3 7 2211
5 7 2211
3 10 2212
5 10 2212
3 7 2213
5 7 2213
3 10 2214
5 10 2214
3 7 2215
5 7 2215
3 10 2216
5 10 2216
3 7 2217
5 7 2217
3 10 2218
5 10 2218
3 7 2219
5 7 2219
3 10 2220
5 10 2220
3 7 2221
5 7 2221
3 10 2222
5 10 2222
3 7 2223
5 7 2223
3 10 2224
5 10 2224
3 7 2225
5 7 2225
3 10 2226
5 10 2226
3 7 2227
5 7 2227
3 10 2228
5 10 2228
3 7 2229
5 7 2229
3 10 2230
5 10 2230
3 7 2231
5 7 2231
3 10 2232
5 10 2232
3 7 2233
5 7 2233
3 10 2234
5 10 2234
3 7 2235
5 7 2235
3 10 2236
5 10 2236
3 7 2237
5 7 2237
3 10 2238
5 10 2238
3 7 2239
5 7 2239
3 10 2240
5 10 2240
3 7 2241
5 7 2241
3 10 2242
5 10 2242
3 7 2243
5 7 2243
3 10 2244
5 10 2244
3 7 2245
5 7 2245
3 10 2246
5 10 2246
3 7 2247
5 7 2247
3 10 2248
5 10 2248
3 7 2249
5 7 2249
3 10 2250
5 10 2250
3 7 2251
5 7 2251
3 10 2252
5 10 2252
3 7 2253
5 7 2253
3 10 2254
5 10 2254
3 7 2255
5 7 2255
3 10 2256
5 10 2256
3 7 2257
5 7 2257
3 10 2258
5 10 2258
3 7 2259
5 7 2259
3 10 2260
5 10 2260
3 7 2261
5 7 2261
3 10 2262
5 10 2262
3 7 2263
5 7 2263
3 10 2264
5 10 2264
3 7 2265
5 7 2265
3 10 2266
5 10 2266
3 7 2267
5 7 2267
3 10 2268
5 10 2268
3 7 2269
5 7 2269
3 10 2270
5 10 2270
3 7 2271
5 7 2271
3 10 2272
5 10 2272
3 7 2273
5 7 2273
3 10 2274
5 10 2274
3 7 2275
5 7 2275
3 10 2276
5 10 2276
3 7 2277
5 7 2277
3 10 2278
5 10 2278
3 7 2279
5 7 2279
3 10 2280
5 10 2280
3 7 2281
5 7 2281
3 10 2282
5 10 2282
3 7 2283
5 7 2283
3 10 2284
5 10 2284
3 7 2285
5 7 2285
3 10 2286
5 10 2286
3 7 2287
5 7 2287
3 10 2288
5 10 2288
3 7 2289
5 7 2289
3 10 2290
5 10 2290
3 7 2291
5 7 2291
3 10 2292
5 10 2292
3 7 2293
5 7 2293
3 10 2294
5 10 2294
3 7 2295
5 7 2295
3 10 2296
5 10 2296
3 7 2297
5 7 2297
3 10 2298
5 10 2298
3 7 2299
5 7 2299
3 10 2300
5 10 2300
3 7 2301
5 7 2301
3 10 2302
5 10 2302
3 7 2303
5 7 2303
3 10 2304
5 10 2304
3 7 2305
5 7 2305
3 10 2306
5 10 2306
3 7 2307
5 7 2307
3 10 2308
5 10 2308
3 7 2309
5 7 2309
3 10 2310
5 10 2310
3 7 2311
5 7 2311
3 10 2312
5 10 2312
3 7 2313
5 7 2313
3 10 2314
5 10 2314
3 7 2315
5 7 2315
3 10 2316
5 10 2316
3 7 2317
5 7 2317
3 10 2318
5 10 2318
3 7 2319
5 7 2319
3 10 2320
5 10 2320
3 7 2321
5 7 2321
3 10 2322
5 10 2322
3 7 2323
5 7 2323
3 10 2324
5 10 2324
3 7 2325
5 7 2325
3 10 2326
5 10 2326
3 7 2327
5 7 2327
3 10 2328
5 10 2328
3 7 2329
5 7 2329
3 10 2330
5 10 2330
3 7 2331
5 7 2331
3 10 2332
5 10 2332
3 7 2333
5 7 2333
3 10 2334
5 10 2334
3 7 2335
5 7 2335
3 10 2336
5 10 2336
3 7 2337
5 7 2337
3 10 2338
5 10 2338
3 7 2339
5 7 2339
3 10 2340
5 10 2340
3 7 2341
5 7 2341
3 10 2342
5 10 2342
3 7 2343
5 7 2343
3 10 2344
5 10 2344
3 7 2345
5 7 2345
3 10 2346
5 10 2346
3 7 2347
5 7 2347
3 10 2348
5 10 2348
3 7 2349
5 7 2349
3 10 2350
5 10 2350
3 7 2351
5 7 2351
3 10 2352
5 10 2352
3 7 2353
5 7 2353
3 10 2354
5 10 2354
3 7 2355
5 7 2355
3 10 2356
5 10 2356
3 7 2357
5 7 2357
3 10 2358
5 10 2358
3 7 2359
5 7 2359
3 10 2360
5 10 2360
3 7 2361
5 7 2361
3 10 2362
5 10 2362
3 7 2363
5 7 2363
3 10 2364
5 10 2364
3 7 2365
5 7 2365
3 10 2366
5 10 2366
3 7 2367
5 7 2367
3 10 2368
5 10 2368
3 7 2369
5 7 2369
3 10 2370
5 10 2370
3 7 2371
5 7 2371
3 10 2372
5 10 2372
3 7 2373
5 7 2373
3 10 2374
5 10 2374
3 7 2375
5 7 2375
3 10 2376
5 10 2376
3 7 2377
5 7 2377
3 10 2378
5 10 2378
3 7 2379
5 7 2379
3 10 2380
5 10 2380
3 7 2381
5 7 2381
3 10 2382
5 10 2382
3 7 2383
5 7 2383
3 10 2384
5 10 2384
3 7 2385
5 7 2385
3 10 2386
5 10 2386
3 7 2387
5 7 2387
3 10 2388
5 10 2388
3 7 2389
5 7 2389
3 10 2390
5 10 2390
3 7 2391
5 7 2391
3 10 2392
5 10 2392
3 7 2393
5 7 2393
3 10 2394
5 10 2394
3 7 2395
5 7 2395
3 10 2396
5 10 2396
3 7 2397
5 7 2397
3 10 2398
5 10 2398
3 7 2399
5 7 2399
3 10 2400
5 10 2400
3 7 2401
5 7 2401
3 10 2402
5 10 2402
3 7 2403
5 7 2403
3 10 2404
5 10 2404
3 7 2405
5 7 2405
3 10 2406
5 10 2406
3 7 2407
5 7 2407
3 10 2408
5 10 2408
3 7 2409
5 7 2409
3 10 2410
5 10 2410
3 7 2411
5 7 2411
3 10 2412
5 10 2412
3 7 2413
5 7 2413
3 10 2414
5 10 2414
3 7 2415
5 7 2415
3 10 2416
5 10 2416
3 7 2417
5 7 2417
3 10 2418
5 10 2418
3 7 2419
5 7 2419
3 10 2420
5 10 2420
3 7 2421
5 7 2421
3 10 2422
5 10 2422
3 7 2423
5 7 2423
3 10 2424
5 10 2424
3 7 2425
5 7 2425
3 10 2426
5 10 2426
3 7 2427
5 7 2427
3 10 2428
5 10 2428
3 7 2429
5 7 2429
3 10 2430
5 10 2430
3 7 2431
5 7 2431
3 10 2432
5 10 2432
3 7 2433
5 7 2433
3 10 2434
5 10 2434
3 7 2435
5 7 2435
3 10 2436
5 10 2436
3 7 2437
5 7 2437
3 10 2438
5 10 2438
3 7 2439
5 7 2439
3 10 2440
5 10 2440
3 7 2441
5 7 2441
3 10 2442
5 10 2442
3 7 2443
5 7 2443
3 10 2444
5 10 2444
3 7 2445
5 7 2445
3 10 2446
5 10 2446
3 7 2447
5 7 2447
3 10 2448
5 10 2448
3 7 2449
5 7 2449
3 10 2450
5 10 2450
3 7 2451
5 7 2451
3 10 2452
5 10 2452
3 7 2453
5 7 2453
3 10 2454
5 10 2454
3 7 2455
5 7 2455
3 10 2456
5 10 2456
3 7 2457
5 7 2457
3 10 2458
5 10 2458
3 7 2459
5 7 2459
3 10 2460
5 10 2460
3 7 2461
5 7 2461
3 10 2462
5 10 2462
3 7 2463
5 7 2463
3 10 2464
5 10 2464
3 7 2465
5 7 2465
3 10 2466
5 10 2466
3 7 2467
5 7 2467
3 10 2468
5 10 2468
3 7 2469
5 7 2469
3 10 2470
5 10 2470
3 7 2471
5 7 2471
3 10 2472
5 10 2472
3 7 2473
5 7 2473
3 10 2474
5 10 2474
3 7 2475
5 7 2475
3 10 2476
5 10 2476
3 7 2477
5 7 2477
3 10 2478
5 10 2478
3 7 2479
5 7 2479
3 10 2480
5 10 2480
3 7 2481
5 7 2481
3 10 2482
5 10 2482
3 7 2483
5 7 2483
3 10 2484
5 10 2484
3 7 2485
5 7 2485
3 10 2486
5 10 2486
3 7 2487
5 7 2487
3 10 2488
5 10 2488
3 7 2489
5 7 2489
3 10 2490
5 10 2490
3 7 2491
5 7 2491
3 10 2492
5 10 2492
3 7 2493
5 7 2493
3 10 2494
5 10 2494
3 7 2495
5 7 2495
3 10 2496
5 10 2496
3 7 2497
5 7 2497
3 10 2498
5 10 2498
3 7 2499
5 7 2499
3 10 2500
5 10 2500
3 7 2501
5 7 2501
3 10 2502
5 10 2502
3 7 2503
5 7 2503
3 10 2504
5 10 2504
3 7 2505
5 7 2505
3 10 2506
5 10 2506
3 7 2507
5 7 2507
3 10 2508
5 10 2508
3 7 2509
5 7 2509
3 10 2510
5 10 2510
3 7 2511
5 7 2511
3 10 2512
5 10 2512
3 7 2513
5 7 2513
3 10 2514
5 10 2514
3 7 2515
5 7 2515
3 10 2516
5 10 2516
3 7 2517
5 7 2517
3 10 2518
5 10 2518
3 7 2519
5 7 2519
3 10 2520
5 10 2520
3 7 2521
5 7 2521
3 10 2522
5 10 2522
3 7 2523
5 7 2523
3 10 2524
5 10 2524
3 7 2525
5 7 2525
3 10 2526
5 10 2526
3 7 2527
5 7 2527
3 10 2528
5 10 2528
3 7 2529
5 7 2529
3 10 2530
5 10 2530
3 7 2531
5 7 2531
3 10 2532
5 10 2532
3 7 2533
5 7 2533
3 10 2534
5 10 2534
3 7 2535
5 7 2535
3 10 2536
5 10 2536
3 7 2537
5 7 2537
3 10 2538
5 10 2538
3 7 2539
5 7 2539
3 10 2540
5 10 2540
3 7 2541
5 7 2541
3 10 2542
5 10 2542
3 7 2543
5 7 2543
3 10 2544
5 10 2544
3 7 2545
5 7 2545
3 10 2546
5 10 2546
3 7 2547
5 7 2547
3 10 2548
5 10 2548
3 7 2549
5 7 2549
3 10 2550
5 10 2550
3 7 2551
5 7 2551
3 10 2552
5 10 2552
3 7 2553
5 7 2553
3 10 2554
5 10 2554
3 7 2555
5 7 2555
3 10 2556
5 10 2556
3 7 2557
5 7 2557
3 10 2558
5 10 2558
3 7 2559
5 7 2559
3 10 2560
5 10 2560
3 7 2561
5 7 2561
3 10 2562
5 10 2562
3 7 2563
5 7 2563
3 10 2564
5 10 2564
3 7 2565
5 7 2565
3 10 2566
5 10 2566
3 7 2567
5 7 2567
3 10 2568
5 10 2568
3 7 2569
5 7 2569
3 10 2570
5 10 2570
3 7 2571
5 7 2571
3 10 2572
5 10 2572
3 7 2573
5 7 2573
3 10 2574
5 10 2574
3 7 2575
5 7 2575
3 10 2576
5 10 2576
3 7 2577
5 7 2577
3 10 2578
5 10 2578
3 7 2579
5 7 2579
3 10 2580
5 10 2580
3 7 2581
5 7 2581
3 10 2582
5 10 2582
3 7 2583
5 7 2583
3 10 2584
5 10 2584
3 7 2585
5 7 2585
3 10 2586
5 10 2586
3 7 2587
5 7 2587
3 10 2588
5 10 2588
3 7 2589
5 7 2589
3 10 2590
5 10 2590
3 7 2591
5 7 2591
3 10 2592
5 10 2592
3 7 2593
5 7 2593
3 10 2594
5 10 2594
3 7 2595
5 7 2595
3 10 2596
5 10 2596
3 7 2597
5 7 2597
3 10 2598
5 10 2598
3 7 2599
5 7 2599
3 10 2600
5 10 2600
3 7 2601
5 7 2601
3 10 2602
5 10 2602
3 7 2603
5 7 2603
3 10 2604
5 10 2604
3 7 2605
5 7 2605
3 10 2606
5 10 2606
3 7 2607
5 7 2607
3 10 2608
5 10 2608
3 7 2609
5 7 2609
3 10 2610
5 10 2610
3 7 2611
5 7 2611
3 10 2612
5 10 2612
3 7 2613
5 7 2613
3 10 2614
5 10 2614
3 7 2615
5 7 2615
3 10 2616
5 10 2616
3 7 2617
5 7 2617
3 10 2618
5 10 2618
3 7 2619
5 7 2619
3 10 2620
5 10 2620
3 7 2621
5 7 2621
3 10 2622
5 10 2622
