1 3 1
2 3 1
1 5 2
2 5 2
1 3 3
2 3 3
1 5 4
2 5 4
1 3 5
2 3 5
1 5 6
2 5 6
1 3 7
2 3 7
1 5 8
2 5 8
1 3 9
2 3 9
1 5 10
2 5 10
1 3 11
2 3 11
1 5 12
2 5 12
1 3 13
2 3 13
1 5 14
2 5 14
1 3 15
2 3 15
1 5 16
2 5 16
1 3 17
2 3 17
1 5 18
2 5 18
1 3 19
2 3 19
1 5 20
2 5 20
1 3 21
2 3 21
1 5 22
2 5 22
1 3 23
2 3 23
1 5 24
2 5 24
1 3 25
2 3 25
1 5 26
2 5 26
1 3 27
2 3 27
1 5 28
2 5 28
1 3 29
2 3 29
1 5 30
2 5 30
1 3 31
2 3 31
1 5 32
2 5 32
1 3 33
2 3 33
1 5 34
2 5 34
1 3 35
2 3 35
1 5 36
2 5 36
1 3 37
2 3 37
1 5 38
2 5 38
1 3 39
2 3 39
1 5 40
2 5 40
1 3 41
2 3 41
1 5 42
2 5 42
1 3 43
2 3 43
1 5 44
2 5 44
1 3 45
2 3 45
1 5 46
2 5 46
1 3 47
2 3 47
1 5 48
2 5 48
1 3 49
2 3 49
1 5 50
2 5 50
1 3 51
2 3 51
1 5 52
2 5 52
1 3 53
2 3 53
1 5 54
2 5 54
1 3 55
2 3 55
1 5 56
2 5 56
1 3 57
2 3 57
1 5 58
2 5 58
1 3 59
2 3 59
1 5 60
2 5 60
1 3 61
2 3 61
1 5 62
2 5 62
1 3 63
2 3 63
1 5 64
2 5 64
1 3 65
2 3 65
1 5 66
2 5 66
1 3 67
2 3 67
1 5 68
2 5 68
1 3 69
2 3 69
1 5 70
2 5 70
1 3 71
2 3 71
1 5 72
2 5 72
1 3 73
2 3 73
1 5 74
2 5 74
1 3 75
2 3 75
1 5 76
2 5 76
1 3 77
2 3 77
1 5 78
2 5 78
1 3 79
2 3 79
1 5 80
2 5 80
1 3 81
2 3 81
1 5 82
2 5 82
1 3 83
2 3 83
1 5 84
2 5 84
1 3 85
2 3 85
1 5 86
2 5 86
1 3 87
2 3 87
1 5 88
2 5 88
1 3 89
2 3 89
1 5 90
2 5 90
1 3 91
2 3 91
1 5 92
2 5 92
1 3 93
2 3 93
1 5 94
2 5 94
1 3 95
2 3 95
1 5 96
2 5 96
1 3 97
2 3 97
1 5 98
2 5 98
1 3 99
2 3 99
1 5 100
2 5 100
1 3 101
2 3 101
1 5 102
2 5 102
1 3 103
2 3 103
1 5 104
2 5 104
1 3 105
2 3 105
1 5 106
2 5 106
1 3 107
2 3 107
1 5 108
2 5 108
1 3 109
2 3 109
1 5 110
2 5 110
1 3 111
2 3 111
1 5 112
2 5 112
1 3 113
2 3 113
1 5 114
2 5 114
1 3 115
2 3 115
1 5 116
2 5 116
1 3 117
2 3 117
1 5 118
2 5 118
1 3 119
2 3 119
1 5 120
2 5 120
1 3 121
2 3 121
1 5 122
2 5 122
1 3 123
2 3 123
1 5 124
2 5 124
1 3 125
2 3 125
1 5 126
2 5 126
1 3 127
2 3 127
1 5 128
2 5 128
1 3 129
2 3 129
1 5 130
2 5 130
1 3 131
2 3 131
1 5 132
2 5 132
1 3 133
2 3 133
1 5 134
2 5 134
1 3 135
2 3 135
1 5 136
2 5 136
1 3 137
2 3 137
1 5 138
2 5 138
1 3 139
2 3 139
1 5 140
2 5 140
1 3 141
2 3 141
1 5 142
2 5 142
1 3 143
2 3 143
1 5 144
2 5 144
1 3 145
2 3 145
1 5 146
2 5 146
1 3 147
2 3 147
1 5 148
2 5 148
1 3 149
2 3 149
1 5 150
2 5 150
1 3 151
2 3 151
1 5 152
2 5 152
1 3 153
2 3 153
1 5 154
2 5 154
1 3 155
2 3 155
1 5 156
2 5 156
1 3 157
2 3 157
1 5 158
2 5 158
1 3 159
2 3 159
1 5 160
2 5 160
1 3 161
2 3 161
1 5 162
2 5 162
1 3 163
2 3 163
1 5 164
2 5 164
1 3 165
2 3 165
1 5 166
2 5 166
1 3 167
2 3 167
1 5 168
2 5 168
1 3 169
2 3 169
1 5 170
2 5 170
1 3 171
2 3 171
1 5 172
2 5 172
1 3 173
2 3 173
1 5 174
2 5 174
1 3 175
2 3 175
1 5 176
2 5 176
1 3 177
2 3 177
1 5 178
2 5 178
1 3 179
2 3 179
1 5 180
2 5 180
1 3 181
2 3 181
1 5 182
2 5 182
1 3 183
2 3 183
1 5 184
2 5 184
1 3 185
2 3 185
1 5 186
2 5 186
1 3 187
2 3 187
1 5 188
2 5 188
1 3 189
2 3 189
1 5 190
2 5 190
1 3 191
2 3 191
1 5 192
2 5 192
1 3 193
2 3 193
1 5 194
2 5 194
1 3 195
2 3 195
1 5 196
2 5 196
1 3 197
2 3 197
1 5 198
2 5 198
1 3 199
2 3 199
1 5 200
2 5 200
1 3 201
2 3 201
1 5 202
2 5 202
1 3 203
2 3 203
1 5 204
2 5 204
1 3 205
2 3 205
1 5 206
2 5 206
1 3 207
2 3 207
1 5 208
2 5 208
1 3 209
2 3 209
1 5 210
2 5 210
1 3 211
2 3 211
1 5 212
2 5 212
1 3 213
2 3 213
1 5 214
2 5 214
1 3 215
2 3 215
1 5 216
2 5 216
1 3 217
2 3 217
1 5 218
2 5 218
1 3 219
2 3 219
1 5 220
2 5 220
1 3 221
2 3 221
1 5 222
2 5 222
1 3 223
2 3 223
1 5 224
2 5 224
1 3 225
2 3 225
1 5 226
2 5 226
1 3 227
2 3 227
1 5 228
2 5 228
1 3 229
2 3 229
1 5 230
2 5 230
1 3 231
2 3 231
1 5 232
2 5 232
1 3 233
2 3 233
1 5 234
2 5 234
1 3 235
2 3 235
1 5 236
2 5 236
1 3 237
2 3 237
1 5 238
2 5 238
1 3 239
2 3 239
1 5 240
2 5 240
1 3 241
2 3 241
1 5 242
2 5 242
1 3 243
2 3 243
1 5 244
2 5 244
1 3 245
2 3 245
1 5 246
2 5 246
1 3 247
2 3 247
1 5 248
2 5 248
1 3 249
2 3 249
1 5 250
2 5 250
1 3 251
2 3 251
1 5 252
2 5 252
1 3 253
2 3 253
1 5 254
2 5 254
1 3 255
2 3 255
1 5 256
2 5 256
1 3 257
2 3 257
1 5 258
2 5 258
1 3 259
2 3 259
1 5 260
2 5 260
1 3 261
2 3 261
1 5 262
2 5 262
1 3 263
2 3 263
1 5 264
2 5 264
1 3 265
2 3 265
1 5 266
2 5 266
1 3 267
2 3 267
1 5 268
2 5 268
1 3 269
2 3 269
1 5 270
2 5 270
1 3 271
2 3 271
1 5 272
2 5 272
1 3 273
2 3 273
1 5 274
2 5 274
1 3 275
2 3 275
1 5 276
2 5 276
1 3 277
2 3 277
1 5 278
2 5 278
1 3 279
2 3 279
1 5 280
2 5 280
1 3 281
2 3 281
1 5 282
2 5 282
1 3 283
2 3 283
1 5 284
2 5 284
1 3 285
2 3 285
1 5 286
2 5 286
1 3 287
2 3 287
1 5 288
2 5 288
1 3 289
2 3 289
1 5 290
2 5 290
1 3 291
2 3 291
1 5 292
2 5 292
1 3 293
2 3 293
1 5 294
2 5 294
1 3 295
2 3 295
1 5 296
2 5 296
1 3 297
2 3 297
1 5 298
2 5 298
1 3 299
2 3 299
1 5 300
2 5 300
1 3 301
2 3 301
1 5 302
2 5 302
1 3 303
2 3 303
1 5 304
2 5 304
1 3 305
2 3 305
1 5 306
2 5 306
1 3 307
2 3 307
1 5 308
2 5 308
1 3 309
2 3 309
1 5 310
2 5 310
1 3 311
2 3 311
1 5 312
2 5 312
1 3 313
2 3 313
1 5 314
2 5 314
1 3 315
2 3 315
1 5 316
2 5 316
1 3 317
2 3 317
1 5 318
2 5 318
1 3 319
2 3 319
1 5 320
2 5 320
1 3 321
2 3 321
1 5 322
2 5 322
1 3 323
2 3 323
1 5 324
2 5 324
1 3 325
2 3 325
1 5 326
2 5 326
1 3 327
2 3 327
1 5 328
2 5 328
1 3 329
2 3 329
1 5 330
2 5 330
1 3 331
2 3 331
1 5 332
2 5 332
1 3 333
2 3 333
1 5 334
2 5 334
1 3 335
2 3 335
1 5 336
2 5 336
1 3 337
2 3 337
1 5 338
2 5 338
1 3 339
2 3 339
1 5 340
2 5 340
1 3 341
2 3 341
1 5 342
2 5 342
1 3 343
2 3 343
1 5 344
2 5 344
1 3 345
2 3 345
1 5 346
2 5 346
1 3 347
2 3 347
1 5 348
2 5 348
1 3 349
2 3 349
1 5 350
2 5 350
1 3 351
2 3 351
1 5 352
2 5 352
1 3 353
2 3 353
1 5 354
2 5 354
1 3 355
2 3 355
1 5 356
2 5 356
1 3 357
2 3 357
1 5 358
2 5 358
1 3 359
2 3 359
1 5 360
2 5 360
1 3 361
2 3 361
1 5 362
2 5 362
1 3 363
2 3 363
1 5 364
2 5 364
1 3 365
2 3 365
1 5 366
2 5 366
1 3 367
2 3 367
1 5 368
2 5 368
1 3 369
2 3 369
1 5 370
2 5 370
1 3 371
2 3 371
1 5 372
2 5 372
1 3 373
2 3 373
1 5 374
2 5 374
1 3 375
2 3 375
1 5 376
2 5 376
1 3 377
2 3 377
1 5 378
2 5 378
1 3 379
2 3 379
1 5 380
2 5 380
1 3 381
2 3 381
1 5 382
2 5 382
1 3 383
2 3 383
1 5 384
2 5 384
1 3 385
2 3 385
1 5 386
2 5 386
1 3 387
2 3 387
1 5 388
2 5 388
1 3 389
2 3 389
1 5 390
2 5 390
1 3 391
2 3 391
1 5 392
2 5 392
1 3 393
2 3 393
1 5 394
2 5 394
1 3 395
2 3 395
1 5 396
2 5 396
1 3 397
2 3 397
1 5 398
2 5 398
1 3 399
2 3 399
1 5 400
2 5 400
1 3 401
2 3 401
1 5 402
2 5 402
1 3 403
2 3 403
1 5 404
2 5 404
1 3 405
2 3 405
1 5 406
2 5 406
1 3 407
2 3 407
1 5 408
2 5 408
1 3 409
2 3 409
1 5 410
2 5 410
1 3 411
2 3 411
1 5 412
2 5 412
1 3 413
2 3 413
1 5 414
2 5 414
1 3 415
2 3 415
1 5 416
2 5 416
1 3 417
2 3 417
1 5 418
2 5 418
1 3 419
2 3 419
1 5 420
2 5 420
1 3 421
2 3 421
1 5 422
2 5 422
1 3 423
2 3 423
1 5 424
2 5 424
1 3 425
2 3 425
1 5 426
2 5 426
1 3 427
2 3 427
1 5 428
2 5 428
1 3 429
2 3 429
1 5 430
2 5 430
1 3 431
2 3 431
1 5 432
2 5 432
1 3 433
2 3 433
1 5 434
2 5 434
1 3 435
2 3 435
1 5 436
2 5 436
1 3 437
2 3 437
1 5 438
2 5 438
1 3 439
2 3 439
1 5 440
2 5 440
1 3 441
2 3 441
1 5 442
2 5 442
1 3 443
2 3 443
1 5 444
2 5 444
1 3 445
2 3 445
1 5 446
2 5 446
1 3 447
2 3 447
1 5 448
2 5 448
1 3 449
2 3 449
1 5 450
2 5 450
1 3 451
2 3 451
1 5 452
2 5 452
1 3 453
2 3 453
1 5 454
2 5 454
1 3 455
2 3 455
1 5 456
2 5 456
1 3 457
2 3 457
1 5 458
2 5 458
1 3 459
2 3 459
1 5 460
2 5 460
1 3 461
2 3 461
1 5 462
2 5 462
1 3 463
2 3 463
1 5 464
2 5 464
1 3 465
2 3 465
1 5 466
2 5 466
1 3 467
2 3 467
1 5 468
2 5 468
1 3 469
2 3 469
1 5 470
2 5 470
1 3 471
2 3 471
1 5 472
2 5 472
1 3 473
2 3 473
1 5 474
2 5 474
1 3 475
2 3 475
1 5 476
2 5 476
1 3 477
2 3 477
1 5 478
2 5 478
1 3 479
2 3 479
1 5 480
2 5 480
1 3 481
2 3 481
1 5 482
2 5 482
1 3 483
2 3 483
1 5 484
2 5 484
1 3 485
2 3 485
1 5 486
2 5 486
1 3 487
2 3 487
1 5 488
2 5 488
1 3 489
2 3 489
1 5 490
2 5 490
1 3 491
2 3 491
1 5 492
2 5 492
1 3 493
2 3 493
1 5 494
2 5 494
1 3 495
2 3 495
1 5 496
2 5 496
1 3 497
2 3 497
1 5 498
2 5 498
1 3 499
2 3 499
1 5 500
2 5 500
1 3 501
2 3 501
1 5 502
2 5 502
1 3 503
2 3 503
1 5 504
2 5 504
1 3 505
2 3 505
1 5 506
2 5 506
1 3 507
2 3 507
1 5 508
2 5 508
1 3 509
2 3 509
1 5 510
2 5 510
1 3 511
2 3 511
1 5 512
2 5 512
1 3 513
2 3 513
1 5 514
2 5 514
1 3 515
2 3 515
1 5 516
2 5 516
1 3 517
2 3 517
1 5 518
2 5 518
1 3 519
2 3 519
1 5 520
2 5 520
1 3 521
2 3 521
1 5 522
2 5 522
1 3 523
2 3 523
1 5 524
2 5 524
1 3 525
2 3 525
1 5 526
2 5 526
1 3 527
2 3 527
1 5 528
2 5 528
1 3 529
2 3 529
1 5 530
2 5 530
1 3 531
2 3 531
1 5 532
2 5 532
1 3 533
2 3 533
1 5 534
2 5 534
1 3 535
2 3 535
1 5 536
2 5 536
1 3 537
2 3 537
1 5 538
2 5 538
1 3 539
2 3 539
1 5 540
2 5 540
1 3 541
2 3 541
1 5 542
2 5 542
1 3 543
2 3 543
1 5 544
2 5 544
1 3 545
2 3 545
1 5 546
2 5 546
1 3 547
2 3 547
1 5 548
2 5 548
1 3 549
2 3 549
1 5 550
2 5 550
1 3 551
2 3 551
1 5 552
2 5 552
1 3 553
2 3 553
1 5 554
2 5 554
1 3 555
2 3 555
1 5 556
2 5 556
1 3 557
2 3 557
1 5 558
2 5 558
1 3 559
2 3 559
1 5 560
2 5 560
1 3 561
2 3 561
1 5 562
2 5 562
1 3 563
2 3 563
1 5 564
2 5 564
1 3 565
2 3 565
1 5 566
2 5 566
1 3 567
2 3 567
1 5 568
2 5 568
1 3 569
2 3 569
1 5 570
2 5 570
1 3 571
2 3 571
1 5 572
2 5 572
1 3 573
2 3 573
1 5 574
2 5 574
1 3 575
2 3 575
1 5 576
2 5 576
1 3 577
2 3 577
1 5 578
2 5 578
1 3 579
2 3 579
1 5 580
2 5 580
1 3 581
2 3 581
1 5 582
2 5 582
1 3 583
2 3 583
1 5 584
2 5 584
1 3 585
2 3 585
1 5 586
2 5 586
1 3 587
2 3 587
1 5 588
2 5 588
1 3 589
2 3 589
1 5 590
2 5 590
1 3 591
2 3 591
1 5 592
2 5 592
1 3 593
2 3 593
1 5 594
2 5 594
1 3 595
2 3 595
1 5 596
2 5 596
1 3 597
2 3 597
1 5 598
2 5 598
1 3 599
2 3 599
1 5 600
2 5 600
1 3 601
2 3 601
1 5 602
2 5 602
1 3 603
2 3 603
1 5 604
2 5 604
1 3 605
2 3 605
1 5 606
2 5 606
1 3 607
2 3 607
1 5 608
2 5 608
1 3 609
2 3 609
1 5 610
2 5 610
1 3 611
2 3 611
1 5 612
2 5 612
1 3 613
2 3 613
1 5 614
2 5 614
1 3 615
2 3 615
1 5 616
2 5 616
1 3 617
2 3 617
1 5 618
2 5 618
1 3 619
2 3 619
1 5 620
2 5 620
1 3 621
2 3 621
1 5 622
2 5 622
1 3 623
2 3 623
1 5 624
2 5 624
1 3 625
2 3 625
1 5 626
2 5 626
1 3 627
2 3 627
1 5 628
2 5 628
1 3 629
2 3 629
1 5 630
2 5 630
1 3 631
2 3 631
1 5 632
2 5 632
1 3 633
2 3 633
1 5 634
2 5 634
1 3 635
2 3 635
1 5 636
2 5 636
1 3 637
2 3 637
1 5 638
2 5 638
1 3 639
2 3 639
1 5 640
2 5 640
1 3 641
2 3 641
1 5 642
2 5 642
1 3 643
2 3 643
1 5 644
2 5 644
1 3 645
2 3 645
1 5 646
2 5 646
1 3 647
2 3 647
1 5 648
2 5 648
1 3 649
2 3 649
1 5 650
2 5 650
1 3 651
2 3 651
1 5 652
2 5 652
1 3 653
2 3 653
1 5 654
2 5 654
1 3 655
2 3 655
1 5 656
2 5 656
1 3 657
2 3 657
1 5 658
2 5 658
1 3 659
2 3 659
1 5 660
2 5 660
1 3 661
2 3 661
1 5 662
2 5 662
1 3 663
2 3 663
1 5 664
2 5 664
1 3 665
2 3 665
1 5 666
2 5 666
1 3 667
2 3 667
1 5 668
2 5 668
1 3 669
2 3 669
1 5 670
2 5 670
1 3 671
2 3 671
1 5 672
2 5 672
1 3 673
2 3 673
1 5 674
2 5 674
1 3 675
2 3 675
1 5 676
2 5 676
1 3 677
2 3 677
1 5 678
2 5 678
1 3 679
2 3 679
1 5 680
2 5 680
1 3 681
2 3 681
1 5 682
2 5 682
1 3 683
2 3 683
1 5 684
2 5 684
1 3 685
2 3 685
1 5 686
2 5 686
1 3 687
2 3 687
1 5 688
2 5 688
1 3 689
2 3 689
1 5 690
2 5 690
1 3 691
2 3 691
1 5 692
2 5 692
1 3 693
2 3 693
1 5 694
2 5 694
1 3 695
2 3 695
1 5 696
2 5 696
1 3 697
2 3 697
1 5 698
2 5 698
1 3 699
2 3 699
1 5 700
2 5 700
1 3 701
2 3 701
1 5 702
2 5 702
1 3 703
2 3 703
1 5 704
2 5 704
1 3 705
2 3 705
1 5 706
2 5 706
1 3 707
2 3 707
1 5 708
2 5 708
1 3 709
2 3 709
1 5 710
2 5 710
1 3 711
2 3 711
1 5 712
2 5 712
1 3 713
2 3 713
1 5 714
2 5 714
1 3 715
2 3 715
1 5 716
2 5 716
1 3 717
2 3 717
1 5 718
2 5 718
1 3 719
2 3 719
1 5 720
2 5 720
1 3 721
2 3 721
1 5 722
2 5 722
1 3 723
2 3 723
1 5 724
2 5 724
1 3 725
2 3 725
1 5 726
2 5 726
1 3 727
2 3 727
1 5 728
2 5 728
1 3 729
2 3 729
1 5 730
2 5 730
1 3 731
2 3 731
1 5 732
2 5 732
1 3 733
2 3 733
1 5 734
2 5 734
1 3 735
2 3 735
1 5 736
2 5 736
1 3 737
2 3 737
1 5 738
2 5 738
1 3 739
2 3 739
1 5 740
2 5 740
1 3 741
2 3 741
1 5 742
2 5 742
1 3 743
2 3 743
1 5 744
2 5 744
1 3 745
2 3 745
1 5 746
2 5 746
1 3 747
2 3 747
1 5 748
2 5 748
1 3 749
2 3 749
1 5 750
2 5 750
1 3 751
2 3 751
1 5 752
2 5 752
1 3 753
2 3 753
1 5 754
2 5 754
1 3 755
2 3 755
1 5 756
2 5 756
1 3 757
2 3 757
1 5 758
2 5 758
1 3 759
2 3 759
1 5 760
2 5 760
1 3 761
2 3 761
1 5 762
2 5 762
1 3 763
2 3 763
1 5 764
2 5 764
1 3 765
2 3 765
1 5 766
2 5 766
1 3 767
2 3 767
1 5 768
2 5 768
1 3 769
2 3 769
1 5 770
2 5 770
1 3 771
2 3 771
1 5 772
2 5 772
1 3 773
2 3 773
1 5 774
2 5 774
1 3 775
2 3 775
1 5 776
2 5 776
1 3 777
2 3 777
1 5 778
2 5 778
1 3 779
2 3 779
1 5 780
2 5 780
1 3 781
2 3 781
1 5 782
2 5 782
1 3 783
2 3 783
1 5 784
2 5 784
1 3 785
2 3 785
1 5 786
2 5 786
1 3 787
2 3 787
1 5 788
2 5 788
1 3 789
2 3 789
1 5 790
2 5 790
1 3 791
2 3 791
1 5 792
2 5 792
1 3 793
2 3 793
1 5 794
2 5 794
1 3 795
2 3 795
1 5 796
2 5 796
1 3 797
2 3 797
1 5 798
2 5 798
1 3 799
2 3 799
1 5 800
2 5 800
1 3 801
2 3 801
1 5 802
2 5 802
1 3 803
2 3 803
1 5 804
2 5 804
1 3 805
2 3 805
1 5 806
2 5 806
1 3 807
2 3 807
1 5 808
2 5 808
1 3 809
2 3 809
1 5 810
2 5 810
1 3 811
2 3 811
1 5 812
2 5 812
1 3 813
2 3 813
1 5 814
2 5 814
1 3 815
2 3 815
1 5 816
2 5 816
1 3 817
2 3 817
1 5 818
2 5 818
1 3 819
2 3 819
1 5 820
2 5 820
1 3 821
2 3 821
1 5 822
2 5 822
1 3 823
2 3 823
1 5 824
2 5 824
1 3 825
2 3 825
1 5 826
2 5 826
1 3 827
2 3 827
1 5 828
2 5 828
1 3 829
2 3 829
1 5 830
2 5 830
1 3 831
2 3 831
1 5 832
2 5 832
1 3 833
2 3 833
1 5 834
2 5 834
1 3 835
2 3 835
1 5 836
2 5 836
1 3 837
2 3 837
1 5 838
2 5 838
1 3 839
2 3 839
1 5 840
2 5 840
1 3 841
2 3 841
1 5 842
2 5 842
1 3 843
2 3 843
1 5 844
2 5 844
1 3 845
2 3 845
1 5 846
2 5 846
1 3 847
2 3 847
1 5 848
2 5 848
1 3 849
2 3 849
1 5 850
2 5 850
1 3 851
2 3 851
1 5 852
2 5 852
1 3 853
2 3 853
1 5 854
2 5 854
1 3 855
2 3 855
1 5 856
2 5 856
1 3 857
2 3 857
1 5 858
2 5 858
1 3 859
2 3 859
1 5 860
2 5 860
1 3 861
2 3 861
1 5 862
2 5 862
1 3 863
2 3 863
1 5 864
2 5 864
1 3 865
2 3 865
1 5 866
2 5 866
1 3 867
2 3 867
1 5 868
2 5 868
1 3 869
2 3 869
1 5 870
2 5 870
1 3 871
2 3 871
1 5 872
2 5 872
1 3 873
2 3 873
1 5 874
2 5 874
1 3 875
2 3 875
1 5 876
2 5 876
1 3 877
2 3 877
1 5 878
2 5 878
1 3 879
2 3 879
1 5 880
2 5 880
1 3 881
2 3 881
1 5 882
2 5 882
1 3 883
2 3 883
1 5 884
2 5 884
1 3 885
2 3 885
1 5 886
2 5 886
1 3 887
2 3 887
1 5 888
2 5 888
1 3 889
2 3 889
1 5 890
2 5 890
1 3 891
2 3 891
1 5 892
2 5 892
1 3 893
2 3 893
1 5 894
2 5 894
1 3 895
2 3 895
1 5 896
2 5 896
1 3 897
2 3 897
1 5 898
2 5 898
1 3 899
2 3 899
1 5 900
2 5 900
1 3 901
2 3 901
1 5 902
2 5 902
1 3 903
2 3 903
1 5 904
2 5 904
1 3 905
2 3 905
1 5 906
2 5 906
1 3 907
2 3 907
1 5 908
2 5 908
1 3 909
2 3 909
1 5 910
2 5 910
1 3 911
2 3 911
1 5 912
2 5 912
1 3 913
2 3 913
1 5 914
2 5 914
1 3 915
2 3 915
1 5 916
2 5 916
1 3 917
2 3 917
1 5 918
2 5 918
1 3 919
2 3 919
1 5 920
2 5 920
1 3 921
2 3 921
1 5 922
2 5 922
1 3 923
2 3 923
1 5 924
2 5 924
1 3 925
2 3 925
1 5 926
2 5 926
1 3 927
2 3 927
1 5 928
2 5 928
1 3 929
2 3 929
1 5 930
2 5 930
1 3 931
2 3 931
1 5 932
2 5 932
1 3 933
2 3 933
1 5 934
2 5 934
1 3 935
2 3 935
1 5 936
2 5 936
1 3 937
2 3 937
1 5 938
2 5 938
1 3 939
2 3 939
1 5 940
2 5 940
1 3 941
2 3 941
1 5 942
2 5 942
1 3 943
2 3 943
1 5 944
2 5 944
1 3 945
2 3 945
1 5 946
2 5 946
1 3 947
2 3 947
1 5 948
2 5 948
1 3 949
2 3 949
1 5 950
2 5 950
1 3 951
2 3 951
1 5 952
2 5 952
1 3 953
2 3 953
1 5 954
2 5 954
1 3 955
2 3 955
1 5 956
2 5 956
1 3 957
2 3 957
1 5 958
2 5 958
1 3 959
2 3 959
1 5 960
2 5 960
1 3 961
2 3 961
1 5 962
2 5 962
1 3 963
2 3 963
1 5 964
2 5 964
1 3 965
2 3 965
1 5 966
2 5 966
1 3 967
2 3 967
1 5 968
2 5 968
1 3 969
2 3 969
1 5 970
2 5 970
1 3 971
2 3 971
1 5 972
2 5 972
1 3 973
2 3 973
1 5 974
2 5 974
1 3 975
2 3 975
1 5 976
2 5 976
1 3 977
2 3 977
1 5 978
2 5 978
1 3 979
2 3 979
1 5 980
2 5 980
1 3 981
2 3 981
1 5 982
2 5 982
1 3 983
2 3 983
1 5 984
2 5 984
1 3 985
2 3 985
1 5 986
2 5 986
1 3 987
2 3 987
1 5 988
2 5 988
1 3 989
2 3 989
1 5 990
2 5 990
1 3 991
2 3 991
1 5 992
2 5 992
1 3 993
2 3 993
1 5 994
2 5 994
1 3 995
2 3 995
1 5 996
2 5 996
1 3 997
2 3 997
1 5 998
2 5 998
1 3 999
2 3 999
1 5 1000
2 5 1000
1 3 1001
2 3 1001
1 5 1002
2 5 1002
1 3 1003
2 3 1003
1 5 1004
2 5 1004
1 3 1005
2 3 1005
1 5 1006
2 5 1006
1 3 1007
2 3 1007
1 5 1008
2 5 1008
1 3 1009
2 3 1009
1 5 1010
2 5 1010
1 3 1011
2 3 1011
1 5 1012
2 5 1012
1 3 1013
2 3 1013
1 5 1014
2 5 1014
1 3 1015
2 3 1015
1 5 1016
2 5 1016
1 3 1017
2 3 1017
1 5 1018
2 5 1018
1 3 1019
2 3 1019
1 5 1020
2 5 1020
1 3 1021
2 3 1021
1 5 1022
2 5 1022
1 3 1023
2 3 1023
1 5 1024
2 5 1024
1 3 1025
2 3 1025
1 5 1026
2 5 1026
1 3 1027
2 3 1027
1 5 1028
2 5 1028
1 3 1029
2 3 1029
1 5 1030
2 5 1030
1 3 1031
2 3 1031
1 5 1032
2 5 1032
1 3 1033
2 3 1033
1 5 1034
2 5 1034
1 3 1035
2 3 1035
1 5 1036
2 5 1036
1 3 1037
2 3 1037
1 5 1038
2 5 1038
1 3 1039
2 3 1039
1 5 1040
2 5 1040
1 3 1041
2 3 1041
1 5 1042
2 5 1042
1 3 1043
2 3 1043
1 5 1044
2 5 1044
1 3 1045
2 3 1045
1 5 1046
2 5 1046
1 3 1047
2 3 1047
1 5 1048
2 5 1048
1 3 1049
2 3 1049
1 5 1050
2 5 1050
1 3 1051
2 3 1051
1 5 1052
2 5 1052
1 3 1053
2 3 1053
1 5 1054
2 5 1054
1 3 1055
2 3 1055
1 5 1056
2 5 1056
1 3 1057
2 3 1057
1 5 1058
2 5 1058
1 3 1059
2 3 1059
1 5 1060
2 5 1060
1 3 1061
2 3 1061
1 5 1062
2 5 1062
1 3 1063
2 3 1063
1 5 1064
2 5 1064
1 3 1065
2 3 1065
1 5 1066
2 5 1066
1 3 1067
2 3 1067
1 5 1068
2 5 1068
1 3 1069
2 3 1069
1 5 1070
2 5 1070
1 3 1071
2 3 1071
1 5 1072
2 5 1072
1 3 1073
2 3 1073
1 5 1074
2 5 1074
1 3 1075
2 3 1075
1 5 1076
2 5 1076
1 3 1077
2 3 1077
1 5 1078
2 5 1078
1 3 1079
2 3 1079
1 5 1080
2 5 1080
1 3 1081
2 3 1081
1 5 1082
2 5 1082
1 3 1083
2 3 1083
1 5 1084
2 5 1084
1 3 1085
2 3 1085
1 5 1086
2 5 1086
1 3 1087
2 3 1087
1 5 1088
2 5 1088
1 3 1089
2 3 1089
1 5 1090
2 5 1090
1 3 1091
2 3 1091
1 5 1092
2 5 1092
1 3 1093
2 3 1093
1 5 1094
2 5 1094
1 3 1095
2 3 1095
1 5 1096
2 5 1096
1 3 1097
2 3 1097
1 5 1098
2 5 1098
1 3 1099
2 3 1099
1 5 1100
2 5 1100
1 3 1101
2 3 1101
1 5 1102
2 5 1102
1 3 1103
2 3 1103
1 5 1104
2 5 1104
1 3 1105
2 3 1105
1 5 1106
2 5 1106
1 3 1107
2 3 1107
1 5 1108
2 5 1108
1 3 1109
2 3 1109
1 5 1110
2 5 1110
1 3 1111
2 3 1111
1 5 1112
2 5 1112
1 3 1113
2 3 1113
1 5 1114
2 5 1114
1 3 1115
2 3 1115
1 5 1116
2 5 1116
1 3 1117
2 3 1117
1 5 1118
2 5 1118
1 3 1119
2 3 1119
1 5 1120
2 5 1120
1 3 1121
2 3 1121
1 5 1122
2 5 1122
1 3 1123
2 3 1123
1 5 1124
2 5 1124
1 3 1125
2 3 1125
1 5 1126
2 5 1126
1 3 1127
2 3 1127
1 5 1128
2 5 1128
1 3 1129
2 3 1129
1 5 1130
2 5 1130
1 3 1131
2 3 1131
1 5 1132
2 5 1132
1 3 1133
2 3 1133
1 5 1134
2 5 1134
1 3 1135
2 3 1135
1 5 1136
2 5 1136
1 3 1137
2 3 1137
1 5 1138
2 5 1138
1 3 1139
2 3 1139
1 5 1140
2 5 1140
1 3 1141
2 3 1141
1 5 1142
2 5 1142
1 3 1143
2 3 1143
1 5 1144
2 5 1144
1 3 1145
2 3 1145
1 5 1146
2 5 1146
1 3 1147
2 3 1147
1 5 1148
2 5 1148
1 3 1149
2 3 1149
1 5 1150
2 5 1150
1 3 1151
2 3 1151
1 5 1152
2 5 1152
1 3 1153
2 3 1153
1 5 1154
2 5 1154
1 3 1155
2 3 1155
1 5 1156
2 5 1156
1 3 1157
2 3 1157
1 5 1158
2 5 1158
1 3 1159
2 3 1159
1 5 1160
2 5 1160
1 3 1161
2 3 1161
1 5 1162
2 5 1162
1 3 1163
2 3 1163
1 5 1164
2 5 1164
1 3 1165
2 3 1165
1 5 1166
2 5 1166
1 3 1167
2 3 1167
1 5 1168
2 5 1168
1 3 1169
2 3 1169
1 5 1170
2 5 1170
1 3 1171
2 3 1171
1 5 1172
2 5 1172
1 3 1173
2 3 1173
1 5 1174
2 5 1174
1 3 1175
2 3 1175
1 5 1176
2 5 1176
1 3 1177
2 3 1177
1 5 1178
2 5 1178
1 3 1179
2 3 1179
1 5 1180
2 5 1180
1 3 1181
2 3 1181
1 5 1182
2 5 1182
1 3 1183
2 3 1183
1 5 1184
2 5 1184
1 3 1185
2 3 1185
1 5 1186
2 5 1186
1 3 1187
2 3 1187
1 5 1188
2 5 1188
1 3 1189
2 3 1189
1 5 1190
2 5 1190
1 3 1191
2 3 1191
1 5 1192
2 5 1192
1 3 1193
2 3 1193
1 5 1194
2 5 1194
1 3 1195
2 3 1195
1 5 1196
2 5 1196
1 3 1197
2 3 1197
1 5 1198
2 5 1198
1 3 1199
2 3 1199
1 5 1200
2 5 1200
1 3 1201
2 3 1201
1 5 1202
2 5 1202
1 3 1203
2 3 1203
1 5 1204
2 5 1204
1 3 1205
2 3 1205
1 5 1206
2 5 1206
1 3 1207
2 3 1207
1 5 1208
2 5 1208
1 3 1209
2 3 1209
1 5 1210
2 5 1210
1 3 1211
2 3 1211
1 5 1212
2 5 1212
1 3 1213
2 3 1213
1 5 1214
2 5 1214
1 3 1215
2 3 1215
1 5 1216
2 5 1216
1 3 1217
2 3 1217
1 5 1218
2 5 1218
1 3 1219
2 3 1219
1 5 1220
2 5 1220
1 3 1221
2 3 1221
1 5 1222
2 5 1222
1 3 1223
2 3 1223
1 5 1224
2 5 1224
1 3 1225
2 3 1225
1 5 1226
2 5 1226
1 3 1227
2 3 1227
1 5 1228
2 5 1228
1 3 1229
2 3 1229
1 5 1230
2 5 1230
1 3 1231
2 3 1231
1 5 1232
2 5 1232
1 3 1233
2 3 1233
1 5 1234
2 5 1234
1 3 1235
2 3 1235
1 5 1236
2 5 1236
1 3 1237
2 3 1237
1 5 1238
2 5 1238
1 3 1239
2 3 1239
1 5 1240
2 5 1240
1 3 1241
2 3 1241
1 5 1242
2 5 1242
1 3 1243
2 3 1243
1 5 1244
2 5 1244
1 3 1245
2 3 1245
1 5 1246
2 5 1246
1 3 1247
2 3 1247
1 5 1248
2 5 1248
1 3 1249
2 3 1249
1 5 1250
2 5 1250
1 3 1251
2 3 1251
1 5 1252
2 5 1252
1 3 1253
2 3 1253
1 5 1254
2 5 1254
1 3 1255
2 3 1255
1 5 1256
2 5 1256
1 3 1257
2 3 1257
1 5 1258
2 5 1258
1 3 1259
2 3 1259
1 5 1260
2 5 1260
1 3 1261
2 3 1261
1 5 1262
2 5 1262
1 3 1263
2 3 1263
1 5 1264
2 5 1264
1 3 1265
2 3 1265
1 5 1266
2 5 1266
1 3 1267
2 3 1267
1 5 1268
2 5 1268
1 3 1269
2 3 1269
1 5 1270
2 5 1270
1 3 1271
2 3 1271
1 5 1272
2 5 1272
1 3 1273
2 3 1273
1 5 1274
2 5 1274
1 3 1275
2 3 1275
1 5 1276
2 5 1276
1 3 1277
2 3 1277
1 5 1278
2 5 1278
1 3 1279
2 3 1279
1 5 1280
2 5 1280
1 3 1281
2 3 1281
1 5 1282
2 5 1282
1 3 1283
2 3 1283
1 5 1284
2 5 1284
1 3 1285
2 3 1285
1 5 1286
2 5 1286
1 3 1287
2 3 1287
1 5 1288
2 5 1288
1 3 1289
2 3 1289
1 5 1290
2 5 1290
1 3 1291
2 3 1291
1 5 1292
2 5 1292
1 3 1293
2 3 1293
1 5 1294
2 5 1294
1 3 1295
2 3 1295
1 5 1296
2 5 1296
1 3 1297
2 3 1297
1 5 1298
2 5 1298
1 3 1299
2 3 1299
1 5 1300
2 5 1300
1 3 1301
2 3 1301
1 5 1302
2 5 1302
1 3 1303
2 3 1303
1 5 1304
2 5 1304
1 3 1305
2 3 1305
1 5 1306
2 5 1306
1 3 1307
2 3 1307
1 5 1308
2 5 1308
1 3 1309
2 3 1309
1 5 1310
2 5 1310
1 3 1311
2 3 1311
1 5 1312
2 5 1312
1 3 1313
2 3 1313
1 5 1314
2 5 1314
1 3 1315
2 3 1315
1 5 1316
2 5 1316
1 3 1317
2 3 1317
1 5 1318
2 5 1318
1 3 1319
2 3 1319
1 5 1320
2 5 1320
1 3 1321
2 3 1321
1 5 1322
2 5 1322
1 3 1323
2 3 1323
1 5 1324
2 5 1324
1 3 1325
2 3 1325
1 5 1326
2 5 1326
1 3 1327
2 3 1327
1 5 1328
2 5 1328
1 3 1329
2 3 1329
1 5 1330
2 5 1330
1 3 1331
2 3 1331
1 5 1332
2 5 1332
1 3 1333
2 3 1333
1 5 1334
2 5 1334
1 3 1335
2 3 1335
1 5 1336
2 5 1336
1 3 1337
2 3 1337
1 5 1338
2 5 1338
1 3 1339
2 3 1339
1 5 1340
2 5 1340
1 3 1341
2 3 1341
1 5 1342
2 5 1342
1 3 1343
2 3 1343
1 5 1344
2 5 1344
1 3 1345
2 3 1345
1 5 1346
2 5 1346
1 3 1347
2 3 1347
1 5 1348
2 5 1348
1 3 1349
2 3 1349
1 5 1350
2 5 1350
1 3 1351
2 3 1351
1 5 1352
2 5 1352
1 3 1353
2 3 1353
1 5 1354
2 5 1354
1 3 1355
2 3 1355
1 5 1356
2 5 1356
1 3 1357
2 3 1357
1 5 1358
2 5 1358
1 3 1359
2 3 1359
1 5 1360
2 5 1360
1 3 1361
2 3 1361
1 5 1362
2 5 1362
1 3 1363
2 3 1363
1 5 1364
2 5 1364
1 3 1365
2 3 1365
1 5 1366
2 5 1366
1 3 1367
2 3 1367
1 5 1368
2 5 1368
1 3 1369
2 3 1369
1 5 1370
2 5 1370
1 3 1371
2 3 1371
1 5 1372
2 5 1372
1 3 1373
2 3 1373
1 5 1374
2 5 1374
1 3 1375
2 3 1375
1 5 1376
2 5 1376
1 3 1377
2 3 1377
1 5 1378
2 5 1378
1 3 1379
2 3 1379
1 5 1380
2 5 1380
1 3 1381
2 3 1381
1 5 1382
2 5 1382
1 3 1383
2 3 1383
1 5 1384
2 5 1384
1 3 1385
2 3 1385
1 5 1386
2 5 1386
1 3 1387
2 3 1387
1 5 1388
2 5 1388
1 3 1389
2 3 1389
1 5 1390
2 5 1390
1 3 1391
2 3 1391
1 5 1392
2 5 1392
1 3 1393
2 3 1393
1 5 1394
2 5 1394
1 3 1395
2 3 1395
1 5 1396
2 5 1396
1 3 1397
2 3 1397
1 5 1398
2 5 1398
1 3 1399
2 3 1399
1 5 1400
2 5 1400
1 3 1401
2 3 1401
1 5 1402
2 5 1402
1 3 1403
2 3 1403
1 5 1404
2 5 1404
1 3 1405
2 3 1405
1 5 1406
2 5 1406
1 3 1407
2 3 1407
1 5 1408
2 5 1408
1 3 1409
2 3 1409
1 5 1410
2 5 1410
1 3 1411
2 3 1411
1 5 1412
2 5 1412
1 3 1413
2 3 1413
1 5 1414
2 5 1414
1 3 1415
2 3 1415
1 5 1416
2 5 1416
1 3 1417
2 3 1417
1 5 1418
2 5 1418
1 3 1419
2 3 1419
1 5 1420
2 5 1420
1 3 1421
2 3 1421
1 5 1422
2 5 1422
1 3 1423
2 3 1423
1 5 1424
2 5 1424
1 3 1425
2 3 1425
1 5 1426
2 5 1426
1 3 1427
2 3 1427
1 5 1428
2 5 1428
1 3 1429
2 3 1429
1 5 1430
2 5 1430
1 3 1431
2 3 1431
1 5 1432
2 5 1432
1 3 1433
2 3 1433
1 5 1434
2 5 1434
1 3 1435
2 3 1435
1 5 1436
2 5 1436
1 3 1437
2 3 1437
1 5 1438
2 5 1438
1 3 1439
2 3 1439
1 5 1440
2 5 1440
1 3 1441
2 3 1441
1 5 1442
2 5 1442
1 3 1443
2 3 1443
1 5 1444
2 5 1444
1 3 1445
2 3 1445
1 5 1446
2 5 1446
1 3 1447
2 3 1447
1 5 1448
2 5 1448
1 3 1449
2 3 1449
1 5 1450
2 5 1450
1 3 1451
2 3 1451
1 5 1452
2 5 1452
1 3 1453
2 3 1453
1 5 1454
2 5 1454
1 3 1455
2 3 1455
1 5 1456
2 5 1456
1 3 1457
2 3 1457
1 5 1458
2 5 1458
1 3 1459
2 3 1459
1 5 1460
2 5 1460
1 3 1461
2 3 1461
1 5 1462
2 5 1462
1 3 1463
2 3 1463
1 5 1464
2 5 1464
1 3 1465
2 3 1465
1 5 1466
2 5 1466
1 3 1467
2 3 1467
1 5 1468
2 5 1468
1 3 1469
2 3 1469
1 5 1470
2 5 1470
1 3 1471
2 3 1471
1 5 1472
2 5 1472
1 3 1473
2 3 1473
1 5 1474
2 5 1474
1 3 1475
2 3 1475
1 5 1476
2 5 1476
1 3 1477
2 3 1477
1 5 1478
2 5 1478
1 3 1479
2 3 1479
1 5 1480
2 5 1480
1 3 1481
2 3 1481
1 5 1482
2 5 1482
1 3 1483
2 3 1483
1 5 1484
2 5 1484
1 3 1485
2 3 1485
1 5 1486
2 5 1486
1 3 1487
2 3 1487
1 5 1488
2 5 1488
1 3 1489
2 3 1489
1 5 1490
2 5 1490
1 3 1491
2 3 1491
1 5 1492
2 5 1492
1 3 1493
2 3 1493
1 5 1494
2 5 1494
1 3 1495
2 3 1495
1 5 1496
2 5 1496
1 3 1497
2 3 1497
1 5 1498
2 5 1498
1 3 1499
2 3 1499
1 5 1500
2 5 1500
1 3 1501
2 3 1501
1 5 1502
2 5 1502
1 3 1503
2 3 1503
1 5 1504
2 5 1504
1 3 1505
2 3 1505
1 5 1506
2 5 1506
1 3 1507
2 3 1507
1 5 1508
2 5 1508
1 3 1509
2 3 1509
1 5 1510
2 5 1510
1 3 1511
2 3 1511
1 5 1512
2 5 1512
1 3 1513
2 3 1513
1 5 1514
2 5 1514
1 3 1515
2 3 1515
1 5 1516
2 5 1516
1 3 1517
2 3 1517
1 5 1518
2 5 1518
1 3 1519
2 3 1519
1 5 1520
2 5 1520
1 3 1521
2 3 1521
1 5 1522
2 5 1522
1 3 1523
2 3 1523
1 5 1524
2 5 1524
1 3 1525
2 3 1525
1 5 1526
2 5 1526
1 3 1527
2 3 1527
1 5 1528
2 5 1528
1 3 1529
2 3 1529
1 5 1530
2 5 1530
1 3 1531
2 3 1531
1 5 1532
2 5 1532
1 3 1533
2 3 1533
1 5 1534
2 5 1534
1 3 1535
2 3 1535
1 5 1536
2 5 1536
1 3 1537
2 3 1537
1 5 1538
2 5 1538
1 3 1539
2 3 1539
1 5 1540
2 5 1540
1 3 1541
2 3 1541
1 5 1542
2 5 1542
1 3 1543
2 3 1543
1 5 1544
2 5 1544
1 3 1545
2 3 1545
1 5 1546
2 5 1546
1 3 1547
2 3 1547
1 5 1548
2 5 1548
1 3 1549
2 3 1549
1 5 1550
2 5 1550
1 3 1551
2 3 1551
1 5 1552
2 5 1552
1 3 1553
2 3 1553
1 5 1554
2 5 1554
1 3 1555
2 3 1555
1 5 1556
2 5 1556
1 3 1557
2 3 1557
1 5 1558
2 5 1558
1 3 1559
2 3 1559
1 5 1560
2 5 1560
1 3 1561
2 3 1561
1 5 1562
2 5 1562
1 3 1563
2 3 1563
1 5 1564
2 5 1564
1 3 1565
2 3 1565
1 5 1566
2 5 1566
1 3 1567
2 3 1567
1 5 1568
2 5 1568
1 3 1569
2 3 1569
1 5 1570
2 5 1570
1 3 1571
2 3 1571
1 5 1572
2 5 1572
1 3 1573
2 3 1573
1 5 1574
2 5 1574
1 3 1575
2 3 1575
1 5 1576
2 5 1576
1 3 1577
2 3 1577
1 5 1578
2 5 1578
1 3 1579
2 3 1579
1 5 1580
2 5 1580
1 3 1581
2 3 1581
1 5 1582
2 5 1582
1 3 1583
2 3 1583
1 5 1584
2 5 1584
1 3 1585
2 3 1585
1 5 1586
2 5 1586
1 3 1587
2 3 1587
1 5 1588
2 5 1588
1 3 1589
2 3 1589
1 5 1590
2 5 1590
1 3 1591
2 3 1591
1 5 1592
2 5 1592
1 3 1593
2 3 1593
1 5 1594
2 5 1594
1 3 1595
2 3 1595
1 5 1596
2 5 1596
1 3 1597
2 3 1597
1 5 1598
2 5 1598
1 3 1599
2 3 1599
1 5 1600
2 5 1600
1 3 1601
2 3 1601
1 5 1602
2 5 1602
1 3 1603
2 3 1603
1 5 1604
2 5 1604
1 3 1605
2 3 1605
1 5 1606
2 5 1606
1 3 1607
2 3 1607
1 5 1608
2 5 1608
1 3 1609
2 3 1609
1 5 1610
2 5 1610
1 3 1611
2 3 1611
1 5 1612
2 5 1612
1 3 1613
2 3 1613
1 5 1614
2 5 1614
1 3 1615
2 3 1615
1 5 1616
2 5 1616
1 3 1617
2 3 1617
1 5 1618
2 5 1618
1 3 1619
2 3 1619
1 5 1620
2 5 1620
1 3 1621
2 3 1621
1 5 1622
2 5 1622
1 3 1623
2 3 1623
1 5 1624
2 5 1624
1 3 1625
2 3 1625
1 5 1626
2 5 1626
1 3 1627
2 3 1627
1 5 1628
2 5 1628
1 3 1629
2 3 1629
1 5 1630
2 5 1630
1 3 1631
2 3 1631
1 5 1632
2 5 1632
1 3 1633
2 3 1633
1 5 1634
2 5 1634
1 3 1635
2 3 1635
1 5 1636
2 5 1636
1 3 1637
2 3 1637
1 5 1638
2 5 1638
1 3 1639
2 3 1639
1 5 1640
2 5 1640
1 3 1641
2 3 1641
1 5 1642
2 5 1642
1 3 1643
2 3 1643
1 5 1644
2 5 1644
1 3 1645
2 3 1645
1 5 1646
2 5 1646
1 3 1647
2 3 1647
1 5 1648
2 5 1648
1 3 1649
2 3 1649
1 5 1650
2 5 1650
1 3 1651
2 3 1651
1 5 1652
2 5 1652
1 3 1653
2 3 1653
1 5 1654
2 5 1654
1 3 1655
2 3 1655
1 5 1656
2 5 1656
1 3 1657
2 3 1657
1 5 1658
2 5 1658
1 3 1659
2 3 1659
1 5 1660
2 5 1660
1 3 1661
2 3 1661
1 5 1662
2 5 1662
1 3 1663
2 3 1663
1 5 1664
2 5 1664
1 3 1665
2 3 1665
1 5 1666
2 5 1666
1 3 1667
2 3 1667
1 5 1668
2 5 1668
1 3 1669
2 3 1669
1 5 1670
2 5 1670
1 3 1671
2 3 1671
1 5 1672
2 5 1672
1 3 1673
2 3 1673
1 5 1674
2 5 1674
1 3 1675
2 3 1675
1 5 1676
2 5 1676
1 3 1677
2 3 1677
1 5 1678
2 5 1678
1 3 1679
2 3 1679
1 5 1680
2 5 1680
1 3 1681
2 3 1681
1 5 1682
2 5 1682
1 3 1683
2 3 1683
1 5 1684
2 5 1684
1 3 1685
2 3 1685
1 5 1686
2 5 1686
1 3 1687
2 3 1687
1 5 1688
2 5 1688
1 3 1689
2 3 1689
1 5 1690
2 5 1690
1 3 1691
2 3 1691
1 5 1692
2 5 1692
1 3 1693
2 3 1693
1 5 1694
2 5 1694
1 3 1695
2 3 1695
1 5 1696
2 5 1696
1 3 1697
2 3 1697
1 5 1698
2 5 1698
1 3 1699
2 3 1699
1 5 1700
2 5 1700
1 3 1701
2 3 1701
1 5 1702
2 5 1702
1 3 1703
2 3 1703
1 5 1704
2 5 1704
1 3 1705
2 3 1705
1 5 1706
2 5 1706
1 3 1707
2 3 1707
1 5 1708
2 5 1708
1 3 1709
2 3 1709
1 5 1710
2 5 1710
1 3 1711
2 3 1711
1 5 1712
2 5 1712
1 3 1713
2 3 1713
1 5 1714
2 5 1714
1 3 1715
2 3 1715
1 5 1716
2 5 1716
1 3 1717
2 3 1717
1 5 1718
2 5 1718
1 3 1719
2 3 1719
1 5 1720
2 5 1720
1 3 1721
2 3 1721
1 5 1722
2 5 1722
1 3 1723
2 3 1723
1 5 1724
2 5 1724
1 3 1725
2 3 1725
1 5 1726
2 5 1726
1 3 1727
2 3 1727
1 5 1728
2 5 1728
1 3 1729
2 3 1729
1 5 1730
2 5 1730
1 3 1731
2 3 1731
1 5 1732
2 5 1732
1 3 1733
2 3 1733
1 5 1734
2 5 1734
1 3 1735
2 3 1735
1 5 1736
2 5 1736
1 3 1737
2 3 1737
1 5 1738
2 5 1738
1 3 1739
2 3 1739
1 5 1740
2 5 1740
1 3 1741
2 3 1741
1 5 1742
2 5 1742
1 3 1743
2 3 1743
1 5 1744
2 5 1744
1 3 1745
2 3 1745
1 5 1746
2 5 1746
1 3 1747
2 3 1747
1 5 1748
2 5 1748
1 3 1749
2 3 1749
1 5 1750
2 5 1750
1 3 1751
2 3 1751
1 5 1752
2 5 1752
1 3 1753
2 3 1753
1 5 1754
2 5 1754
1 3 1755
2 3 1755
1 5 1756
2 5 1756
1 3 1757
2 3 1757
1 5 1758
2 5 1758
1 3 1759
2 3 1759
1 5 1760
2 5 1760
1 3 1761
2 3 1761
1 5 1762
2 5 1762
1 3 1763
2 3 1763
1 5 1764
2 5 1764
1 3 1765
2 3 1765
1 5 1766
2 5 1766
1 3 1767
2 3 1767
1 5 1768
2 5 1768
1 3 1769
2 3 1769
1 5 1770
2 5 1770
1 3 1771
2 3 1771
1 5 1772
2 5 1772
1 3 1773
2 3 1773
1 5 1774
2 5 1774
1 3 1775
2 3 1775
1 5 1776
2 5 1776
1 3 1777
2 3 1777
1 5 1778
2 5 1778
1 3 1779
2 3 1779
1 5 1780
2 5 1780
1 3 1781
2 3 1781
1 5 1782
2 5 1782
1 3 1783
2 3 1783
1 5 1784
2 5 1784
1 3 1785
2 3 1785
1 5 1786
2 5 1786
1 3 1787
2 3 1787
1 5 1788
2 5 1788
1 3 1789
2 3 1789
1 5 1790
2 5 1790
1 3 1791
2 3 1791
1 5 1792
2 5 1792
1 3 1793
2 3 1793
1 5 1794
2 5 1794
1 3 1795
2 3 1795
1 5 1796
2 5 1796
1 3 1797
2 3 1797
1 5 1798
2 5 1798
1 3 1799
2 3 1799
1 5 1800
2 5 1800
1 3 1801
2 3 1801
1 5 1802
2 5 1802
1 3 1803
2 3 1803
1 5 1804
2 5 1804
1 3 1805
2 3 1805
1 5 1806
2 5 1806
1 3 1807
2 3 1807
1 5 1808
2 5 1808
1 3 1809
2 3 1809
1 5 1810
2 5 1810
1 3 1811
2 3 1811
1 5 1812
2 5 1812
1 3 1813
2 3 1813
1 5 1814
2 5 1814
1 3 1815
2 3 1815
1 5 1816
2 5 1816
1 3 1817
2 3 1817
1 5 1818
2 5 1818
1 3 1819
2 3 1819
1 5 1820
2 5 1820
1 3 1821
2 3 1821
1 5 1822
2 5 1822
1 3 1823
2 3 1823
1 5 1824
2 5 1824
1 3 1825
2 3 1825
1 5 1826
2 5 1826
1 3 1827
2 3 1827
1 5 1828
2 5 1828
1 3 1829
2 3 1829
1 5 1830
2 5 1830
1 3 1831
2 3 1831
1 5 1832
2 5 1832
1 3 1833
2 3 1833
1 5 1834
2 5 1834
1 3 1835
2 3 1835
1 5 1836
2 5 1836
1 3 1837
2 3 1837
1 5 1838
2 5 1838
1 3 1839
2 3 1839
1 5 1840
2 5 1840
1 3 1841
2 3 1841
1 5 1842
2 5 1842
1 3 1843
2 3 1843
1 5 1844
2 5 1844
1 3 1845
2 3 1845
1 5 1846
2 5 1846
1 3 1847
2 3 1847
1 5 1848
2 5 1848
1 3 1849
2 3 1849
1 5 1850
2 5 1850
1 3 1851
2 3 1851
1 5 1852
2 5 1852
1 3 1853
2 3 1853
1 5 1854
2 5 1854
1 3 1855
2 3 1855
1 5 1856
2 5 1856
1 3 1857
2 3 1857
1 5 1858
2 5 1858
1 3 1859
2 3 1859
1 5 1860
2 5 1860
1 3 1861
2 3 1861
1 5 1862
2 5 1862
1 3 1863
2 3 1863
1 5 1864
2 5 1864
1 3 1865
2 3 1865
1 5 1866
2 5 1866
1 3 1867
2 3 1867
1 5 1868
2 5 1868
1 3 1869
2 3 1869
1 5 1870
2 5 1870
1 3 1871
2 3 1871
1 5 1872
2 5 1872
1 3 1873
2 3 1873
1 5 1874
2 5 1874
1 3 1875
2 3 1875
1 5 1876
2 5 1876
1 3 1877
2 3 1877
1 5 1878
2 5 1878
1 3 1879
2 3 1879
1 5 1880
2 5 1880
1 3 1881
2 3 1881
1 5 1882
2 5 1882
1 3 1883
2 3 1883
1 5 1884
2 5 1884
1 3 1885
2 3 1885
1 5 1886
2 5 1886
1 3 1887
2 3 1887
1 5 1888
2 5 1888
1 3 1889
2 3 1889
1 5 1890
2 5 1890
1 3 1891
2 3 1891
1 5 1892
2 5 1892
1 3 1893
2 3 1893
1 5 1894
2 5 1894
1 3 1895
2 3 1895
1 5 1896
2 5 1896
1 3 1897
2 3 1897
1 5 1898
2 5 1898
1 3 1899
2 3 1899
1 5 1900
2 5 1900
1 3 1901
2 3 1901
1 5 1902
2 5 1902
1 3 1903
2 3 1903
1 5 1904
2 5 1904
1 3 1905
2 3 1905
1 5 1906
2 5 1906
1 3 1907
2 3 1907
1 5 1908
2 5 1908
1 3 1909
2 3 1909
1 5 1910
2 5 1910
1 3 1911
2 3 1911
1 5 1912
2 5 1912
1 3 1913
2 3 1913
1 5 1914
2 5 1914
1 3 1915
2 3 1915
1 5 1916
2 5 1916
1 3 1917
2 3 1917
1 5 1918
2 5 1918
1 3 1919
2 3 1919
1 5 1920
2 5 1920
1 3 1921
2 3 1921
1 5 1922
2 5 1922
1 3 1923
2 3 1923
1 5 1924
2 5 1924
1 3 1925
2 3 1925
1 5 1926
2 5 1926
1 3 1927
2 3 1927
1 5 1928
2 5 1928
1 3 1929
2 3 1929
1 5 1930
2 5 1930
1 3 1931
2 3 1931
1 5 1932
2 5 1932
1 3 1933
2 3 1933
1 5 1934
2 5 1934
1 3 1935
2 3 1935
1 5 1936
2 5 1936
1 3 1937
2 3 1937
1 5 1938
2 5 1938
1 3 1939
2 3 1939
1 5 1940
2 5 1940
1 3 1941
2 3 1941
1 5 1942
2 5 1942
1 3 1943
2 3 1943
1 5 1944
2 5 1944
1 3 1945
2 3 1945
1 5 1946
2 5 1946
1 3 1947
2 3 1947
1 5 1948
2 5 1948
1 3 1949
2 3 1949
1 5 1950
2 5 1950
1 3 1951
2 3 1951
1 5 1952
2 5 1952
1 3 1953
2 3 1953
1 5 1954
2 5 1954
1 3 1955
2 3 1955
1 5 1956
2 5 1956
1 3 1957
2 3 1957
1 5 1958
2 5 1958
1 3 1959
2 3 1959
1 5 1960
2 5 1960
1 3 1961
2 3 1961
1 5 1962
2 5 1962
1 3 1963
2 3 1963
1 5 1964
2 5 1964
1 3 1965
2 3 1965
1 5 1966
2 5 1966
1 3 1967
2 3 1967
1 5 1968
2 5 1968
1 3 1969
2 3 1969
1 5 1970
2 5 1970
1 3 1971
2 3 1971
1 5 1972
2 5 1972
1 3 1973
2 3 1973
1 5 1974
2 5 1974
1 3 1975
2 3 1975
1 5 1976
2 5 1976
1 3 1977
2 3 1977
1 5 1978
2 5 1978
1 3 1979
2 3 1979
1 5 1980
2 5 1980
1 3 1981
2 3 1981
1 5 1982
2 5 1982
1 3 1983
2 3 1983
1 5 1984
2 5 1984
1 3 1985
2 3 1985
1 5 1986
2 5 1986
1 3 1987
2 3 1987
1 5 1988
2 5 1988
1 3 1989
2 3 1989
1 5 1990
2 5 1990
1 3 1991
2 3 1991
1 5 1992
2 5 1992
1 3 1993
2 3 1993
1 5 1994
2 5 1994
1 3 1995
2 3 1995
1 5 1996
2 5 1996
1 3 1997
2 3 1997
1 5 1998
2 5 1998
1 3 1999
2 3 1999
1 5 2000
2 5 2000
1 3 2001
2 3 2001
1 5 2002
2 5 2002
1 3 2003
2 3 2003
1 5 2004
2 5 2004
1 3 2005
2 3 2005
1 5 2006
2 5 2006
1 3 2007
2 3 2007
1 5 2008
2 5 2008
1 3 2009
2 3 2009
1 5 2010
2 5 2010
1 3 2011
2 3 2011
1 5 2012
2 5 2012
1 3 2013
2 3 2013
1 5 2014
2 5 2014
1 3 2015
2 3 2015
1 5 2016
2 5 2016
1 3 2017
2 3 2017
1 5 2018
2 5 2018
1 3 2019
2 3 2019
1 5 2020
2 5 2020
1 3 2021
2 3 2021
1 5 2022
2 5 2022
1 3 2023
2 3 2023
1 5 2024
2 5 2024
1 3 2025
2 3 2025
1 5 2026
2 5 2026
1 3 2027
2 3 2027
1 5 2028
2 5 2028
1 3 2029
2 3 2029
1 5 2030
2 5 2030
1 3 2031
2 3 2031
1 5 2032
2 5 2032
1 3 2033
2 3 2033
1 5 2034
2 5 2034
1 3 2035
2 3 2035
1 5 2036
2 5 2036
1 3 2037
2 3 2037
1 5 2038
2 5 2038
1 3 2039
2 3 2039
1 5 2040
2 5 2040
1 3 2041
2 3 2041
1 5 2042
2 5 2042
1 3 2043
2 3 2043
1 5 2044
2 5 2044
1 3 2045
2 3 2045
1 5 2046
2 5 2046
1 3 2047
2 3 2047
1 5 2048
2 5 2048
1 3 2049
2 3 2049
1 5 2050
2 5 2050
1 3 2051
2 3 2051
1 5 2052
2 5 2052
1 3 2053
2 3 2053
1 5 2054
2 5 2054
1 3 2055
2 3 2055
1 5 2056
2 5 2056
1 3 2057
2 3 2057
1 5 2058
2 5 2058
1 3 2059
2 3 2059
1 5 2060
2 5 2060
1 3 2061
2 3 2061
1 5 2062
2 5 2062
1 3 2063
2 3 2063
1 5 2064
2 5 2064
1 3 2065
2 3 2065
1 5 2066
2 5 2066
1 3 2067
2 3 2067
1 5 2068
2 5 2068
1 3 2069
2 3 2069
1 5 2070
2 5 2070
1 3 2071
2 3 2071
1 5 2072
2 5 2072
1 3 2073
2 3 2073
1 5 2074
2 5 2074
1 3 2075
2 3 2075
1 5 2076
2 5 2076
1 3 2077
2 3 2077
1 5 2078
2 5 2078
1 3 2079
2 3 2079
1 5 2080
2 5 2080
1 3 2081
2 3 2081
1 5 2082
2 5 2082
1 3 2083
2 3 2083
1 5 2084
2 5 2084
1 3 2085
2 3 2085
1 5 2086
2 5 2086
1 3 2087
2 3 2087
1 5 2088
2 5 2088
1 3 2089
2 3 2089
1 5 2090
2 5 2090
1 3 2091
2 3 2091
1 5 2092
2 5 2092
1 3 2093
2 3 2093
1 5 2094
2 5 2094
1 3 2095
2 3 2095
1 5 2096
2 5 2096
1 3 2097
2 3 2097
1 5 2098
2 5 2098
1 3 2099
2 3 2099
1 5 2100
2 5 2100
1 3 2101
2 3 2101
1 5 2102
2 5 2102
1 3 2103
2 3 2103
1 5 2104
2 5 2104
1 3 2105
2 3 2105
1 5 2106
2 5 2106
1 3 2107
2 3 2107
1 5 2108
2 5 2108
1 3 2109
2 3 2109
1 5 2110
2 5 2110
1 3 2111
2 3 2111
1 5 2112
2 5 2112
1 3 2113
2 3 2113
1 5 2114
2 5 2114
1 3 2115
2 3 2115
1 5 2116
2 5 2116
1 3 2117
2 3 2117
1 5 2118
2 5 2118
1 3 2119
2 3 2119
1 5 2120
2 5 2120
1 3 2121
2 3 2121
1 5 2122
2 5 2122
1 3 2123
2 3 2123
1 5 2124
2 5 2124
1 3 2125
2 3 2125
1 5 2126
2 5 2126
1 3 2127
2 3 2127
1 5 2128
2 5 2128
1 3 2129
2 3 2129
1 5 2130
2 5 2130
1 3 2131
2 3 2131
1 5 2132
2 5 2132
1 3 2133
2 3 2133
1 5 2134
2 5 2134
1 3 2135
2 3 2135
1 5 2136
2 5 2136
1 3 2137
2 3 2137
1 5 2138
2 5 2138
1 3 2139
2 3 2139
1 5 2140
2 5 2140
1 3 2141
2 3 2141
1 5 2142
2 5 2142
1 3 2143
2 3 2143
1 5 2144
2 5 2144
1 3 2145
2 3 2145
1 5 2146
2 5 2146
1 3 2147
2 3 2147
1 5 2148
2 5 2148
1 3 2149
2 3 2149
1 5 2150
2 5 2150
1 3 2151
2 3 2151
1 5 2152
2 5 2152
1 3 2153
2 3 2153
1 5 2154
2 5 2154
1 3 2155
2 3 2155
1 5 2156
2 5 2156
1 3 2157
2 3 2157
1 5 2158
2 5 2158
1 3 2159
2 3 2159
1 5 2160
2 5 2160
1 3 2161
2 3 2161
1 5 2162
2 5 2162
1 3 2163
2 3 2163
1 5 2164
2 5 2164
1 3 2165
2 3 2165
1 5 2166
2 5 2166
1 3 2167
2 3 2167
1 5 2168
2 5 2168
1 3 2169
2 3 2169
1 5 2170
2 5 2170
1 3 2171
2 3 2171
1 5 2172
2 5 2172
1 3 2173
2 3 2173
1 5 2174
2 5 2174
1 3 2175
2 3 2175
1 5 2176
2 5 2176
1 3 2177
2 3 2177
1 5 2178
2 5 2178
1 3 2179
2 3 2179
1 5 2180
2 5 2180
1 3 2181
2 3 2181
1 5 2182
2 5 2182
1 3 2183
2 3 2183
1 5 2184
2 5 2184
1 3 2185
2 3 2185
1 5 2186
2 5 2186
1 3 2187
2 3 2187
1 5 2188
2 5 2188
1 3 2189
2 3 2189
1 5 2190
2 5 2190
1 3 2191
2 3 2191
1 5 2192
2 5 2192
1 3 2193
2 3 2193
1 5 2194
2 5 2194
1 3 2195
2 3 2195
1 5 2196
2 5 2196
1 3 2197
2 3 2197
1 5 2198
2 5 2198
1 3 2199
2 3 2199
1 5 2200
2 5 2200
1 3 2201
2 3 2201
1 5 2202
2 5 2202
1 3 2203
2 3 2203
1 5 2204
2 5 2204
1 3 2205
2 3 2205
1 5 2206
2 5 2206
1 3 2207
2 3 2207
1 5 2208
2 5 2208
1 3 2209
2 3 2209
1 5 2210
2 5 2210
1 3 2211
2 3 2211
1 5 2212
2 5 2212
1 3 2213
2 3 2213
1 5 2214
2 5 2214
1 3 2215
2 3 2215
1 5 2216
2 5 2216
1 3 2217
2 3 2217
1 5 2218
2 5 2218
1 3 2219
2 3 2219
1 5 2220
2 5 2220
1 3 2221
2 3 2221
1 5 2222
2 5 2222
1 3 2223
2 3 2223
1 5 2224
2 5 2224
1 3 2225
2 3 2225
1 5 2226
2 5 2226
1 3 2227
2 3 2227
1 5 2228
2 5 2228
1 3 2229
2 3 2229
1 5 2230
2 5 2230
1 3 2231
2 3 2231
1 5 2232
2 5 2232
1 3 2233
2 3 2233
1 5 2234
2 5 2234
1 3 2235
2 3 2235
1 5 2236
2 5 2236
1 3 2237
2 3 2237
1 5 2238
2 5 2238
1 3 2239
2 3 2239
1 5 2240
2 5 2240
1 3 2241
2 3 2241
1 5 2242
2 5 2242
1 3 2243
2 3 2243
1 5 2244
2 5 2244
1 3 2245
2 3 2245
1 5 2246
2 5 2246
1 3 2247
2 3 2247
1 5 2248
2 5 2248
1 3 2249
2 3 2249
1 5 2250
2 5 2250
1 3 2251
2 3 2251
1 5 2252
2 5 2252
1 3 2253
2 3 2253
1 5 2254
2 5 2254
1 3 2255
2 3 2255
1 5 2256
2 5 2256
1 3 2257
2 3 2257
1 5 2258
2 5 2258
1 3 2259
2 3 2259
1 5 2260
2 5 2260
1 3 2261
2 3 2261
1 5 2262
2 5 2262
1 3 2263
2 3 2263
1 5 2264
2 5 2264
1 3 2265
2 3 2265
1 5 2266
2 5 2266
1 3 2267
2 3 2267
1 5 2268
2 5 2268
1 3 2269
2 3 2269
1 5 2270
2 5 2270
1 3 2271
2 3 2271
1 5 2272
2 5 2272
1 3 2273
2 3 2273
1 5 2274
2 5 2274
1 3 2275
2 3 2275
1 5 2276
2 5 2276
1 3 2277
2 3 2277
1 5 2278
2 5 2278
1 3 2279
2 3 2279
1 5 2280
2 5 2280
1 3 2281
2 3 2281
1 5 2282
2 5 2282
1 3 2283
2 3 2283
1 5 2284
2 5 2284
1 3 2285
2 3 2285
1 5 2286
2 5 2286
1 3 2287
2 3 2287
1 5 2288
2 5 2288
1 3 2289
2 3 2289
1 5 2290
2 5 2290
1 3 2291
2 3 2291
1 5 2292
2 5 2292
1 3 2293
2 3 2293
1 5 2294
2 5 2294
1 3 2295
2 3 2295
1 5 2296
2 5 2296
1 3 2297
2 3 2297
1 5 2298
2 5 2298
1 3 2299
2 3 2299
1 5 2300
2 5 2300
1 3 2301
2 3 2301
1 5 2302
2 5 2302
1 3 2303
2 3 2303
1 5 2304
2 5 2304
1 3 2305
2 3 2305
1 5 2306
2 5 2306
1 3 2307
2 3 2307
1 5 2308
2 5 2308
1 3 2309
2 3 2309
1 5 2310
2 5 2310
1 3 2311
2 3 2311
1 5 2312
2 5 2312
1 3 2313
2 3 2313
1 5 2314
2 5 2314
1 3 2315
2 3 2315
1 5 2316
2 5 2316
1 3 2317
2 3 2317
1 5 2318
2 5 2318
1 3 2319
2 3 2319
1 5 2320
2 5 2320
1 3 2321
2 3 2321
1 5 2322
2 5 2322
1 3 2323
2 3 2323
1 5 2324
2 5 2324
1 3 2325
2 3 2325
1 5 2326
2 5 2326
1 3 2327
2 3 2327
1 5 2328
2 5 2328
1 3 2329
2 3 2329
1 5 2330
2 5 2330
1 3 2331
2 3 2331
1 5 2332
2 5 2332
1 3 2333
2 3 2333
1 5 2334
2 5 2334
1 3 2335
2 3 2335
1 5 2336
2 5 2336
1 3 2337
2 3 2337
1 5 2338
2 5 2338
1 3 2339
2 3 2339
1 5 2340
2 5 2340
1 3 2341
2 3 2341
1 5 2342
2 5 2342
1 3 2343
2 3 2343
1 5 2344
2 5 2344
1 3 2345
2 3 2345
1 5 2346
2 5 2346
1 3 2347
2 3 2347
1 5 2348
2 5 2348
1 3 2349
2 3 2349
1 5 2350
2 5 2350
1 3 2351
2 3 2351
1 5 2352
2 5 2352
1 3 2353
2 3 2353
1 5 2354
2 5 2354
1 3 2355
2 3 2355
1 5 2356
2 5 2356
1 3 2357
2 3 2357
1 5 2358
2 5 2358
1 3 2359
2 3 2359
1 5 2360
2 5 2360
1 3 2361
2 3 2361
1 5 2362
2 5 2362
1 3 2363
2 3 2363
1 5 2364
2 5 2364
1 3 2365
2 3 2365
1 5 2366
2 5 2366
1 3 2367
2 3 2367
1 5 2368
2 5 2368
1 3 2369
2 3 2369
1 5 2370
2 5 2370
1 3 2371
2 3 2371
1 5 2372
2 5 2372
1 3 2373
2 3 2373
1 5 2374
2 5 2374
1 3 2375
2 3 2375
1 5 2376
2 5 2376
1 3 2377
2 3 2377
1 5 2378
2 5 2378
1 3 2379
2 3 2379
1 5 2380
2 5 2380
1 3 2381
2 3 2381
1 5 2382
2 5 2382
1 3 2383
2 3 2383
1 5 2384
2 5 2384
1 3 2385
2 3 2385
1 5 2386
2 5 2386
1 3 2387
2 3 2387
1 5 2388
2 5 2388
1 3 2389
2 3 2389
1 5 2390
2 5 2390
1 3 2391
2 3 2391
1 5 2392
2 5 2392
1 3 2393
2 3 2393
1 5 2394
2 5 2394
1 3 2395
2 3 2395
1 5 2396
2 5 2396
1 3 2397
2 3 2397
1 5 2398
2 5 2398
1 3 2399
2 3 2399
1 5 2400
2 5 2400
1 3 2401
2 3 2401
1 5 2402
2 5 2402
1 3 2403
2 3 2403
1 5 2404
2 5 2404
1 3 2405
2 3 2405
1 5 2406
2 5 2406
1 3 2407
2 3 2407
1 5 2408
2 5 2408
1 3 2409
2 3 2409
1 5 2410
2 5 2410
1 3 2411
2 3 2411
1 5 2412
2 5 2412
1 3 2413
2 3 2413
1 5 2414
2 5 2414
1 3 2415
2 3 2415
1 5 2416
2 5 2416
1 3 2417
2 3 2417
1 5 2418
2 5 2418
1 3 2419
2 3 2419
1 5 2420
2 5 2420
1 3 2421
2 3 2421
1 5 2422
2 5 2422
1 3 2423
2 3 2423
1 5 2424
2 5 2424
1 3 2425
2 3 2425
1 5 2426
2 5 2426
1 3 2427
2 3 2427
1 5 2428
2 5 2428
1 3 2429
2 3 2429
1 5 2430
2 5 2430
1 3 2431
2 3 2431
1 5 2432
2 5 2432
1 3 2433
2 3 2433
1 5 2434
2 5 2434
1 3 2435
2 3 2435
1 5 2436
2 5 2436
1 3 2437
2 3 2437
1 5 2438
2 5 2438
1 3 2439
2 3 2439
1 5 2440
2 5 2440
1 3 2441
2 3 2441
1 5 2442
2 5 2442
1 3 2443
2 3 2443
1 5 2444
2 5 2444
1 3 2445
2 3 2445
1 5 2446
2 5 2446
1 3 2447
2 3 2447
1 5 2448
2 5 2448
1 3 2449
2 3 2449
1 5 2450
2 5 2450
1 3 2451
2 3 2451
1 5 2452
2 5 2452
1 3 2453
2 3 2453
1 5 2454
2 5 2454
1 3 2455
2 3 2455
1 5 2456
2 5 2456
1 3 2457
2 3 2457
1 5 2458
2 5 2458
1 3 2459
2 3 2459
1 5 2460
2 5 2460
1 3 2461
2 3 2461
1 5 2462
2 5 2462
1 3 2463
2 3 2463
1 5 2464
2 5 2464
1 3 2465
2 3 2465
1 5 2466
2 5 2466
1 3 2467
2 3 2467
1 5 2468
2 5 2468
1 3 2469
2 3 2469
1 5 2470
2 5 2470
1 3 2471
2 3 2471
1 5 2472
2 5 2472
1 3 2473
2 3 2473
1 5 2474
2 5 2474
1 3 2475
2 3 2475
1 5 2476
2 5 2476
1 3 2477
2 3 2477
1 5 2478
2 5 2478
1 3 2479
2 3 2479
1 5 2480
2 5 2480
1 3 2481
2 3 2481
1 5 2482
2 5 2482
1 3 2483
2 3 2483
1 5 2484
2 5 2484
1 3 2485
2 3 2485
1 5 2486
2 5 2486
1 3 2487
2 3 2487
1 5 2488
2 5 2488
1 3 2489
2 3 2489
1 5 2490
2 5 2490
1 3 2491
2 3 2491
1 5 2492
2 5 2492
1 3 2493
2 3 2493
1 5 2494
2 5 2494
1 3 2495
2 3 2495
1 5 2496
2 5 2496
1 3 2497
2 3 2497
1 5 2498
2 5 2498
1 3 2499
2 3 2499
1 5 2500
2 5 2500
1 3 2501
2 3 2501
1 5 2502
2 5 2502
1 3 2503
2 3 2503
1 5 2504
2 5 2504
1 3 2505
2 3 2505
1 5 2506
2 5 2506
1 3 2507
2 3 2507
1 5 2508
2 5 2508
1 3 2509
2 3 2509
1 5 2510
2 5 2510
1 3 2511
2 3 2511
1 5 2512
2 5 2512
1 3 2513
2 3 2513
1 5 2514
2 5 2514
1 3 2515
2 3 2515
1 5 2516
2 5 2516
1 3 2517
2 3 2517
1 5 2518
2 5 2518
1 3 2519
2 3 2519
1 5 2520
2 5 2520
1 3 2521
2 3 2521
1 5 2522
2 5 2522
1 3 2523
2 3 2523
1 5 2524
2 5 2524
1 3 2525
2 3 2525
1 5 2526
2 5 2526
1 3 2527
2 3 2527
1 5 2528
2 5 2528
1 3 2529
2 3 2529
1 5 2530
2 5 2530
1 3 2531
2 3 2531
1 5 2532
2 5 2532
1 3 2533
2 3 2533
1 5 2534
2 5 2534
1 3 2535
2 3 2535
1 5 2536
2 5 2536
1 3 2537
2 3 2537
1 5 2538
2 5 2538
1 3 2539
2 3 2539
1 5 2540
2 5 2540
1 3 2541
2 3 2541
1 5 2542
2 5 2542
1 3 2543
2 3 2543
1 5 2544
2 5 2544
1 3 2545
2 3 2545
1 5 2546
2 5 2546
1 3 2547
2 3 2547
1 5 2548
2 5 2548
1 3 2549
2 3 2549
1 5 2550
2 5 2550
1 3 2551
2 3 2551
1 5 2552
2 5 2552
1 3 2553
2 3 2553
1 5 2554
2 5 2554
1 3 2555
2 3 2555
1 5 2556
2 5 2556
1 3 2557
2 3 2557
1 5 2558
2 5 2558
1 3 2559
2 3 2559
1 5 2560
2 5 2560
1 3 2561
2 3 2561
1 5 2562
2 5 2562
1 3 2563
2 3 2563
1 5 2564
2 5 2564
1 3 2565
2 3 2565
1 5 2566
2 5 2566
1 3 2567
2 3 2567
1 5 2568
2 5 2568
1 3 2569
2 3 2569
1 5 2570
2 5 2570
1 3 2571
2 3 2571
1 5 2572
2 5 2572
1 3 2573
2 3 2573
1 5 2574
2 5 2574
1 3 2575
2 3 2575
1 5 2576
2 5 2576
1 3 2577
2 3 2577
1 5 2578
2 5 2578
1 3 2579
2 3 2579
1 5 2580
2 5 2580
1 3 2581
2 3 2581
1 5 2582
2 5 2582
1 3 2583
2 3 2583
1 5 2584
2 5 2584
1 3 2585
2 3 2585
1 5 2586
2 5 2586
1 3 2587
2 3 2587
1 5 2588
2 5 2588
1 3 2589
2 3 2589
1 5 2590
2 5 2590
1 3 2591
2 3 2591
1 5 2592
2 5 2592
1 3 2593
2 3 2593
1 5 2594
2 5 2594
1 3 2595
2 3 2595
1 5 2596
2 5 2596
1 3 2597
2 3 2597
1 5 2598
2 5 2598
1 3 2599
2 3 2599
1 5 2600
2 5 2600
1 3 2601
2 3 2601
1 5 2602
2 5 2602
1 3 2603
2 3 2603
1 5 2604
2 5 2604
1 3 2605
2 3 2605
1 5 2606
2 5 2606
1 3 2607
2 3 2607
1 5 2608
2 5 2608
1 3 2609
2 3 2609
1 5 2610
2 5 2610
1 3 2611
2 3 2611
1 5 2612
2 5 2612
1 3 2613
2 3 2613
1 5 2614
2 5 2614
1 3 2615
2 3 2615
1 5 2616
2 5 2616
1 3 2617
2 3 2617
1 5 2618
2 5 2618
1 3 2619
2 3 2619
1 5 2620
2 5 2620
1 3 2621
2 3 2621
1 5 2622
2 5 2622
