9 13 1
15 13 1
9 14 2
15 14 2
9 13 3
15 13 3
9 14 4
15 14 4
9 13 5
15 13 5
9 14 6
15 14 6
9 13 7
15 13 7
9 14 8
15 14 8
9 13 9
15 13 9
9 14 10
15 14 10
9 13 11
15 13 11
9 14 12
15 14 12
9 13 13
15 13 13
9 14 14
15 14 14
9 13 15
15 13 15
9 14 16
15 14 16
9 13 17
15 13 17
9 14 18
15 14 18
9 13 19
15 13 19
9 14 20
15 14 20
9 13 21
15 13 21
9 14 22
15 14 22
9 13 23
15 13 23
9 14 24
15 14 24
9 13 25
15 13 25
9 14 26
15 14 26
9 13 27
15 13 27
9 14 28
15 14 28
9 13 29
15 13 29
9 14 30
15 14 30
9 13 31
15 13 31
9 14 32
15 14 32
9 13 33
15 13 33
9 14 34
15 14 34
9 13 35
15 13 35
9 14 36
15 14 36
9 13 37
15 13 37
9 14 38
15 14 38
9 13 39
15 13 39
9 14 40
15 14 40
9 13 41
15 13 41
9 14 42
15 14 42
9 13 43
15 13 43
9 14 44
15 14 44
9 13 45
15 13 45
9 14 46
15 14 46
9 13 47
15 13 47
9 14 48
15 14 48
9 13 49
15 13 49
9 14 50
15 14 50
9 13 51
15 13 51
9 14 52
15 14 52
9 13 53
15 13 53
9 14 54
15 14 54
9 13 55
15 13 55
9 14 56
15 14 56
9 13 57
15 13 57
9 14 58
15 14 58
9 13 59
15 13 59
9 14 60
15 14 60
9 13 61
15 13 61
9 14 62
15 14 62
9 13 63
15 13 63
9 14 64
15 14 64
9 13 65
15 13 65
9 14 66
15 14 66
9 13 67
15 13 67
9 14 68
15 14 68
9 13 69
15 13 69
9 14 70
15 14 70
9 13 71
15 13 71
9 14 72
15 14 72
9 13 73
15 13 73
9 14 74
15 14 74
9 13 75
15 13 75
9 14 76
15 14 76
9 13 77
15 13 77
9 14 78
15 14 78
9 13 79
15 13 79
9 14 80
15 14 80
9 13 81
15 13 81
9 14 82
15 14 82
9 13 83
15 13 83
9 14 84
15 14 84
9 13 85
15 13 85
9 14 86
15 14 86
9 13 87
15 13 87
9 14 88
15 14 88
9 13 89
15 13 89
9 14 90
15 14 90
9 13 91
15 13 91
9 14 92
15 14 92
9 13 93
15 13 93
9 14 94
15 14 94
9 13 95
15 13 95
9 14 96
15 14 96
9 13 97
15 13 97
9 14 98
15 14 98
9 13 99
15 13 99
9 14 100
15 14 100
9 13 101
15 13 101
9 14 102
15 14 102
9 13 103
15 13 103
9 14 104
15 14 104
9 13 105
15 13 105
9 14 106
15 14 106
9 13 107
15 13 107
9 14 108
15 14 108
9 13 109
15 13 109
9 14 110
15 14 110
9 13 111
15 13 111
9 14 112
15 14 112
9 13 113
15 13 113
9 14 114
15 14 114
9 13 115
15 13 115
9 14 116
15 14 116
9 13 117
15 13 117
9 14 118
15 14 118
9 13 119
15 13 119
9 14 120
15 14 120
9 13 121
15 13 121
9 14 122
15 14 122
9 13 123
15 13 123
9 14 124
15 14 124
9 13 125
15 13 125
9 14 126
15 14 126
9 13 127
15 13 127
9 14 128
15 14 128
9 13 129
15 13 129
9 14 130
15 14 130
9 13 131
15 13 131
9 14 132
15 14 132
9 13 133
15 13 133
9 14 134
15 14 134
9 13 135
15 13 135
9 14 136
15 14 136
9 13 137
15 13 137
9 14 138
15 14 138
9 13 139
15 13 139
9 14 140
15 14 140
9 13 141
15 13 141
9 14 142
15 14 142
9 13 143
15 13 143
9 14 144
15 14 144
9 13 145
15 13 145
9 14 146
15 14 146
9 13 147
15 13 147
9 14 148
15 14 148
9 13 149
15 13 149
9 14 150
15 14 150
9 13 151
15 13 151
9 14 152
15 14 152
9 13 153
15 13 153
9 14 154
15 14 154
9 13 155
15 13 155
9 14 156
15 14 156
9 13 157
15 13 157
9 14 158
15 14 158
9 13 159
15 13 159
9 14 160
15 14 160
9 13 161
15 13 161
9 14 162
15 14 162
9 13 163
15 13 163
9 14 164
15 14 164
9 13 165
15 13 165
9 14 166
15 14 166
9 13 167
15 13 167
9 14 168
15 14 168
9 13 169
15 13 169
9 14 170
15 14 170
9 13 171
15 13 171
9 14 172
15 14 172
9 13 173
15 13 173
9 14 174
15 14 174
9 13 175
15 13 175
9 14 176
15 14 176
9 13 177
15 13 177
9 14 178
15 14 178
9 13 179
15 13 179
9 14 180
15 14 180
9 13 181
15 13 181
9 14 182
15 14 182
9 13 183
15 13 183
9 14 184
15 14 184
9 13 185
15 13 185
9 14 186
15 14 186
9 13 187
15 13 187
9 14 188
15 14 188
9 13 189
15 13 189
9 14 190
15 14 190
9 13 191
15 13 191
9 14 192
15 14 192
9 13 193
15 13 193
9 14 194
15 14 194
9 13 195
15 13 195
9 14 196
15 14 196
9 13 197
15 13 197
9 14 198
15 14 198
9 13 199
15 13 199
9 14 200
15 14 200
9 13 201
15 13 201
9 14 202
15 14 202
9 13 203
15 13 203
9 14 204
15 14 204
9 13 205
15 13 205
9 14 206
15 14 206
9 13 207
15 13 207
9 14 208
15 14 208
9 13 209
15 13 209
9 14 210
15 14 210
9 13 211
15 13 211
9 14 212
15 14 212
9 13 213
15 13 213
9 14 214
15 14 214
9 13 215
15 13 215
9 14 216
15 14 216
9 13 217
15 13 217
9 14 218
15 14 218
9 13 219
15 13 219
9 14 220
15 14 220
9 13 221
15 13 221
9 14 222
15 14 222
9 13 223
15 13 223
9 14 224
15 14 224
9 13 225
15 13 225
9 14 226
15 14 226
9 13 227
15 13 227
9 14 228
15 14 228
9 13 229
15 13 229
9 14 230
15 14 230
9 13 231
15 13 231
9 14 232
15 14 232
9 13 233
15 13 233
9 14 234
15 14 234
9 13 235
15 13 235
9 14 236
15 14 236
9 13 237
15 13 237
9 14 238
15 14 238
9 13 239
15 13 239
9 14 240
15 14 240
9 13 241
15 13 241
9 14 242
15 14 242
9 13 243
15 13 243
9 14 244
15 14 244
9 13 245
15 13 245
9 14 246
15 14 246
9 13 247
15 13 247
9 14 248
15 14 248
9 13 249
15 13 249
9 14 250
15 14 250
9 13 251
15 13 251
9 14 252
15 14 252
9 13 253
15 13 253
9 14 254
15 14 254
9 13 255
15 13 255
9 14 256
15 14 256
9 13 257
15 13 257
9 14 258
15 14 258
9 13 259
15 13 259
9 14 260
15 14 260
9 13 261
15 13 261
9 14 262
15 14 262
9 13 263
15 13 263
9 14 264
15 14 264
9 13 265
15 13 265
9 14 266
15 14 266
9 13 267
15 13 267
9 14 268
15 14 268
9 13 269
15 13 269
9 14 270
15 14 270
9 13 271
15 13 271
9 14 272
15 14 272
9 13 273
15 13 273
9 14 274
15 14 274
9 13 275
15 13 275
9 14 276
15 14 276
9 13 277
15 13 277
9 14 278
15 14 278
9 13 279
15 13 279
9 14 280
15 14 280
9 13 281
15 13 281
9 14 282
15 14 282
9 13 283
15 13 283
9 14 284
15 14 284
9 13 285
15 13 285
9 14 286
15 14 286
9 13 287
15 13 287
9 14 288
15 14 288
9 13 289
15 13 289
9 14 290
15 14 290
9 13 291
15 13 291
9 14 292
15 14 292
9 13 293
15 13 293
9 14 294
15 14 294
9 13 295
15 13 295
9 14 296
15 14 296
9 13 297
15 13 297
9 14 298
15 14 298
9 13 299
15 13 299
9 14 300
15 14 300
9 13 301
15 13 301
9 14 302
15 14 302
9 13 303
15 13 303
9 14 304
15 14 304
9 13 305
15 13 305
9 14 306
15 14 306
9 13 307
15 13 307
9 14 308
15 14 308
9 13 309
15 13 309
9 14 310
15 14 310
9 13 311
15 13 311
9 14 312
15 14 312
9 13 313
15 13 313
9 14 314
15 14 314
9 13 315
15 13 315
9 14 316
15 14 316
9 13 317
15 13 317
9 14 318
15 14 318
9 13 319
15 13 319
9 14 320
15 14 320
9 13 321
15 13 321
9 14 322
15 14 322
9 13 323
15 13 323
9 14 324
15 14 324
9 13 325
15 13 325
9 14 326
15 14 326
9 13 327
15 13 327
9 14 328
15 14 328
9 13 329
15 13 329
9 14 330
15 14 330
9 13 331
15 13 331
9 14 332
15 14 332
9 13 333
15 13 333
9 14 334
15 14 334
9 13 335
15 13 335
9 14 336
15 14 336
9 13 337
15 13 337
9 14 338
15 14 338
9 13 339
15 13 339
9 14 340
15 14 340
9 13 341
15 13 341
9 14 342
15 14 342
9 13 343
15 13 343
9 14 344
15 14 344
9 13 345
15 13 345
9 14 346
15 14 346
9 13 347
15 13 347
9 14 348
15 14 348
9 13 349
15 13 349
9 14 350
15 14 350
9 13 351
15 13 351
9 14 352
15 14 352
9 13 353
15 13 353
9 14 354
15 14 354
9 13 355
15 13 355
9 14 356
15 14 356
9 13 357
15 13 357
9 14 358
15 14 358
9 13 359
15 13 359
9 14 360
15 14 360
9 13 361
15 13 361
9 14 362
15 14 362
9 13 363
15 13 363
9 14 364
15 14 364
9 13 365
15 13 365
9 14 366
15 14 366
9 13 367
15 13 367
9 14 368
15 14 368
9 13 369
15 13 369
9 14 370
15 14 370
9 13 371
15 13 371
9 14 372
15 14 372
9 13 373
15 13 373
9 14 374
15 14 374
9 13 375
15 13 375
9 14 376
15 14 376
9 13 377
15 13 377
9 14 378
15 14 378
9 13 379
15 13 379
9 14 380
15 14 380
9 13 381
15 13 381
9 14 382
15 14 382
9 13 383
15 13 383
9 14 384
15 14 384
9 13 385
15 13 385
9 14 386
15 14 386
9 13 387
15 13 387
9 14 388
15 14 388
9 13 389
15 13 389
9 14 390
15 14 390
9 13 391
15 13 391
9 14 392
15 14 392
9 13 393
15 13 393
9 14 394
15 14 394
9 13 395
15 13 395
9 14 396
15 14 396
9 13 397
15 13 397
9 14 398
15 14 398
9 13 399
15 13 399
9 14 400
15 14 400
9 13 401
15 13 401
9 14 402
15 14 402
9 13 403
15 13 403
9 14 404
15 14 404
9 13 405
15 13 405
9 14 406
15 14 406
9 13 407
15 13 407
9 14 408
15 14 408
9 13 409
15 13 409
9 14 410
15 14 410
9 13 411
15 13 411
9 14 412
15 14 412
9 13 413
15 13 413
9 14 414
15 14 414
9 13 415
15 13 415
9 14 416
15 14 416
9 13 417
15 13 417
9 14 418
15 14 418
9 13 419
15 13 419
9 14 420
15 14 420
9 13 421
15 13 421
9 14 422
15 14 422
9 13 423
15 13 423
9 14 424
15 14 424
9 13 425
15 13 425
9 14 426
15 14 426
9 13 427
15 13 427
9 14 428
15 14 428
9 13 429
15 13 429
9 14 430
15 14 430
9 13 431
15 13 431
9 14 432
15 14 432
9 13 433
15 13 433
9 14 434
15 14 434
9 13 435
15 13 435
9 14 436
15 14 436
9 13 437
15 13 437
9 14 438
15 14 438
9 13 439
15 13 439
9 14 440
15 14 440
9 13 441
15 13 441
9 14 442
15 14 442
9 13 443
15 13 443
9 14 444
15 14 444
9 13 445
15 13 445
9 14 446
15 14 446
9 13 447
15 13 447
9 14 448
15 14 448
9 13 449
15 13 449
9 14 450
15 14 450
9 13 451
15 13 451
9 14 452
15 14 452
9 13 453
15 13 453
9 14 454
15 14 454
9 13 455
15 13 455
9 14 456
15 14 456
9 13 457
15 13 457
9 14 458
15 14 458
9 13 459
15 13 459
9 14 460
15 14 460
9 13 461
15 13 461
9 14 462
15 14 462
9 13 463
15 13 463
9 14 464
15 14 464
9 13 465
15 13 465
9 14 466
15 14 466
9 13 467
15 13 467
9 14 468
15 14 468
9 13 469
15 13 469
9 14 470
15 14 470
9 13 471
15 13 471
9 14 472
15 14 472
9 13 473
15 13 473
9 14 474
15 14 474
9 13 475
15 13 475
9 14 476
15 14 476
9 13 477
15 13 477
9 14 478
15 14 478
9 13 479
15 13 479
9 14 480
15 14 480
9 13 481
15 13 481
9 14 482
15 14 482
9 13 483
15 13 483
9 14 484
15 14 484
9 13 485
15 13 485
9 14 486
15 14 486
9 13 487
15 13 487
9 14 488
15 14 488
9 13 489
15 13 489
9 14 490
15 14 490
9 13 491
15 13 491
9 14 492
15 14 492
9 13 493
15 13 493
9 14 494
15 14 494
9 13 495
15 13 495
9 14 496
15 14 496
9 13 497
15 13 497
9 14 498
15 14 498
9 13 499
15 13 499
9 14 500
15 14 500
9 13 501
15 13 501
9 14 502
15 14 502
9 13 503
15 13 503
9 14 504
15 14 504
9 13 505
15 13 505
9 14 506
15 14 506
9 13 507
15 13 507
9 14 508
15 14 508
9 13 509
15 13 509
9 14 510
15 14 510
9 13 511
15 13 511
9 14 512
15 14 512
9 13 513
15 13 513
9 14 514
15 14 514
9 13 515
15 13 515
9 14 516
15 14 516
9 13 517
15 13 517
9 14 518
15 14 518
9 13 519
15 13 519
9 14 520
15 14 520
9 13 521
15 13 521
9 14 522
15 14 522
9 13 523
15 13 523
9 14 524
15 14 524
9 13 525
15 13 525
9 14 526
15 14 526
9 13 527
15 13 527
9 14 528
15 14 528
9 13 529
15 13 529
9 14 530
15 14 530
9 13 531
15 13 531
9 14 532
15 14 532
9 13 533
15 13 533
9 14 534
15 14 534
9 13 535
15 13 535
9 14 536
15 14 536
9 13 537
15 13 537
9 14 538
15 14 538
9 13 539
15 13 539
9 14 540
15 14 540
9 13 541
15 13 541
9 14 542
15 14 542
9 13 543
15 13 543
9 14 544
15 14 544
9 13 545
15 13 545
9 14 546
15 14 546
9 13 547
15 13 547
9 14 548
15 14 548
9 13 549
15 13 549
9 14 550
15 14 550
9 13 551
15 13 551
9 14 552
15 14 552
9 13 553
15 13 553
9 14 554
15 14 554
9 13 555
15 13 555
9 14 556
15 14 556
9 13 557
15 13 557
9 14 558
15 14 558
9 13 559
15 13 559
9 14 560
15 14 560
9 13 561
15 13 561
9 14 562
15 14 562
9 13 563
15 13 563
9 14 564
15 14 564
9 13 565
15 13 565
9 14 566
15 14 566
9 13 567
15 13 567
9 14 568
15 14 568
9 13 569
15 13 569
9 14 570
15 14 570
9 13 571
15 13 571
9 14 572
15 14 572
9 13 573
15 13 573
9 14 574
15 14 574
9 13 575
15 13 575
9 14 576
15 14 576
9 13 577
15 13 577
9 14 578
15 14 578
9 13 579
15 13 579
9 14 580
15 14 580
9 13 581
15 13 581
9 14 582
15 14 582
9 13 583
15 13 583
9 14 584
15 14 584
9 13 585
15 13 585
9 14 586
15 14 586
9 13 587
15 13 587
9 14 588
15 14 588
9 13 589
15 13 589
9 14 590
15 14 590
9 13 591
15 13 591
9 14 592
15 14 592
9 13 593
15 13 593
9 14 594
15 14 594
9 13 595
15 13 595
9 14 596
15 14 596
9 13 597
15 13 597
9 14 598
15 14 598
9 13 599
15 13 599
9 14 600
15 14 600
9 13 601
15 13 601
9 14 602
15 14 602
9 13 603
15 13 603
9 14 604
15 14 604
9 13 605
15 13 605
9 14 606
15 14 606
9 13 607
15 13 607
9 14 608
15 14 608
9 13 609
15 13 609
9 14 610
15 14 610
9 13 611
15 13 611
9 14 612
15 14 612
9 13 613
15 13 613
9 14 614
15 14 614
9 13 615
15 13 615
9 14 616
15 14 616
9 13 617
15 13 617
9 14 618
15 14 618
9 13 619
15 13 619
9 14 620
15 14 620
9 13 621
15 13 621
9 14 622
15 14 622
9 13 623
15 13 623
9 14 624
15 14 624
9 13 625
15 13 625
9 14 626
15 14 626
9 13 627
15 13 627
9 14 628
15 14 628
9 13 629
15 13 629
9 14 630
15 14 630
9 13 631
15 13 631
9 14 632
15 14 632
9 13 633
15 13 633
9 14 634
15 14 634
9 13 635
15 13 635
9 14 636
15 14 636
9 13 637
15 13 637
9 14 638
15 14 638
9 13 639
15 13 639
9 14 640
15 14 640
9 13 641
15 13 641
9 14 642
15 14 642
9 13 643
15 13 643
9 14 644
15 14 644
9 13 645
15 13 645
9 14 646
15 14 646
9 13 647
15 13 647
9 14 648
15 14 648
9 13 649
15 13 649
9 14 650
15 14 650
9 13 651
15 13 651
9 14 652
15 14 652
9 13 653
15 13 653
9 14 654
15 14 654
9 13 655
15 13 655
9 14 656
15 14 656
9 13 657
15 13 657
9 14 658
15 14 658
9 13 659
15 13 659
9 14 660
15 14 660
9 13 661
15 13 661
9 14 662
15 14 662
9 13 663
15 13 663
9 14 664
15 14 664
9 13 665
15 13 665
9 14 666
15 14 666
9 13 667
15 13 667
9 14 668
15 14 668
9 13 669
15 13 669
9 14 670
15 14 670
9 13 671
15 13 671
9 14 672
15 14 672
9 13 673
15 13 673
9 14 674
15 14 674
9 13 675
15 13 675
9 14 676
15 14 676
9 13 677
15 13 677
9 14 678
15 14 678
9 13 679
15 13 679
9 14 680
15 14 680
9 13 681
15 13 681
9 14 682
15 14 682
9 13 683
15 13 683
9 14 684
15 14 684
9 13 685
15 13 685
9 14 686
15 14 686
9 13 687
15 13 687
9 14 688
15 14 688
9 13 689
15 13 689
9 14 690
15 14 690
9 13 691
15 13 691
9 14 692
15 14 692
9 13 693
15 13 693
9 14 694
15 14 694
9 13 695
15 13 695
9 14 696
15 14 696
9 13 697
15 13 697
9 14 698
15 14 698
9 13 699
15 13 699
9 14 700
15 14 700
9 13 701
15 13 701
9 14 702
15 14 702
9 13 703
15 13 703
9 14 704
15 14 704
9 13 705
15 13 705
9 14 706
15 14 706
9 13 707
15 13 707
9 14 708
15 14 708
9 13 709
15 13 709
9 14 710
15 14 710
9 13 711
15 13 711
9 14 712
15 14 712
9 13 713
15 13 713
9 14 714
15 14 714
9 13 715
15 13 715
9 14 716
15 14 716
9 13 717
15 13 717
9 14 718
15 14 718
9 13 719
15 13 719
9 14 720
15 14 720
9 13 721
15 13 721
9 14 722
15 14 722
9 13 723
15 13 723
9 14 724
15 14 724
9 13 725
15 13 725
9 14 726
15 14 726
9 13 727
15 13 727
9 14 728
15 14 728
9 13 729
15 13 729
9 14 730
15 14 730
9 13 731
15 13 731
9 14 732
15 14 732
9 13 733
15 13 733
9 14 734
15 14 734
9 13 735
15 13 735
9 14 736
15 14 736
9 13 737
15 13 737
9 14 738
15 14 738
9 13 739
15 13 739
9 14 740
15 14 740
9 13 741
15 13 741
9 14 742
15 14 742
9 13 743
15 13 743
9 14 744
15 14 744
9 13 745
15 13 745
9 14 746
15 14 746
9 13 747
15 13 747
9 14 748
15 14 748
9 13 749
15 13 749
9 14 750
15 14 750
9 13 751
15 13 751
9 14 752
15 14 752
9 13 753
15 13 753
9 14 754
15 14 754
9 13 755
15 13 755
9 14 756
15 14 756
9 13 757
15 13 757
9 14 758
15 14 758
9 13 759
15 13 759
9 14 760
15 14 760
9 13 761
15 13 761
9 14 762
15 14 762
9 13 763
15 13 763
9 14 764
15 14 764
9 13 765
15 13 765
9 14 766
15 14 766
9 13 767
15 13 767
9 14 768
15 14 768
9 13 769
15 13 769
9 14 770
15 14 770
9 13 771
15 13 771
9 14 772
15 14 772
9 13 773
15 13 773
9 14 774
15 14 774
9 13 775
15 13 775
9 14 776
15 14 776
9 13 777
15 13 777
9 14 778
15 14 778
9 13 779
15 13 779
9 14 780
15 14 780
9 13 781
15 13 781
9 14 782
15 14 782
9 13 783
15 13 783
9 14 784
15 14 784
9 13 785
15 13 785
9 14 786
15 14 786
9 13 787
15 13 787
9 14 788
15 14 788
9 13 789
15 13 789
9 14 790
15 14 790
9 13 791
15 13 791
9 14 792
15 14 792
9 13 793
15 13 793
9 14 794
15 14 794
9 13 795
15 13 795
9 14 796
15 14 796
9 13 797
15 13 797
9 14 798
15 14 798
9 13 799
15 13 799
9 14 800
15 14 800
9 13 801
15 13 801
9 14 802
15 14 802
9 13 803
15 13 803
9 14 804
15 14 804
9 13 805
15 13 805
9 14 806
15 14 806
9 13 807
15 13 807
9 14 808
15 14 808
9 13 809
15 13 809
9 14 810
15 14 810
9 13 811
15 13 811
9 14 812
15 14 812
9 13 813
15 13 813
9 14 814
15 14 814
9 13 815
15 13 815
9 14 816
15 14 816
9 13 817
15 13 817
9 14 818
15 14 818
9 13 819
15 13 819
9 14 820
15 14 820
9 13 821
15 13 821
9 14 822
15 14 822
9 13 823
15 13 823
9 14 824
15 14 824
9 13 825
15 13 825
9 14 826
15 14 826
9 13 827
15 13 827
9 14 828
15 14 828
9 13 829
15 13 829
9 14 830
15 14 830
9 13 831
15 13 831
9 14 832
15 14 832
9 13 833
15 13 833
9 14 834
15 14 834
9 13 835
15 13 835
9 14 836
15 14 836
9 13 837
15 13 837
9 14 838
15 14 838
9 13 839
15 13 839
9 14 840
15 14 840
9 13 841
15 13 841
9 14 842
15 14 842
9 13 843
15 13 843
9 14 844
15 14 844
9 13 845
15 13 845
9 14 846
15 14 846
9 13 847
15 13 847
9 14 848
15 14 848
9 13 849
15 13 849
9 14 850
15 14 850
9 13 851
15 13 851
9 14 852
15 14 852
9 13 853
15 13 853
9 14 854
15 14 854
9 13 855
15 13 855
9 14 856
15 14 856
9 13 857
15 13 857
9 14 858
15 14 858
9 13 859
15 13 859
9 14 860
15 14 860
9 13 861
15 13 861
9 14 862
15 14 862
9 13 863
15 13 863
9 14 864
15 14 864
9 13 865
15 13 865
9 14 866
15 14 866
9 13 867
15 13 867
9 14 868
15 14 868
9 13 869
15 13 869
9 14 870
15 14 870
9 13 871
15 13 871
9 14 872
15 14 872
9 13 873
15 13 873
9 14 874
15 14 874
9 13 875
15 13 875
9 14 876
15 14 876
9 13 877
15 13 877
9 14 878
15 14 878
9 13 879
15 13 879
9 14 880
15 14 880
9 13 881
15 13 881
9 14 882
15 14 882
9 13 883
15 13 883
9 14 884
15 14 884
9 13 885
15 13 885
9 14 886
15 14 886
9 13 887
15 13 887
9 14 888
15 14 888
9 13 889
15 13 889
9 14 890
15 14 890
9 13 891
15 13 891
9 14 892
15 14 892
9 13 893
15 13 893
9 14 894
15 14 894
9 13 895
15 13 895
9 14 896
15 14 896
9 13 897
15 13 897
9 14 898
15 14 898
9 13 899
15 13 899
9 14 900
15 14 900
9 13 901
15 13 901
9 14 902
15 14 902
9 13 903
15 13 903
9 14 904
15 14 904
9 13 905
15 13 905
9 14 906
15 14 906
9 13 907
15 13 907
9 14 908
15 14 908
9 13 909
15 13 909
9 14 910
15 14 910
9 13 911
15 13 911
9 14 912
15 14 912
9 13 913
15 13 913
9 14 914
15 14 914
9 13 915
15 13 915
9 14 916
15 14 916
9 13 917
15 13 917
9 14 918
15 14 918
9 13 919
15 13 919
9 14 920
15 14 920
9 13 921
15 13 921
9 14 922
15 14 922
9 13 923
15 13 923
9 14 924
15 14 924
9 13 925
15 13 925
9 14 926
15 14 926
9 13 927
15 13 927
9 14 928
15 14 928
9 13 929
15 13 929
9 14 930
15 14 930
9 13 931
15 13 931
9 14 932
15 14 932
9 13 933
15 13 933
9 14 934
15 14 934
9 13 935
15 13 935
9 14 936
15 14 936
9 13 937
15 13 937
9 14 938
15 14 938
9 13 939
15 13 939
9 14 940
15 14 940
9 13 941
15 13 941
9 14 942
15 14 942
9 13 943
15 13 943
9 14 944
15 14 944
9 13 945
15 13 945
9 14 946
15 14 946
9 13 947
15 13 947
9 14 948
15 14 948
9 13 949
15 13 949
9 14 950
15 14 950
9 13 951
15 13 951
9 14 952
15 14 952
9 13 953
15 13 953
9 14 954
15 14 954
9 13 955
15 13 955
9 14 956
15 14 956
9 13 957
15 13 957
9 14 958
15 14 958
9 13 959
15 13 959
9 14 960
15 14 960
9 13 961
15 13 961
9 14 962
15 14 962
9 13 963
15 13 963
9 14 964
15 14 964
9 13 965
15 13 965
9 14 966
15 14 966
9 13 967
15 13 967
9 14 968
15 14 968
9 13 969
15 13 969
9 14 970
15 14 970
9 13 971
15 13 971
9 14 972
15 14 972
9 13 973
15 13 973
9 14 974
15 14 974
9 13 975
15 13 975
9 14 976
15 14 976
9 13 977
15 13 977
9 14 978
15 14 978
9 13 979
15 13 979
9 14 980
15 14 980
9 13 981
15 13 981
9 14 982
15 14 982
9 13 983
15 13 983
9 14 984
15 14 984
9 13 985
15 13 985
9 14 986
15 14 986
9 13 987
15 13 987
9 14 988
15 14 988
9 13 989
15 13 989
9 14 990
15 14 990
9 13 991
15 13 991
9 14 992
15 14 992
9 13 993
15 13 993
9 14 994
15 14 994
9 13 995
15 13 995
9 14 996
15 14 996
9 13 997
15 13 997
9 14 998
15 14 998
9 13 999
15 13 999
9 14 1000
15 14 1000
9 13 1001
15 13 1001
9 14 1002
15 14 1002
9 13 1003
15 13 1003
9 14 1004
15 14 1004
9 13 1005
15 13 1005
9 14 1006
15 14 1006
9 13 1007
15 13 1007
9 14 1008
15 14 1008
9 13 1009
15 13 1009
9 14 1010
15 14 1010
9 13 1011
15 13 1011
9 14 1012
15 14 1012
9 13 1013
15 13 1013
9 14 1014
15 14 1014
9 13 1015
15 13 1015
9 14 1016
15 14 1016
9 13 1017
15 13 1017
9 14 1018
15 14 1018
9 13 1019
15 13 1019
9 14 1020
15 14 1020
9 13 1021
15 13 1021
9 14 1022
15 14 1022
9 13 1023
15 13 1023
9 14 1024
15 14 1024
9 13 1025
15 13 1025
9 14 1026
15 14 1026
9 13 1027
15 13 1027
9 14 1028
15 14 1028
9 13 1029
15 13 1029
9 14 1030
15 14 1030
9 13 1031
15 13 1031
9 14 1032
15 14 1032
9 13 1033
15 13 1033
9 14 1034
15 14 1034
9 13 1035
15 13 1035
9 14 1036
15 14 1036
9 13 1037
15 13 1037
9 14 1038
15 14 1038
9 13 1039
15 13 1039
9 14 1040
15 14 1040
9 13 1041
15 13 1041
9 14 1042
15 14 1042
9 13 1043
15 13 1043
9 14 1044
15 14 1044
9 13 1045
15 13 1045
9 14 1046
15 14 1046
9 13 1047
15 13 1047
9 14 1048
15 14 1048
9 13 1049
15 13 1049
9 14 1050
15 14 1050
9 13 1051
15 13 1051
9 14 1052
15 14 1052
9 13 1053
15 13 1053
9 14 1054
15 14 1054
9 13 1055
15 13 1055
9 14 1056
15 14 1056
9 13 1057
15 13 1057
9 14 1058
15 14 1058
9 13 1059
15 13 1059
9 14 1060
15 14 1060
9 13 1061
15 13 1061
9 14 1062
15 14 1062
9 13 1063
15 13 1063
9 14 1064
15 14 1064
9 13 1065
15 13 1065
9 14 1066
15 14 1066
9 13 1067
15 13 1067
9 14 1068
15 14 1068
9 13 1069
15 13 1069
9 14 1070
15 14 1070
9 13 1071
15 13 1071
9 14 1072
15 14 1072
9 13 1073
15 13 1073
9 14 1074
15 14 1074
9 13 1075
15 13 1075
9 14 1076
15 14 1076
9 13 1077
15 13 1077
9 14 1078
15 14 1078
9 13 1079
15 13 1079
9 14 1080
15 14 1080
9 13 1081
15 13 1081
9 14 1082
15 14 1082
9 13 1083
15 13 1083
9 14 1084
15 14 1084
9 13 1085
15 13 1085
9 14 1086
15 14 1086
9 13 1087
15 13 1087
9 14 1088
15 14 1088
9 13 1089
15 13 1089
9 14 1090
15 14 1090
9 13 1091
15 13 1091
9 14 1092
15 14 1092
9 13 1093
15 13 1093
9 14 1094
15 14 1094
9 13 1095
15 13 1095
9 14 1096
15 14 1096
9 13 1097
15 13 1097
9 14 1098
15 14 1098
9 13 1099
15 13 1099
9 14 1100
15 14 1100
9 13 1101
15 13 1101
9 14 1102
15 14 1102
9 13 1103
15 13 1103
9 14 1104
15 14 1104
9 13 1105
15 13 1105
9 14 1106
15 14 1106
9 13 1107
15 13 1107
9 14 1108
15 14 1108
9 13 1109
15 13 1109
9 14 1110
15 14 1110
9 13 1111
15 13 1111
9 14 1112
15 14 1112
9 13 1113
15 13 1113
9 14 1114
15 14 1114
9 13 1115
15 13 1115
9 14 1116
15 14 1116
9 13 1117
15 13 1117
9 14 1118
15 14 1118
9 13 1119
15 13 1119
9 14 1120
15 14 1120
9 13 1121
15 13 1121
9 14 1122
15 14 1122
9 13 1123
15 13 1123
9 14 1124
15 14 1124
9 13 1125
15 13 1125
9 14 1126
15 14 1126
9 13 1127
15 13 1127
9 14 1128
15 14 1128
9 13 1129
15 13 1129
9 14 1130
15 14 1130
9 13 1131
15 13 1131
9 14 1132
15 14 1132
9 13 1133
15 13 1133
9 14 1134
15 14 1134
9 13 1135
15 13 1135
9 14 1136
15 14 1136
9 13 1137
15 13 1137
9 14 1138
15 14 1138
9 13 1139
15 13 1139
9 14 1140
15 14 1140
9 13 1141
15 13 1141
9 14 1142
15 14 1142
9 13 1143
15 13 1143
9 14 1144
15 14 1144
9 13 1145
15 13 1145
9 14 1146
15 14 1146
9 13 1147
15 13 1147
9 14 1148
15 14 1148
9 13 1149
15 13 1149
9 14 1150
15 14 1150
9 13 1151
15 13 1151
9 14 1152
15 14 1152
9 13 1153
15 13 1153
9 14 1154
15 14 1154
9 13 1155
15 13 1155
9 14 1156
15 14 1156
9 13 1157
15 13 1157
9 14 1158
15 14 1158
9 13 1159
15 13 1159
9 14 1160
15 14 1160
9 13 1161
15 13 1161
9 14 1162
15 14 1162
9 13 1163
15 13 1163
9 14 1164
15 14 1164
9 13 1165
15 13 1165
9 14 1166
15 14 1166
9 13 1167
15 13 1167
9 14 1168
15 14 1168
9 13 1169
15 13 1169
9 14 1170
15 14 1170
9 13 1171
15 13 1171
9 14 1172
15 14 1172
9 13 1173
15 13 1173
9 14 1174
15 14 1174
9 13 1175
15 13 1175
9 14 1176
15 14 1176
9 13 1177
15 13 1177
9 14 1178
15 14 1178
9 13 1179
15 13 1179
9 14 1180
15 14 1180
9 13 1181
15 13 1181
9 14 1182
15 14 1182
9 13 1183
15 13 1183
9 14 1184
15 14 1184
9 13 1185
15 13 1185
9 14 1186
15 14 1186
9 13 1187
15 13 1187
9 14 1188
15 14 1188
9 13 1189
15 13 1189
9 14 1190
15 14 1190
9 13 1191
15 13 1191
9 14 1192
15 14 1192
9 13 1193
15 13 1193
9 14 1194
15 14 1194
9 13 1195
15 13 1195
9 14 1196
15 14 1196
9 13 1197
15 13 1197
9 14 1198
15 14 1198
9 13 1199
15 13 1199
9 14 1200
15 14 1200
9 13 1201
15 13 1201
9 14 1202
15 14 1202
9 13 1203
15 13 1203
9 14 1204
15 14 1204
9 13 1205
15 13 1205
9 14 1206
15 14 1206
9 13 1207
15 13 1207
9 14 1208
15 14 1208
9 13 1209
15 13 1209
9 14 1210
15 14 1210
9 13 1211
15 13 1211
9 14 1212
15 14 1212
9 13 1213
15 13 1213
9 14 1214
15 14 1214
9 13 1215
15 13 1215
9 14 1216
15 14 1216
9 13 1217
15 13 1217
9 14 1218
15 14 1218
9 13 1219
15 13 1219
9 14 1220
15 14 1220
9 13 1221
15 13 1221
9 14 1222
15 14 1222
9 13 1223
15 13 1223
9 14 1224
15 14 1224
9 13 1225
15 13 1225
9 14 1226
15 14 1226
9 13 1227
15 13 1227
9 14 1228
15 14 1228
9 13 1229
15 13 1229
9 14 1230
15 14 1230
9 13 1231
15 13 1231
9 14 1232
15 14 1232
9 13 1233
15 13 1233
9 14 1234
15 14 1234
9 13 1235
15 13 1235
9 14 1236
15 14 1236
9 13 1237
15 13 1237
9 14 1238
15 14 1238
9 13 1239
15 13 1239
9 14 1240
15 14 1240
9 13 1241
15 13 1241
9 14 1242
15 14 1242
9 13 1243
15 13 1243
9 14 1244
15 14 1244
9 13 1245
15 13 1245
9 14 1246
15 14 1246
9 13 1247
15 13 1247
9 14 1248
15 14 1248
9 13 1249
15 13 1249
9 14 1250
15 14 1250
9 13 1251
15 13 1251
9 14 1252
15 14 1252
9 13 1253
15 13 1253
9 14 1254
15 14 1254
9 13 1255
15 13 1255
9 14 1256
15 14 1256
9 13 1257
15 13 1257
9 14 1258
15 14 1258
9 13 1259
15 13 1259
9 14 1260
15 14 1260
9 13 1261
15 13 1261
9 14 1262
15 14 1262
9 13 1263
15 13 1263
9 14 1264
15 14 1264
9 13 1265
15 13 1265
9 14 1266
15 14 1266
9 13 1267
15 13 1267
9 14 1268
15 14 1268
9 13 1269
15 13 1269
9 14 1270
15 14 1270
9 13 1271
15 13 1271
9 14 1272
15 14 1272
9 13 1273
15 13 1273
9 14 1274
15 14 1274
9 13 1275
15 13 1275
9 14 1276
15 14 1276
9 13 1277
15 13 1277
9 14 1278
15 14 1278
9 13 1279
15 13 1279
9 14 1280
15 14 1280
9 13 1281
15 13 1281
9 14 1282
15 14 1282
9 13 1283
15 13 1283
9 14 1284
15 14 1284
9 13 1285
15 13 1285
9 14 1286
15 14 1286
9 13 1287
15 13 1287
9 14 1288
15 14 1288
9 13 1289
15 13 1289
9 14 1290
15 14 1290
9 13 1291
15 13 1291
9 14 1292
15 14 1292
9 13 1293
15 13 1293
9 14 1294
15 14 1294
9 13 1295
15 13 1295
9 14 1296
15 14 1296
9 13 1297
15 13 1297
9 14 1298
15 14 1298
9 13 1299
15 13 1299
9 14 1300
15 14 1300
9 13 1301
15 13 1301
9 14 1302
15 14 1302
9 13 1303
15 13 1303
9 14 1304
15 14 1304
9 13 1305
15 13 1305
9 14 1306
15 14 1306
9 13 1307
15 13 1307
9 14 1308
15 14 1308
9 13 1309
15 13 1309
9 14 1310
15 14 1310
9 13 1311
15 13 1311
9 14 1312
15 14 1312
9 13 1313
15 13 1313
9 14 1314
15 14 1314
9 13 1315
15 13 1315
9 14 1316
15 14 1316
9 13 1317
15 13 1317
9 14 1318
15 14 1318
9 13 1319
15 13 1319
9 14 1320
15 14 1320
9 13 1321
15 13 1321
9 14 1322
15 14 1322
9 13 1323
15 13 1323
9 14 1324
15 14 1324
9 13 1325
15 13 1325
9 14 1326
15 14 1326
9 13 1327
15 13 1327
9 14 1328
15 14 1328
9 13 1329
15 13 1329
9 14 1330
15 14 1330
9 13 1331
15 13 1331
9 14 1332
15 14 1332
9 13 1333
15 13 1333
9 14 1334
15 14 1334
9 13 1335
15 13 1335
9 14 1336
15 14 1336
9 13 1337
15 13 1337
9 14 1338
15 14 1338
9 13 1339
15 13 1339
9 14 1340
15 14 1340
9 13 1341
15 13 1341
9 14 1342
15 14 1342
9 13 1343
15 13 1343
9 14 1344
15 14 1344
9 13 1345
15 13 1345
9 14 1346
15 14 1346
9 13 1347
15 13 1347
9 14 1348
15 14 1348
9 13 1349
15 13 1349
9 14 1350
15 14 1350
9 13 1351
15 13 1351
9 14 1352
15 14 1352
9 13 1353
15 13 1353
9 14 1354
15 14 1354
9 13 1355
15 13 1355
9 14 1356
15 14 1356
9 13 1357
15 13 1357
9 14 1358
15 14 1358
9 13 1359
15 13 1359
9 14 1360
15 14 1360
9 13 1361
15 13 1361
9 14 1362
15 14 1362
9 13 1363
15 13 1363
9 14 1364
15 14 1364
9 13 1365
15 13 1365
9 14 1366
15 14 1366
9 13 1367
15 13 1367
9 14 1368
15 14 1368
9 13 1369
15 13 1369
9 14 1370
15 14 1370
9 13 1371
15 13 1371
9 14 1372
15 14 1372
9 13 1373
15 13 1373
9 14 1374
15 14 1374
9 13 1375
15 13 1375
9 14 1376
15 14 1376
9 13 1377
15 13 1377
9 14 1378
15 14 1378
9 13 1379
15 13 1379
9 14 1380
15 14 1380
9 13 1381
15 13 1381
9 14 1382
15 14 1382
9 13 1383
15 13 1383
9 14 1384
15 14 1384
9 13 1385
15 13 1385
9 14 1386
15 14 1386
9 13 1387
15 13 1387
9 14 1388
15 14 1388
9 13 1389
15 13 1389
9 14 1390
15 14 1390
9 13 1391
15 13 1391
9 14 1392
15 14 1392
9 13 1393
15 13 1393
9 14 1394
15 14 1394
9 13 1395
15 13 1395
9 14 1396
15 14 1396
9 13 1397
15 13 1397
9 14 1398
15 14 1398
9 13 1399
15 13 1399
9 14 1400
15 14 1400
9 13 1401
15 13 1401
9 14 1402
15 14 1402
9 13 1403
15 13 1403
9 14 1404
15 14 1404
9 13 1405
15 13 1405
9 14 1406
15 14 1406
9 13 1407
15 13 1407
9 14 1408
15 14 1408
9 13 1409
15 13 1409
9 14 1410
15 14 1410
9 13 1411
15 13 1411
9 14 1412
15 14 1412
9 13 1413
15 13 1413
9 14 1414
15 14 1414
9 13 1415
15 13 1415
9 14 1416
15 14 1416
9 13 1417
15 13 1417
9 14 1418
15 14 1418
9 13 1419
15 13 1419
9 14 1420
15 14 1420
9 13 1421
15 13 1421
9 14 1422
15 14 1422
9 13 1423
15 13 1423
9 14 1424
15 14 1424
9 13 1425
15 13 1425
9 14 1426
15 14 1426
9 13 1427
15 13 1427
9 14 1428
15 14 1428
9 13 1429
15 13 1429
9 14 1430
15 14 1430
9 13 1431
15 13 1431
9 14 1432
15 14 1432
9 13 1433
15 13 1433
9 14 1434
15 14 1434
9 13 1435
15 13 1435
9 14 1436
15 14 1436
9 13 1437
15 13 1437
9 14 1438
15 14 1438
9 13 1439
15 13 1439
9 14 1440
15 14 1440
9 13 1441
15 13 1441
9 14 1442
15 14 1442
9 13 1443
15 13 1443
9 14 1444
15 14 1444
9 13 1445
15 13 1445
9 14 1446
15 14 1446
9 13 1447
15 13 1447
9 14 1448
15 14 1448
9 13 1449
15 13 1449
9 14 1450
15 14 1450
9 13 1451
15 13 1451
9 14 1452
15 14 1452
9 13 1453
15 13 1453
9 14 1454
15 14 1454
9 13 1455
15 13 1455
9 14 1456
15 14 1456
9 13 1457
15 13 1457
9 14 1458
15 14 1458
9 13 1459
15 13 1459
9 14 1460
15 14 1460
9 13 1461
15 13 1461
9 14 1462
15 14 1462
9 13 1463
15 13 1463
9 14 1464
15 14 1464
9 13 1465
15 13 1465
9 14 1466
15 14 1466
9 13 1467
15 13 1467
9 14 1468
15 14 1468
9 13 1469
15 13 1469
9 14 1470
15 14 1470
9 13 1471
15 13 1471
9 14 1472
15 14 1472
9 13 1473
15 13 1473
9 14 1474
15 14 1474
9 13 1475
15 13 1475
9 14 1476
15 14 1476
9 13 1477
15 13 1477
9 14 1478
15 14 1478
9 13 1479
15 13 1479
9 14 1480
15 14 1480
9 13 1481
15 13 1481
9 14 1482
15 14 1482
9 13 1483
15 13 1483
9 14 1484
15 14 1484
9 13 1485
15 13 1485
9 14 1486
15 14 1486
9 13 1487
15 13 1487
9 14 1488
15 14 1488
9 13 1489
15 13 1489
9 14 1490
15 14 1490
9 13 1491
15 13 1491
9 14 1492
15 14 1492
9 13 1493
15 13 1493
9 14 1494
15 14 1494
9 13 1495
15 13 1495
9 14 1496
15 14 1496
9 13 1497
15 13 1497
9 14 1498
15 14 1498
9 13 1499
15 13 1499
9 14 1500
15 14 1500
9 13 1501
15 13 1501
9 14 1502
15 14 1502
9 13 1503
15 13 1503
9 14 1504
15 14 1504
9 13 1505
15 13 1505
9 14 1506
15 14 1506
9 13 1507
15 13 1507
9 14 1508
15 14 1508
9 13 1509
15 13 1509
9 14 1510
15 14 1510
9 13 1511
15 13 1511
9 14 1512
15 14 1512
9 13 1513
15 13 1513
9 14 1514
15 14 1514
9 13 1515
15 13 1515
9 14 1516
15 14 1516
9 13 1517
15 13 1517
9 14 1518
15 14 1518
9 13 1519
15 13 1519
9 14 1520
15 14 1520
9 13 1521
15 13 1521
9 14 1522
15 14 1522
9 13 1523
15 13 1523
9 14 1524
15 14 1524
9 13 1525
15 13 1525
9 14 1526
15 14 1526
9 13 1527
15 13 1527
9 14 1528
15 14 1528
9 13 1529
15 13 1529
9 14 1530
15 14 1530
9 13 1531
15 13 1531
9 14 1532
15 14 1532
9 13 1533
15 13 1533
9 14 1534
15 14 1534
9 13 1535
15 13 1535
9 14 1536
15 14 1536
9 13 1537
15 13 1537
9 14 1538
15 14 1538
9 13 1539
15 13 1539
9 14 1540
15 14 1540
9 13 1541
15 13 1541
9 14 1542
15 14 1542
9 13 1543
15 13 1543
9 14 1544
15 14 1544
9 13 1545
15 13 1545
9 14 1546
15 14 1546
9 13 1547
15 13 1547
9 14 1548
15 14 1548
9 13 1549
15 13 1549
9 14 1550
15 14 1550
9 13 1551
15 13 1551
9 14 1552
15 14 1552
9 13 1553
15 13 1553
9 14 1554
15 14 1554
9 13 1555
15 13 1555
9 14 1556
15 14 1556
9 13 1557
15 13 1557
9 14 1558
15 14 1558
9 13 1559
15 13 1559
9 14 1560
15 14 1560
9 13 1561
15 13 1561
9 14 1562
15 14 1562
9 13 1563
15 13 1563
9 14 1564
15 14 1564
9 13 1565
15 13 1565
9 14 1566
15 14 1566
9 13 1567
15 13 1567
9 14 1568
15 14 1568
9 13 1569
15 13 1569
9 14 1570
15 14 1570
9 13 1571
15 13 1571
9 14 1572
15 14 1572
9 13 1573
15 13 1573
9 14 1574
15 14 1574
9 13 1575
15 13 1575
9 14 1576
15 14 1576
9 13 1577
15 13 1577
9 14 1578
15 14 1578
9 13 1579
15 13 1579
9 14 1580
15 14 1580
9 13 1581
15 13 1581
9 14 1582
15 14 1582
9 13 1583
15 13 1583
9 14 1584
15 14 1584
9 13 1585
15 13 1585
9 14 1586
15 14 1586
9 13 1587
15 13 1587
9 14 1588
15 14 1588
9 13 1589
15 13 1589
9 14 1590
15 14 1590
9 13 1591
15 13 1591
9 14 1592
15 14 1592
9 13 1593
15 13 1593
9 14 1594
15 14 1594
9 13 1595
15 13 1595
9 14 1596
15 14 1596
9 13 1597
15 13 1597
9 14 1598
15 14 1598
9 13 1599
15 13 1599
9 14 1600
15 14 1600
9 13 1601
15 13 1601
9 14 1602
15 14 1602
9 13 1603
15 13 1603
9 14 1604
15 14 1604
9 13 1605
15 13 1605
9 14 1606
15 14 1606
9 13 1607
15 13 1607
9 14 1608
15 14 1608
9 13 1609
15 13 1609
9 14 1610
15 14 1610
9 13 1611
15 13 1611
9 14 1612
15 14 1612
9 13 1613
15 13 1613
9 14 1614
15 14 1614
9 13 1615
15 13 1615
9 14 1616
15 14 1616
9 13 1617
15 13 1617
9 14 1618
15 14 1618
9 13 1619
15 13 1619
9 14 1620
15 14 1620
9 13 1621
15 13 1621
9 14 1622
15 14 1622
9 13 1623
15 13 1623
9 14 1624
15 14 1624
9 13 1625
15 13 1625
9 14 1626
15 14 1626
9 13 1627
15 13 1627
9 14 1628
15 14 1628
9 13 1629
15 13 1629
9 14 1630
15 14 1630
9 13 1631
15 13 1631
9 14 1632
15 14 1632
9 13 1633
15 13 1633
9 14 1634
15 14 1634
9 13 1635
15 13 1635
9 14 1636
15 14 1636
9 13 1637
15 13 1637
9 14 1638
15 14 1638
9 13 1639
15 13 1639
9 14 1640
15 14 1640
9 13 1641
15 13 1641
9 14 1642
15 14 1642
9 13 1643
15 13 1643
9 14 1644
15 14 1644
9 13 1645
15 13 1645
9 14 1646
15 14 1646
9 13 1647
15 13 1647
9 14 1648
15 14 1648
9 13 1649
15 13 1649
9 14 1650
15 14 1650
9 13 1651
15 13 1651
9 14 1652
15 14 1652
9 13 1653
15 13 1653
9 14 1654
15 14 1654
9 13 1655
15 13 1655
9 14 1656
15 14 1656
9 13 1657
15 13 1657
9 14 1658
15 14 1658
9 13 1659
15 13 1659
9 14 1660
15 14 1660
9 13 1661
15 13 1661
9 14 1662
15 14 1662
9 13 1663
15 13 1663
9 14 1664
15 14 1664
9 13 1665
15 13 1665
9 14 1666
15 14 1666
9 13 1667
15 13 1667
9 14 1668
15 14 1668
9 13 1669
15 13 1669
9 14 1670
15 14 1670
9 13 1671
15 13 1671
9 14 1672
15 14 1672
9 13 1673
15 13 1673
9 14 1674
15 14 1674
9 13 1675
15 13 1675
9 14 1676
15 14 1676
9 13 1677
15 13 1677
9 14 1678
15 14 1678
9 13 1679
15 13 1679
9 14 1680
15 14 1680
9 13 1681
15 13 1681
9 14 1682
15 14 1682
9 13 1683
15 13 1683
9 14 1684
15 14 1684
9 13 1685
15 13 1685
9 14 1686
15 14 1686
9 13 1687
15 13 1687
9 14 1688
15 14 1688
9 13 1689
15 13 1689
9 14 1690
15 14 1690
9 13 1691
15 13 1691
9 14 1692
15 14 1692
9 13 1693
15 13 1693
9 14 1694
15 14 1694
9 13 1695
15 13 1695
9 14 1696
15 14 1696
9 13 1697
15 13 1697
9 14 1698
15 14 1698
9 13 1699
15 13 1699
9 14 1700
15 14 1700
9 13 1701
15 13 1701
9 14 1702
15 14 1702
9 13 1703
15 13 1703
9 14 1704
15 14 1704
9 13 1705
15 13 1705
9 14 1706
15 14 1706
9 13 1707
15 13 1707
9 14 1708
15 14 1708
9 13 1709
15 13 1709
9 14 1710
15 14 1710
9 13 1711
15 13 1711
9 14 1712
15 14 1712
9 13 1713
15 13 1713
9 14 1714
15 14 1714
9 13 1715
15 13 1715
9 14 1716
15 14 1716
9 13 1717
15 13 1717
9 14 1718
15 14 1718
9 13 1719
15 13 1719
9 14 1720
15 14 1720
9 13 1721
15 13 1721
9 14 1722
15 14 1722
9 13 1723
15 13 1723
9 14 1724
15 14 1724
9 13 1725
15 13 1725
9 14 1726
15 14 1726
9 13 1727
15 13 1727
9 14 1728
15 14 1728
9 13 1729
15 13 1729
9 14 1730
15 14 1730
9 13 1731
15 13 1731
9 14 1732
15 14 1732
9 13 1733
15 13 1733
9 14 1734
15 14 1734
9 13 1735
15 13 1735
9 14 1736
15 14 1736
9 13 1737
15 13 1737
9 14 1738
15 14 1738
9 13 1739
15 13 1739
9 14 1740
15 14 1740
9 13 1741
15 13 1741
9 14 1742
15 14 1742
9 13 1743
15 13 1743
9 14 1744
15 14 1744
9 13 1745
15 13 1745
9 14 1746
15 14 1746
9 13 1747
15 13 1747
9 14 1748
15 14 1748
9 13 1749
15 13 1749
9 14 1750
15 14 1750
9 13 1751
15 13 1751
9 14 1752
15 14 1752
9 13 1753
15 13 1753
9 14 1754
15 14 1754
9 13 1755
15 13 1755
9 14 1756
15 14 1756
9 13 1757
15 13 1757
9 14 1758
15 14 1758
9 13 1759
15 13 1759
9 14 1760
15 14 1760
9 13 1761
15 13 1761
9 14 1762
15 14 1762
9 13 1763
15 13 1763
9 14 1764
15 14 1764
9 13 1765
15 13 1765
9 14 1766
15 14 1766
9 13 1767
15 13 1767
9 14 1768
15 14 1768
9 13 1769
15 13 1769
9 14 1770
15 14 1770
9 13 1771
15 13 1771
9 14 1772
15 14 1772
9 13 1773
15 13 1773
9 14 1774
15 14 1774
9 13 1775
15 13 1775
9 14 1776
15 14 1776
9 13 1777
15 13 1777
9 14 1778
15 14 1778
9 13 1779
15 13 1779
9 14 1780
15 14 1780
9 13 1781
15 13 1781
9 14 1782
15 14 1782
9 13 1783
15 13 1783
9 14 1784
15 14 1784
9 13 1785
15 13 1785
9 14 1786
15 14 1786
9 13 1787
15 13 1787
9 14 1788
15 14 1788
9 13 1789
15 13 1789
9 14 1790
15 14 1790
9 13 1791
15 13 1791
9 14 1792
15 14 1792
9 13 1793
15 13 1793
9 14 1794
15 14 1794
9 13 1795
15 13 1795
9 14 1796
15 14 1796
9 13 1797
15 13 1797
9 14 1798
15 14 1798
9 13 1799
15 13 1799
9 14 1800
15 14 1800
9 13 1801
15 13 1801
9 14 1802
15 14 1802
9 13 1803
15 13 1803
9 14 1804
15 14 1804
9 13 1805
15 13 1805
9 14 1806
15 14 1806
9 13 1807
15 13 1807
9 14 1808
15 14 1808
9 13 1809
15 13 1809
9 14 1810
15 14 1810
9 13 1811
15 13 1811
9 14 1812
15 14 1812
9 13 1813
15 13 1813
9 14 1814
15 14 1814
9 13 1815
15 13 1815
9 14 1816
15 14 1816
9 13 1817
15 13 1817
9 14 1818
15 14 1818
9 13 1819
15 13 1819
9 14 1820
15 14 1820
9 13 1821
15 13 1821
9 14 1822
15 14 1822
9 13 1823
15 13 1823
9 14 1824
15 14 1824
9 13 1825
15 13 1825
9 14 1826
15 14 1826
9 13 1827
15 13 1827
9 14 1828
15 14 1828
9 13 1829
15 13 1829
9 14 1830
15 14 1830
9 13 1831
15 13 1831
9 14 1832
15 14 1832
9 13 1833
15 13 1833
9 14 1834
15 14 1834
9 13 1835
15 13 1835
9 14 1836
15 14 1836
9 13 1837
15 13 1837
9 14 1838
15 14 1838
9 13 1839
15 13 1839
9 14 1840
15 14 1840
9 13 1841
15 13 1841
9 14 1842
15 14 1842
9 13 1843
15 13 1843
9 14 1844
15 14 1844
9 13 1845
15 13 1845
9 14 1846
15 14 1846
9 13 1847
15 13 1847
9 14 1848
15 14 1848
9 13 1849
15 13 1849
9 14 1850
15 14 1850
9 13 1851
15 13 1851
9 14 1852
15 14 1852
9 13 1853
15 13 1853
9 14 1854
15 14 1854
9 13 1855
15 13 1855
9 14 1856
15 14 1856
9 13 1857
15 13 1857
9 14 1858
15 14 1858
9 13 1859
15 13 1859
9 14 1860
15 14 1860
9 13 1861
15 13 1861
9 14 1862
15 14 1862
9 13 1863
15 13 1863
9 14 1864
15 14 1864
9 13 1865
15 13 1865
9 14 1866
15 14 1866
9 13 1867
15 13 1867
9 14 1868
15 14 1868
9 13 1869
15 13 1869
9 14 1870
15 14 1870
9 13 1871
15 13 1871
9 14 1872
15 14 1872
9 13 1873
15 13 1873
9 14 1874
15 14 1874
9 13 1875
15 13 1875
9 14 1876
15 14 1876
9 13 1877
15 13 1877
9 14 1878
15 14 1878
9 13 1879
15 13 1879
9 14 1880
15 14 1880
9 13 1881
15 13 1881
9 14 1882
15 14 1882
9 13 1883
15 13 1883
9 14 1884
15 14 1884
9 13 1885
15 13 1885
9 14 1886
15 14 1886
9 13 1887
15 13 1887
9 14 1888
15 14 1888
9 13 1889
15 13 1889
9 14 1890
15 14 1890
9 13 1891
15 13 1891
9 14 1892
15 14 1892
9 13 1893
15 13 1893
9 14 1894
15 14 1894
9 13 1895
15 13 1895
9 14 1896
15 14 1896
9 13 1897
15 13 1897
9 14 1898
15 14 1898
9 13 1899
15 13 1899
9 14 1900
15 14 1900
9 13 1901
15 13 1901
9 14 1902
15 14 1902
9 13 1903
15 13 1903
9 14 1904
15 14 1904
9 13 1905
15 13 1905
9 14 1906
15 14 1906
9 13 1907
15 13 1907
9 14 1908
15 14 1908
9 13 1909
15 13 1909
9 14 1910
15 14 1910
9 13 1911
15 13 1911
9 14 1912
15 14 1912
9 13 1913
15 13 1913
9 14 1914
15 14 1914
9 13 1915
15 13 1915
9 14 1916
15 14 1916
9 13 1917
15 13 1917
9 14 1918
15 14 1918
9 13 1919
15 13 1919
9 14 1920
15 14 1920
9 13 1921
15 13 1921
9 14 1922
15 14 1922
9 13 1923
15 13 1923
9 14 1924
15 14 1924
9 13 1925
15 13 1925
9 14 1926
15 14 1926
9 13 1927
15 13 1927
9 14 1928
15 14 1928
9 13 1929
15 13 1929
9 14 1930
15 14 1930
9 13 1931
15 13 1931
9 14 1932
15 14 1932
9 13 1933
15 13 1933
9 14 1934
15 14 1934
9 13 1935
15 13 1935
9 14 1936
15 14 1936
9 13 1937
15 13 1937
9 14 1938
15 14 1938
9 13 1939
15 13 1939
9 14 1940
15 14 1940
9 13 1941
15 13 1941
9 14 1942
15 14 1942
9 13 1943
15 13 1943
9 14 1944
15 14 1944
9 13 1945
15 13 1945
9 14 1946
15 14 1946
9 13 1947
15 13 1947
9 14 1948
15 14 1948
9 13 1949
15 13 1949
9 14 1950
15 14 1950
9 13 1951
15 13 1951
9 14 1952
15 14 1952
9 13 1953
15 13 1953
9 14 1954
15 14 1954
9 13 1955
15 13 1955
9 14 1956
15 14 1956
9 13 1957
15 13 1957
9 14 1958
15 14 1958
9 13 1959
15 13 1959
9 14 1960
15 14 1960
9 13 1961
15 13 1961
9 14 1962
15 14 1962
9 13 1963
15 13 1963
9 14 1964
15 14 1964
9 13 1965
15 13 1965
9 14 1966
15 14 1966
9 13 1967
15 13 1967
9 14 1968
15 14 1968
9 13 1969
15 13 1969
9 14 1970
15 14 1970
9 13 1971
15 13 1971
9 14 1972
15 14 1972
9 13 1973
15 13 1973
9 14 1974
15 14 1974
9 13 1975
15 13 1975
9 14 1976
15 14 1976
9 13 1977
15 13 1977
9 14 1978
15 14 1978
9 13 1979
15 13 1979
9 14 1980
15 14 1980
9 13 1981
15 13 1981
9 14 1982
15 14 1982
9 13 1983
15 13 1983
9 14 1984
15 14 1984
9 13 1985
15 13 1985
9 14 1986
15 14 1986
9 13 1987
15 13 1987
9 14 1988
15 14 1988
9 13 1989
15 13 1989
9 14 1990
15 14 1990
9 13 1991
15 13 1991
9 14 1992
15 14 1992
9 13 1993
15 13 1993
9 14 1994
15 14 1994
9 13 1995
15 13 1995
9 14 1996
15 14 1996
9 13 1997
15 13 1997
9 14 1998
15 14 1998
9 13 1999
15 13 1999
9 14 2000
15 14 2000
9 13 2001
15 13 2001
9 14 2002
15 14 2002
9 13 2003
15 13 2003
9 14 2004
15 14 2004
9 13 2005
15 13 2005
9 14 2006
15 14 2006
9 13 2007
15 13 2007
9 14 2008
15 14 2008
9 13 2009
15 13 2009
9 14 2010
15 14 2010
9 13 2011
15 13 2011
9 14 2012
15 14 2012
9 13 2013
15 13 2013
9 14 2014
15 14 2014
9 13 2015
15 13 2015
9 14 2016
15 14 2016
9 13 2017
15 13 2017
9 14 2018
15 14 2018
9 13 2019
15 13 2019
9 14 2020
15 14 2020
9 13 2021
15 13 2021
9 14 2022
15 14 2022
9 13 2023
15 13 2023
9 14 2024
15 14 2024
9 13 2025
15 13 2025
9 14 2026
15 14 2026
9 13 2027
15 13 2027
9 14 2028
15 14 2028
9 13 2029
15 13 2029
9 14 2030
15 14 2030
9 13 2031
15 13 2031
9 14 2032
15 14 2032
9 13 2033
15 13 2033
9 14 2034
15 14 2034
9 13 2035
15 13 2035
9 14 2036
15 14 2036
9 13 2037
15 13 2037
9 14 2038
15 14 2038
9 13 2039
15 13 2039
9 14 2040
15 14 2040
9 13 2041
15 13 2041
9 14 2042
15 14 2042
9 13 2043
15 13 2043
9 14 2044
15 14 2044
9 13 2045
15 13 2045
9 14 2046
15 14 2046
9 13 2047
15 13 2047
9 14 2048
15 14 2048
9 13 2049
15 13 2049
9 14 2050
15 14 2050
9 13 2051
15 13 2051
9 14 2052
15 14 2052
9 13 2053
15 13 2053
9 14 2054
15 14 2054
9 13 2055
15 13 2055
9 14 2056
15 14 2056
9 13 2057
15 13 2057
9 14 2058
15 14 2058
9 13 2059
15 13 2059
9 14 2060
15 14 2060
9 13 2061
15 13 2061
9 14 2062
15 14 2062
9 13 2063
15 13 2063
9 14 2064
15 14 2064
9 13 2065
15 13 2065
9 14 2066
15 14 2066
9 13 2067
15 13 2067
9 14 2068
15 14 2068
9 13 2069
15 13 2069
9 14 2070
15 14 2070
9 13 2071
15 13 2071
9 14 2072
15 14 2072
9 13 2073
15 13 2073
9 14 2074
15 14 2074
9 13 2075
15 13 2075
9 14 2076
15 14 2076
9 13 2077
15 13 2077
9 14 2078
15 14 2078
9 13 2079
15 13 2079
9 14 2080
15 14 2080
9 13 2081
15 13 2081
9 14 2082
15 14 2082
9 13 2083
15 13 2083
9 14 2084
15 14 2084
9 13 2085
15 13 2085
9 14 2086
15 14 2086
9 13 2087
15 13 2087
9 14 2088
15 14 2088
9 13 2089
15 13 2089
9 14 2090
15 14 2090
9 13 2091
15 13 2091
9 14 2092
15 14 2092
9 13 2093
15 13 2093
9 14 2094
15 14 2094
9 13 2095
15 13 2095
9 14 2096
15 14 2096
9 13 2097
15 13 2097
9 14 2098
15 14 2098
9 13 2099
15 13 2099
9 14 2100
15 14 2100
9 13 2101
15 13 2101
9 14 2102
15 14 2102
9 13 2103
15 13 2103
9 14 2104
15 14 2104
9 13 2105
15 13 2105
9 14 2106
15 14 2106
9 13 2107
15 13 2107
9 14 2108
15 14 2108
9 13 2109
15 13 2109
9 14 2110
15 14 2110
9 13 2111
15 13 2111
9 14 2112
15 14 2112
9 13 2113
15 13 2113
9 14 2114
15 14 2114
9 13 2115
15 13 2115
9 14 2116
15 14 2116
9 13 2117
15 13 2117
9 14 2118
15 14 2118
9 13 2119
15 13 2119
9 14 2120
15 14 2120
9 13 2121
15 13 2121
9 14 2122
15 14 2122
9 13 2123
15 13 2123
9 14 2124
15 14 2124
9 13 2125
15 13 2125
9 14 2126
15 14 2126
9 13 2127
15 13 2127
9 14 2128
15 14 2128
9 13 2129
15 13 2129
9 14 2130
15 14 2130
9 13 2131
15 13 2131
9 14 2132
15 14 2132
9 13 2133
15 13 2133
9 14 2134
15 14 2134
9 13 2135
15 13 2135
9 14 2136
15 14 2136
9 13 2137
15 13 2137
9 14 2138
15 14 2138
9 13 2139
15 13 2139
9 14 2140
15 14 2140
9 13 2141
15 13 2141
9 14 2142
15 14 2142
9 13 2143
15 13 2143
9 14 2144
15 14 2144
9 13 2145
15 13 2145
9 14 2146
15 14 2146
9 13 2147
15 13 2147
9 14 2148
15 14 2148
9 13 2149
15 13 2149
9 14 2150
15 14 2150
9 13 2151
15 13 2151
9 14 2152
15 14 2152
9 13 2153
15 13 2153
9 14 2154
15 14 2154
9 13 2155
15 13 2155
9 14 2156
15 14 2156
9 13 2157
15 13 2157
9 14 2158
15 14 2158
9 13 2159
15 13 2159
9 14 2160
15 14 2160
9 13 2161
15 13 2161
9 14 2162
15 14 2162
9 13 2163
15 13 2163
9 14 2164
15 14 2164
9 13 2165
15 13 2165
9 14 2166
15 14 2166
9 13 2167
15 13 2167
9 14 2168
15 14 2168
9 13 2169
15 13 2169
9 14 2170
15 14 2170
9 13 2171
15 13 2171
9 14 2172
15 14 2172
9 13 2173
15 13 2173
9 14 2174
15 14 2174
9 13 2175
15 13 2175
9 14 2176
15 14 2176
9 13 2177
15 13 2177
9 14 2178
15 14 2178
9 13 2179
15 13 2179
9 14 2180
15 14 2180
9 13 2181
15 13 2181
9 14 2182
15 14 2182
9 13 2183
15 13 2183
9 14 2184
15 14 2184
9 13 2185
15 13 2185
9 14 2186
15 14 2186
9 13 2187
15 13 2187
9 14 2188
15 14 2188
9 13 2189
15 13 2189
9 14 2190
15 14 2190
9 13 2191
15 13 2191
9 14 2192
15 14 2192
9 13 2193
15 13 2193
9 14 2194
15 14 2194
9 13 2195
15 13 2195
9 14 2196
15 14 2196
9 13 2197
15 13 2197
9 14 2198
15 14 2198
9 13 2199
15 13 2199
9 14 2200
15 14 2200
9 13 2201
15 13 2201
9 14 2202
15 14 2202
9 13 2203
15 13 2203
9 14 2204
15 14 2204
9 13 2205
15 13 2205
9 14 2206
15 14 2206
9 13 2207
15 13 2207
9 14 2208
15 14 2208
9 13 2209
15 13 2209
9 14 2210
15 14 2210
9 13 2211
15 13 2211
9 14 2212
15 14 2212
9 13 2213
15 13 2213
9 14 2214
15 14 2214
9 13 2215
15 13 2215
9 14 2216
15 14 2216
9 13 2217
15 13 2217
9 14 2218
15 14 2218
9 13 2219
15 13 2219
9 14 2220
15 14 2220
9 13 2221
15 13 2221
9 14 2222
15 14 2222
9 13 2223
15 13 2223
9 14 2224
15 14 2224
9 13 2225
15 13 2225
9 14 2226
15 14 2226
9 13 2227
15 13 2227
9 14 2228
15 14 2228
9 13 2229
15 13 2229
9 14 2230
15 14 2230
9 13 2231
15 13 2231
9 14 2232
15 14 2232
9 13 2233
15 13 2233
9 14 2234
15 14 2234
9 13 2235
15 13 2235
9 14 2236
15 14 2236
9 13 2237
15 13 2237
9 14 2238
15 14 2238
9 13 2239
15 13 2239
9 14 2240
15 14 2240
9 13 2241
15 13 2241
9 14 2242
15 14 2242
9 13 2243
15 13 2243
9 14 2244
15 14 2244
9 13 2245
15 13 2245
9 14 2246
15 14 2246
9 13 2247
15 13 2247
9 14 2248
15 14 2248
9 13 2249
15 13 2249
9 14 2250
15 14 2250
9 13 2251
15 13 2251
9 14 2252
15 14 2252
9 13 2253
15 13 2253
9 14 2254
15 14 2254
9 13 2255
15 13 2255
9 14 2256
15 14 2256
9 13 2257
15 13 2257
9 14 2258
15 14 2258
9 13 2259
15 13 2259
9 14 2260
15 14 2260
9 13 2261
15 13 2261
9 14 2262
15 14 2262
9 13 2263
15 13 2263
9 14 2264
15 14 2264
9 13 2265
15 13 2265
9 14 2266
15 14 2266
9 13 2267
15 13 2267
9 14 2268
15 14 2268
9 13 2269
15 13 2269
9 14 2270
15 14 2270
9 13 2271
15 13 2271
9 14 2272
15 14 2272
9 13 2273
15 13 2273
9 14 2274
15 14 2274
9 13 2275
15 13 2275
9 14 2276
15 14 2276
9 13 2277
15 13 2277
9 14 2278
15 14 2278
9 13 2279
15 13 2279
9 14 2280
15 14 2280
9 13 2281
15 13 2281
9 14 2282
15 14 2282
9 13 2283
15 13 2283
9 14 2284
15 14 2284
9 13 2285
15 13 2285
9 14 2286
15 14 2286
9 13 2287
15 13 2287
9 14 2288
15 14 2288
9 13 2289
15 13 2289
9 14 2290
15 14 2290
9 13 2291
15 13 2291
9 14 2292
15 14 2292
9 13 2293
15 13 2293
9 14 2294
15 14 2294
9 13 2295
15 13 2295
9 14 2296
15 14 2296
9 13 2297
15 13 2297
9 14 2298
15 14 2298
9 13 2299
15 13 2299
9 14 2300
15 14 2300
9 13 2301
15 13 2301
9 14 2302
15 14 2302
9 13 2303
15 13 2303
9 14 2304
15 14 2304
9 13 2305
15 13 2305
9 14 2306
15 14 2306
9 13 2307
15 13 2307
9 14 2308
15 14 2308
9 13 2309
15 13 2309
9 14 2310
15 14 2310
9 13 2311
15 13 2311
9 14 2312
15 14 2312
9 13 2313
15 13 2313
9 14 2314
15 14 2314
9 13 2315
15 13 2315
9 14 2316
15 14 2316
9 13 2317
15 13 2317
9 14 2318
15 14 2318
9 13 2319
15 13 2319
9 14 2320
15 14 2320
9 13 2321
15 13 2321
9 14 2322
15 14 2322
9 13 2323
15 13 2323
9 14 2324
15 14 2324
9 13 2325
15 13 2325
9 14 2326
15 14 2326
9 13 2327
15 13 2327
9 14 2328
15 14 2328
9 13 2329
15 13 2329
9 14 2330
15 14 2330
9 13 2331
15 13 2331
9 14 2332
15 14 2332
9 13 2333
15 13 2333
9 14 2334
15 14 2334
9 13 2335
15 13 2335
9 14 2336
15 14 2336
9 13 2337
15 13 2337
9 14 2338
15 14 2338
9 13 2339
15 13 2339
9 14 2340
15 14 2340
9 13 2341
15 13 2341
9 14 2342
15 14 2342
9 13 2343
15 13 2343
9 14 2344
15 14 2344
9 13 2345
15 13 2345
9 14 2346
15 14 2346
9 13 2347
15 13 2347
9 14 2348
15 14 2348
9 13 2349
15 13 2349
9 14 2350
15 14 2350
9 13 2351
15 13 2351
9 14 2352
15 14 2352
9 13 2353
15 13 2353
9 14 2354
15 14 2354
9 13 2355
15 13 2355
9 14 2356
15 14 2356
9 13 2357
15 13 2357
9 14 2358
15 14 2358
9 13 2359
15 13 2359
9 14 2360
15 14 2360
9 13 2361
15 13 2361
9 14 2362
15 14 2362
9 13 2363
15 13 2363
9 14 2364
15 14 2364
9 13 2365
15 13 2365
9 14 2366
15 14 2366
9 13 2367
15 13 2367
9 14 2368
15 14 2368
9 13 2369
15 13 2369
9 14 2370
15 14 2370
9 13 2371
15 13 2371
9 14 2372
15 14 2372
9 13 2373
15 13 2373
9 14 2374
15 14 2374
9 13 2375
15 13 2375
9 14 2376
15 14 2376
9 13 2377
15 13 2377
9 14 2378
15 14 2378
9 13 2379
15 13 2379
9 14 2380
15 14 2380
9 13 2381
15 13 2381
9 14 2382
15 14 2382
9 13 2383
15 13 2383
9 14 2384
15 14 2384
9 13 2385
15 13 2385
9 14 2386
15 14 2386
9 13 2387
15 13 2387
9 14 2388
15 14 2388
9 13 2389
15 13 2389
9 14 2390
15 14 2390
9 13 2391
15 13 2391
9 14 2392
15 14 2392
9 13 2393
15 13 2393
9 14 2394
15 14 2394
9 13 2395
15 13 2395
9 14 2396
15 14 2396
9 13 2397
15 13 2397
9 14 2398
15 14 2398
9 13 2399
15 13 2399
9 14 2400
15 14 2400
9 13 2401
15 13 2401
9 14 2402
15 14 2402
9 13 2403
15 13 2403
9 14 2404
15 14 2404
9 13 2405
15 13 2405
9 14 2406
15 14 2406
9 13 2407
15 13 2407
9 14 2408
15 14 2408
9 13 2409
15 13 2409
9 14 2410
15 14 2410
9 13 2411
15 13 2411
9 14 2412
15 14 2412
9 13 2413
15 13 2413
9 14 2414
15 14 2414
9 13 2415
15 13 2415
9 14 2416
15 14 2416
9 13 2417
15 13 2417
9 14 2418
15 14 2418
9 13 2419
15 13 2419
9 14 2420
15 14 2420
9 13 2421
15 13 2421
9 14 2422
15 14 2422
9 13 2423
15 13 2423
9 14 2424
15 14 2424
9 13 2425
15 13 2425
9 14 2426
15 14 2426
9 13 2427
15 13 2427
9 14 2428
15 14 2428
9 13 2429
15 13 2429
9 14 2430
15 14 2430
9 13 2431
15 13 2431
9 14 2432
15 14 2432
9 13 2433
15 13 2433
9 14 2434
15 14 2434
9 13 2435
15 13 2435
9 14 2436
15 14 2436
9 13 2437
15 13 2437
9 14 2438
15 14 2438
9 13 2439
15 13 2439
9 14 2440
15 14 2440
9 13 2441
15 13 2441
9 14 2442
15 14 2442
9 13 2443
15 13 2443
9 14 2444
15 14 2444
9 13 2445
15 13 2445
9 14 2446
15 14 2446
9 13 2447
15 13 2447
9 14 2448
15 14 2448
9 13 2449
15 13 2449
9 14 2450
15 14 2450
9 13 2451
15 13 2451
9 14 2452
15 14 2452
9 13 2453
15 13 2453
9 14 2454
15 14 2454
9 13 2455
15 13 2455
9 14 2456
15 14 2456
9 13 2457
15 13 2457
9 14 2458
15 14 2458
9 13 2459
15 13 2459
9 14 2460
15 14 2460
9 13 2461
15 13 2461
9 14 2462
15 14 2462
9 13 2463
15 13 2463
9 14 2464
15 14 2464
9 13 2465
15 13 2465
9 14 2466
15 14 2466
9 13 2467
15 13 2467
9 14 2468
15 14 2468
9 13 2469
15 13 2469
9 14 2470
15 14 2470
9 13 2471
15 13 2471
9 14 2472
15 14 2472
9 13 2473
15 13 2473
9 14 2474
15 14 2474
9 13 2475
15 13 2475
9 14 2476
15 14 2476
9 13 2477
15 13 2477
9 14 2478
15 14 2478
9 13 2479
15 13 2479
9 14 2480
15 14 2480
9 13 2481
15 13 2481
9 14 2482
15 14 2482
9 13 2483
15 13 2483
9 14 2484
15 14 2484
9 13 2485
15 13 2485
9 14 2486
15 14 2486
9 13 2487
15 13 2487
9 14 2488
15 14 2488
9 13 2489
15 13 2489
9 14 2490
15 14 2490
9 13 2491
15 13 2491
9 14 2492
15 14 2492
9 13 2493
15 13 2493
9 14 2494
15 14 2494
9 13 2495
15 13 2495
9 14 2496
15 14 2496
9 13 2497
15 13 2497
9 14 2498
15 14 2498
9 13 2499
15 13 2499
9 14 2500
15 14 2500
9 13 2501
15 13 2501
9 14 2502
15 14 2502
9 13 2503
15 13 2503
9 14 2504
15 14 2504
9 13 2505
15 13 2505
9 14 2506
15 14 2506
9 13 2507
15 13 2507
9 14 2508
15 14 2508
9 13 2509
15 13 2509
9 14 2510
15 14 2510
9 13 2511
15 13 2511
9 14 2512
15 14 2512
9 13 2513
15 13 2513
9 14 2514
15 14 2514
9 13 2515
15 13 2515
9 14 2516
15 14 2516
9 13 2517
15 13 2517
9 14 2518
15 14 2518
9 13 2519
15 13 2519
9 14 2520
15 14 2520
9 13 2521
15 13 2521
9 14 2522
15 14 2522
9 13 2523
15 13 2523
9 14 2524
15 14 2524
9 13 2525
15 13 2525
9 14 2526
15 14 2526
9 13 2527
15 13 2527
9 14 2528
15 14 2528
9 13 2529
15 13 2529
9 14 2530
15 14 2530
9 13 2531
15 13 2531
9 14 2532
15 14 2532
9 13 2533
15 13 2533
9 14 2534
15 14 2534
9 13 2535
15 13 2535
9 14 2536
15 14 2536
9 13 2537
15 13 2537
9 14 2538
15 14 2538
9 13 2539
15 13 2539
9 14 2540
15 14 2540
9 13 2541
15 13 2541
9 14 2542
15 14 2542
9 13 2543
15 13 2543
9 14 2544
15 14 2544
9 13 2545
15 13 2545
9 14 2546
15 14 2546
9 13 2547
15 13 2547
9 14 2548
15 14 2548
9 13 2549
15 13 2549
9 14 2550
15 14 2550
9 13 2551
15 13 2551
9 14 2552
15 14 2552
9 13 2553
15 13 2553
9 14 2554
15 14 2554
9 13 2555
15 13 2555
9 14 2556
15 14 2556
9 13 2557
15 13 2557
9 14 2558
15 14 2558
9 13 2559
15 13 2559
9 14 2560
15 14 2560
9 13 2561
15 13 2561
9 14 2562
15 14 2562
9 13 2563
15 13 2563
9 14 2564
15 14 2564
9 13 2565
15 13 2565
9 14 2566
15 14 2566
9 13 2567
15 13 2567
9 14 2568
15 14 2568
9 13 2569
15 13 2569
9 14 2570
15 14 2570
9 13 2571
15 13 2571
9 14 2572
15 14 2572
9 13 2573
15 13 2573
9 14 2574
15 14 2574
9 13 2575
15 13 2575
9 14 2576
15 14 2576
9 13 2577
15 13 2577
9 14 2578
15 14 2578
9 13 2579
15 13 2579
9 14 2580
15 14 2580
9 13 2581
15 13 2581
9 14 2582
15 14 2582
9 13 2583
15 13 2583
9 14 2584
15 14 2584
9 13 2585
15 13 2585
9 14 2586
15 14 2586
9 13 2587
15 13 2587
9 14 2588
15 14 2588
9 13 2589
15 13 2589
9 14 2590
15 14 2590
9 13 2591
15 13 2591
9 14 2592
15 14 2592
9 13 2593
15 13 2593
9 14 2594
15 14 2594
9 13 2595
15 13 2595
9 14 2596
15 14 2596
9 13 2597
15 13 2597
9 14 2598
15 14 2598
9 13 2599
15 13 2599
9 14 2600
15 14 2600
9 13 2601
15 13 2601
9 14 2602
15 14 2602
9 13 2603
15 13 2603
9 14 2604
15 14 2604
9 13 2605
15 13 2605
9 14 2606
15 14 2606
9 13 2607
15 13 2607
9 14 2608
15 14 2608
9 13 2609
15 13 2609
9 14 2610
15 14 2610
9 13 2611
15 13 2611
9 14 2612
15 14 2612
9 13 2613
15 13 2613
9 14 2614
15 14 2614
9 13 2615
15 13 2615
9 14 2616
15 14 2616
9 13 2617
15 13 2617
9 14 2618
15 14 2618
9 13 2619
15 13 2619
9 14 2620
15 14 2620
9 13 2621
15 13 2621
9 14 2622
15 14 2622
