13 12 1
14 12 1
13 12 2
14 12 2
13 12 3
14 12 3
13 12 4
14 12 4
13 12 5
14 12 5
13 12 6
14 12 6
13 12 7
14 12 7
13 12 8
14 12 8
13 12 9
14 12 9
13 12 10
14 12 10
13 12 11
14 12 11
13 12 12
14 12 12
13 12 13
14 12 13
13 12 14
14 12 14
13 12 15
14 12 15
13 12 16
14 12 16
13 12 17
14 12 17
13 12 18
14 12 18
13 12 19
14 12 19
13 12 20
14 12 20
13 12 21
14 12 21
13 12 22
14 12 22
13 12 23
14 12 23
13 12 24
14 12 24
13 12 25
14 12 25
13 12 26
14 12 26
13 12 27
14 12 27
13 12 28
14 12 28
13 12 29
14 12 29
13 12 30
14 12 30
13 12 31
14 12 31
13 12 32
14 12 32
13 12 33
14 12 33
13 12 34
14 12 34
13 12 35
14 12 35
13 12 36
14 12 36
13 12 37
14 12 37
13 12 38
14 12 38
13 12 39
14 12 39
13 12 40
14 12 40
13 12 41
14 12 41
13 12 42
14 12 42
13 12 43
14 12 43
13 12 44
14 12 44
13 12 45
14 12 45
13 12 46
14 12 46
13 12 47
14 12 47
13 12 48
14 12 48
13 12 49
14 12 49
13 12 50
14 12 50
13 12 51
14 12 51
13 12 52
14 12 52
13 12 53
14 12 53
13 12 54
14 12 54
13 12 55
14 12 55
13 12 56
14 12 56
13 12 57
14 12 57
13 12 58
14 12 58
13 12 59
14 12 59
13 12 60
14 12 60
13 12 61
14 12 61
13 12 62
14 12 62
13 12 63
14 12 63
13 12 64
14 12 64
13 12 65
14 12 65
13 12 66
14 12 66
13 12 67
14 12 67
13 12 68
14 12 68
13 12 69
14 12 69
13 12 70
14 12 70
13 12 71
14 12 71
13 12 72
14 12 72
13 12 73
14 12 73
13 12 74
14 12 74
13 12 75
14 12 75
13 12 76
14 12 76
13 12 77
14 12 77
13 12 78
14 12 78
13 12 79
14 12 79
13 12 80
14 12 80
13 12 81
14 12 81
13 12 82
14 12 82
13 12 83
14 12 83
13 12 84
14 12 84
13 12 85
14 12 85
13 12 86
14 12 86
13 12 87
14 12 87
13 12 88
14 12 88
13 12 89
14 12 89
13 12 90
14 12 90
13 12 91
14 12 91
13 12 92
14 12 92
13 12 93
14 12 93
13 12 94
14 12 94
13 12 95
14 12 95
13 12 96
14 12 96
13 12 97
14 12 97
13 12 98
14 12 98
13 12 99
14 12 99
13 12 100
14 12 100
13 12 101
14 12 101
13 12 102
14 12 102
13 12 103
14 12 103
13 12 104
14 12 104
13 12 105
14 12 105
13 12 106
14 12 106
13 12 107
14 12 107
13 12 108
14 12 108
13 12 109
14 12 109
13 12 110
14 12 110
13 12 111
14 12 111
13 12 112
14 12 112
13 12 113
14 12 113
13 12 114
14 12 114
13 12 115
14 12 115
13 12 116
14 12 116
13 12 117
14 12 117
13 12 118
14 12 118
13 12 119
14 12 119
13 12 120
14 12 120
13 12 121
14 12 121
13 12 122
14 12 122
13 12 123
14 12 123
13 12 124
14 12 124
13 12 125
14 12 125
13 12 126
14 12 126
13 12 127
14 12 127
13 12 128
14 12 128
13 12 129
14 12 129
13 12 130
14 12 130
13 12 131
14 12 131
13 12 132
14 12 132
13 12 133
14 12 133
13 12 134
14 12 134
13 12 135
14 12 135
13 12 136
14 12 136
13 12 137
14 12 137
13 12 138
14 12 138
13 12 139
14 12 139
13 12 140
14 12 140
13 12 141
14 12 141
13 12 142
14 12 142
13 12 143
14 12 143
13 12 144
14 12 144
13 12 145
14 12 145
13 12 146
14 12 146
13 12 147
14 12 147
13 12 148
14 12 148
13 12 149
14 12 149
13 12 150
14 12 150
13 12 151
14 12 151
13 12 152
14 12 152
13 12 153
14 12 153
13 12 154
14 12 154
13 12 155
14 12 155
13 12 156
14 12 156
13 12 157
14 12 157
13 12 158
14 12 158
13 12 159
14 12 159
13 12 160
14 12 160
13 12 161
14 12 161
13 12 162
14 12 162
13 12 163
14 12 163
13 12 164
14 12 164
13 12 165
14 12 165
13 12 166
14 12 166
13 12 167
14 12 167
13 12 168
14 12 168
13 12 169
14 12 169
13 12 170
14 12 170
13 12 171
14 12 171
13 12 172
14 12 172
13 12 173
14 12 173
13 12 174
14 12 174
13 12 175
14 12 175
13 12 176
14 12 176
13 12 177
14 12 177
13 12 178
14 12 178
13 12 179
14 12 179
13 12 180
14 12 180
13 12 181
14 12 181
13 12 182
14 12 182
13 12 183
14 12 183
13 12 184
14 12 184
13 12 185
14 12 185
13 12 186
14 12 186
13 12 187
14 12 187
13 12 188
14 12 188
13 12 189
14 12 189
13 12 190
14 12 190
13 12 191
14 12 191
13 12 192
14 12 192
13 12 193
14 12 193
13 12 194
14 12 194
13 12 195
14 12 195
13 12 196
14 12 196
13 12 197
14 12 197
13 12 198
14 12 198
13 12 199
14 12 199
13 12 200
14 12 200
13 12 201
14 12 201
13 12 202
14 12 202
13 12 203
14 12 203
13 12 204
14 12 204
13 12 205
14 12 205
13 12 206
14 12 206
13 12 207
14 12 207
13 12 208
14 12 208
13 12 209
14 12 209
13 12 210
14 12 210
13 12 211
14 12 211
13 12 212
14 12 212
13 12 213
14 12 213
13 12 214
14 12 214
13 12 215
14 12 215
13 12 216
14 12 216
13 12 217
14 12 217
13 12 218
14 12 218
13 12 219
14 12 219
13 12 220
14 12 220
13 12 221
14 12 221
13 12 222
14 12 222
13 12 223
14 12 223
13 12 224
14 12 224
13 12 225
14 12 225
13 12 226
14 12 226
13 12 227
14 12 227
13 12 228
14 12 228
13 12 229
14 12 229
13 12 230
14 12 230
13 12 231
14 12 231
13 12 232
14 12 232
13 12 233
14 12 233
13 12 234
14 12 234
13 12 235
14 12 235
13 12 236
14 12 236
13 12 237
14 12 237
13 12 238
14 12 238
13 12 239
14 12 239
13 12 240
14 12 240
13 12 241
14 12 241
13 12 242
14 12 242
13 12 243
14 12 243
13 12 244
14 12 244
13 12 245
14 12 245
13 12 246
14 12 246
13 12 247
14 12 247
13 12 248
14 12 248
13 12 249
14 12 249
13 12 250
14 12 250
13 12 251
14 12 251
13 12 252
14 12 252
13 12 253
14 12 253
13 12 254
14 12 254
13 12 255
14 12 255
13 12 256
14 12 256
13 12 257
14 12 257
13 12 258
14 12 258
13 12 259
14 12 259
13 12 260
14 12 260
13 12 261
14 12 261
13 12 262
14 12 262
13 12 263
14 12 263
13 12 264
14 12 264
13 12 265
14 12 265
13 12 266
14 12 266
13 12 267
14 12 267
13 12 268
14 12 268
13 12 269
14 12 269
13 12 270
14 12 270
13 12 271
14 12 271
13 12 272
14 12 272
13 12 273
14 12 273
13 12 274
14 12 274
13 12 275
14 12 275
13 12 276
14 12 276
13 12 277
14 12 277
13 12 278
14 12 278
13 12 279
14 12 279
13 12 280
14 12 280
13 12 281
14 12 281
13 12 282
14 12 282
13 12 283
14 12 283
13 12 284
14 12 284
13 12 285
14 12 285
13 12 286
14 12 286
13 12 287
14 12 287
13 12 288
14 12 288
13 12 289
14 12 289
13 12 290
14 12 290
13 12 291
14 12 291
13 12 292
14 12 292
13 12 293
14 12 293
13 12 294
14 12 294
13 12 295
14 12 295
13 12 296
14 12 296
13 12 297
14 12 297
13 12 298
14 12 298
13 12 299
14 12 299
13 12 300
14 12 300
13 12 301
14 12 301
13 12 302
14 12 302
13 12 303
14 12 303
13 12 304
14 12 304
13 12 305
14 12 305
13 12 306
14 12 306
13 12 307
14 12 307
13 12 308
14 12 308
13 12 309
14 12 309
13 12 310
14 12 310
13 12 311
14 12 311
13 12 312
14 12 312
13 12 313
14 12 313
13 12 314
14 12 314
13 12 315
14 12 315
13 12 316
14 12 316
13 12 317
14 12 317
13 12 318
14 12 318
13 12 319
14 12 319
13 12 320
14 12 320
13 12 321
14 12 321
13 12 322
14 12 322
13 12 323
14 12 323
13 12 324
14 12 324
13 12 325
14 12 325
13 12 326
14 12 326
13 12 327
14 12 327
13 12 328
14 12 328
13 12 329
14 12 329
13 12 330
14 12 330
13 12 331
14 12 331
13 12 332
14 12 332
13 12 333
14 12 333
13 12 334
14 12 334
13 12 335
14 12 335
13 12 336
14 12 336
13 12 337
14 12 337
13 12 338
14 12 338
13 12 339
14 12 339
13 12 340
14 12 340
13 12 341
14 12 341
13 12 342
14 12 342
13 12 343
14 12 343
13 12 344
14 12 344
13 12 345
14 12 345
13 12 346
14 12 346
13 12 347
14 12 347
13 12 348
14 12 348
13 12 349
14 12 349
13 12 350
14 12 350
13 12 351
14 12 351
13 12 352
14 12 352
13 12 353
14 12 353
13 12 354
14 12 354
13 12 355
14 12 355
13 12 356
14 12 356
13 12 357
14 12 357
13 12 358
14 12 358
13 12 359
14 12 359
13 12 360
14 12 360
13 12 361
14 12 361
13 12 362
14 12 362
13 12 363
14 12 363
13 12 364
14 12 364
13 12 365
14 12 365
13 12 366
14 12 366
13 12 367
14 12 367
13 12 368
14 12 368
13 12 369
14 12 369
13 12 370
14 12 370
13 12 371
14 12 371
13 12 372
14 12 372
13 12 373
14 12 373
13 12 374
14 12 374
13 12 375
14 12 375
13 12 376
14 12 376
13 12 377
14 12 377
13 12 378
14 12 378
13 12 379
14 12 379
13 12 380
14 12 380
13 12 381
14 12 381
13 12 382
14 12 382
13 12 383
14 12 383
13 12 384
14 12 384
13 12 385
14 12 385
13 12 386
14 12 386
13 12 387
14 12 387
13 12 388
14 12 388
13 12 389
14 12 389
13 12 390
14 12 390
13 12 391
14 12 391
13 12 392
14 12 392
13 12 393
14 12 393
13 12 394
14 12 394
13 12 395
14 12 395
13 12 396
14 12 396
13 12 397
14 12 397
13 12 398
14 12 398
13 12 399
14 12 399
13 12 400
14 12 400
13 12 401
14 12 401
13 12 402
14 12 402
13 12 403
14 12 403
13 12 404
14 12 404
13 12 405
14 12 405
13 12 406
14 12 406
13 12 407
14 12 407
13 12 408
14 12 408
13 12 409
14 12 409
13 12 410
14 12 410
13 12 411
14 12 411
13 12 412
14 12 412
13 12 413
14 12 413
13 12 414
14 12 414
13 12 415
14 12 415
13 12 416
14 12 416
13 12 417
14 12 417
13 12 418
14 12 418
13 12 419
14 12 419
13 12 420
14 12 420
13 12 421
14 12 421
13 12 422
14 12 422
13 12 423
14 12 423
13 12 424
14 12 424
13 12 425
14 12 425
13 12 426
14 12 426
13 12 427
14 12 427
13 12 428
14 12 428
13 12 429
14 12 429
13 12 430
14 12 430
13 12 431
14 12 431
13 12 432
14 12 432
13 12 433
14 12 433
13 12 434
14 12 434
13 12 435
14 12 435
13 12 436
14 12 436
13 12 437
14 12 437
13 12 438
14 12 438
13 12 439
14 12 439
13 12 440
14 12 440
13 12 441
14 12 441
13 12 442
14 12 442
13 12 443
14 12 443
13 12 444
14 12 444
13 12 445
14 12 445
13 12 446
14 12 446
13 12 447
14 12 447
13 12 448
14 12 448
13 12 449
14 12 449
13 12 450
14 12 450
13 12 451
14 12 451
13 12 452
14 12 452
13 12 453
14 12 453
13 12 454
14 12 454
13 12 455
14 12 455
13 12 456
14 12 456
13 12 457
14 12 457
13 12 458
14 12 458
13 12 459
14 12 459
13 12 460
14 12 460
13 12 461
14 12 461
13 12 462
14 12 462
13 12 463
14 12 463
13 12 464
14 12 464
13 12 465
14 12 465
13 12 466
14 12 466
13 12 467
14 12 467
13 12 468
14 12 468
13 12 469
14 12 469
13 12 470
14 12 470
13 12 471
14 12 471
13 12 472
14 12 472
13 12 473
14 12 473
13 12 474
14 12 474
13 12 475
14 12 475
13 12 476
14 12 476
13 12 477
14 12 477
13 12 478
14 12 478
13 12 479
14 12 479
13 12 480
14 12 480
13 12 481
14 12 481
13 12 482
14 12 482
13 12 483
14 12 483
13 12 484
14 12 484
13 12 485
14 12 485
13 12 486
14 12 486
13 12 487
14 12 487
13 12 488
14 12 488
13 12 489
14 12 489
13 12 490
14 12 490
13 12 491
14 12 491
13 12 492
14 12 492
13 12 493
14 12 493
13 12 494
14 12 494
13 12 495
14 12 495
13 12 496
14 12 496
13 12 497
14 12 497
13 12 498
14 12 498
13 12 499
14 12 499
13 12 500
14 12 500
13 12 501
14 12 501
13 12 502
14 12 502
13 12 503
14 12 503
13 12 504
14 12 504
13 12 505
14 12 505
13 12 506
14 12 506
13 12 507
14 12 507
13 12 508
14 12 508
13 12 509
14 12 509
13 12 510
14 12 510
13 12 511
14 12 511
13 12 512
14 12 512
13 12 513
14 12 513
13 12 514
14 12 514
13 12 515
14 12 515
13 12 516
14 12 516
13 12 517
14 12 517
13 12 518
14 12 518
13 12 519
14 12 519
13 12 520
14 12 520
13 12 521
14 12 521
13 12 522
14 12 522
13 12 523
14 12 523
13 12 524
14 12 524
13 12 525
14 12 525
13 12 526
14 12 526
13 12 527
14 12 527
13 12 528
14 12 528
13 12 529
14 12 529
13 12 530
14 12 530
13 12 531
14 12 531
13 12 532
14 12 532
13 12 533
14 12 533
13 12 534
14 12 534
13 12 535
14 12 535
13 12 536
14 12 536
13 12 537
14 12 537
13 12 538
14 12 538
13 12 539
14 12 539
13 12 540
14 12 540
13 12 541
14 12 541
13 12 542
14 12 542
13 12 543
14 12 543
13 12 544
14 12 544
13 12 545
14 12 545
13 12 546
14 12 546
13 12 547
14 12 547
13 12 548
14 12 548
13 12 549
14 12 549
13 12 550
14 12 550
13 12 551
14 12 551
13 12 552
14 12 552
13 12 553
14 12 553
13 12 554
14 12 554
13 12 555
14 12 555
13 12 556
14 12 556
13 12 557
14 12 557
13 12 558
14 12 558
13 12 559
14 12 559
13 12 560
14 12 560
13 12 561
14 12 561
13 12 562
14 12 562
13 12 563
14 12 563
13 12 564
14 12 564
13 12 565
14 12 565
13 12 566
14 12 566
13 12 567
14 12 567
13 12 568
14 12 568
13 12 569
14 12 569
13 12 570
14 12 570
13 12 571
14 12 571
13 12 572
14 12 572
13 12 573
14 12 573
13 12 574
14 12 574
13 12 575
14 12 575
13 12 576
14 12 576
13 12 577
14 12 577
13 12 578
14 12 578
13 12 579
14 12 579
13 12 580
14 12 580
13 12 581
14 12 581
13 12 582
14 12 582
13 12 583
14 12 583
13 12 584
14 12 584
13 12 585
14 12 585
13 12 586
14 12 586
13 12 587
14 12 587
13 12 588
14 12 588
13 12 589
14 12 589
13 12 590
14 12 590
13 12 591
14 12 591
13 12 592
14 12 592
13 12 593
14 12 593
13 12 594
14 12 594
13 12 595
14 12 595
13 12 596
14 12 596
13 12 597
14 12 597
13 12 598
14 12 598
13 12 599
14 12 599
13 12 600
14 12 600
13 12 601
14 12 601
13 12 602
14 12 602
13 12 603
14 12 603
13 12 604
14 12 604
13 12 605
14 12 605
13 12 606
14 12 606
13 12 607
14 12 607
13 12 608
14 12 608
13 12 609
14 12 609
13 12 610
14 12 610
13 12 611
14 12 611
13 12 612
14 12 612
13 12 613
14 12 613
13 12 614
14 12 614
13 12 615
14 12 615
13 12 616
14 12 616
13 12 617
14 12 617
13 12 618
14 12 618
13 12 619
14 12 619
13 12 620
14 12 620
13 12 621
14 12 621
13 12 622
14 12 622
13 12 623
14 12 623
13 12 624
14 12 624
13 12 625
14 12 625
13 12 626
14 12 626
13 12 627
14 12 627
13 12 628
14 12 628
13 12 629
14 12 629
13 12 630
14 12 630
13 12 631
14 12 631
13 12 632
14 12 632
13 12 633
14 12 633
13 12 634
14 12 634
13 12 635
14 12 635
13 12 636
14 12 636
13 12 637
14 12 637
13 12 638
14 12 638
13 12 639
14 12 639
13 12 640
14 12 640
13 12 641
14 12 641
13 12 642
14 12 642
13 12 643
14 12 643
13 12 644
14 12 644
13 12 645
14 12 645
13 12 646
14 12 646
13 12 647
14 12 647
13 12 648
14 12 648
13 12 649
14 12 649
13 12 650
14 12 650
13 12 651
14 12 651
13 12 652
14 12 652
13 12 653
14 12 653
13 12 654
14 12 654
13 12 655
14 12 655
13 12 656
14 12 656
13 12 657
14 12 657
13 12 658
14 12 658
13 12 659
14 12 659
13 12 660
14 12 660
13 12 661
14 12 661
13 12 662
14 12 662
13 12 663
14 12 663
13 12 664
14 12 664
13 12 665
14 12 665
13 12 666
14 12 666
13 12 667
14 12 667
13 12 668
14 12 668
13 12 669
14 12 669
13 12 670
14 12 670
13 12 671
14 12 671
13 12 672
14 12 672
13 12 673
14 12 673
13 12 674
14 12 674
13 12 675
14 12 675
13 12 676
14 12 676
13 12 677
14 12 677
13 12 678
14 12 678
13 12 679
14 12 679
13 12 680
14 12 680
13 12 681
14 12 681
13 12 682
14 12 682
13 12 683
14 12 683
13 12 684
14 12 684
13 12 685
14 12 685
13 12 686
14 12 686
13 12 687
14 12 687
13 12 688
14 12 688
13 12 689
14 12 689
13 12 690
14 12 690
13 12 691
14 12 691
13 12 692
14 12 692
13 12 693
14 12 693
13 12 694
14 12 694
13 12 695
14 12 695
13 12 696
14 12 696
13 12 697
14 12 697
13 12 698
14 12 698
13 12 699
14 12 699
13 12 700
14 12 700
13 12 701
14 12 701
13 12 702
14 12 702
13 12 703
14 12 703
13 12 704
14 12 704
13 12 705
14 12 705
13 12 706
14 12 706
13 12 707
14 12 707
13 12 708
14 12 708
13 12 709
14 12 709
13 12 710
14 12 710
13 12 711
14 12 711
13 12 712
14 12 712
13 12 713
14 12 713
13 12 714
14 12 714
13 12 715
14 12 715
13 12 716
14 12 716
13 12 717
14 12 717
13 12 718
14 12 718
13 12 719
14 12 719
13 12 720
14 12 720
13 12 721
14 12 721
13 12 722
14 12 722
13 12 723
14 12 723
13 12 724
14 12 724
13 12 725
14 12 725
13 12 726
14 12 726
13 12 727
14 12 727
13 12 728
14 12 728
13 12 729
14 12 729
13 12 730
14 12 730
13 12 731
14 12 731
13 12 732
14 12 732
13 12 733
14 12 733
13 12 734
14 12 734
13 12 735
14 12 735
13 12 736
14 12 736
13 12 737
14 12 737
13 12 738
14 12 738
13 12 739
14 12 739
13 12 740
14 12 740
13 12 741
14 12 741
13 12 742
14 12 742
13 12 743
14 12 743
13 12 744
14 12 744
13 12 745
14 12 745
13 12 746
14 12 746
13 12 747
14 12 747
13 12 748
14 12 748
13 12 749
14 12 749
13 12 750
14 12 750
13 12 751
14 12 751
13 12 752
14 12 752
13 12 753
14 12 753
13 12 754
14 12 754
13 12 755
14 12 755
13 12 756
14 12 756
13 12 757
14 12 757
13 12 758
14 12 758
13 12 759
14 12 759
13 12 760
14 12 760
13 12 761
14 12 761
13 12 762
14 12 762
13 12 763
14 12 763
13 12 764
14 12 764
13 12 765
14 12 765
13 12 766
14 12 766
13 12 767
14 12 767
13 12 768
14 12 768
13 12 769
14 12 769
13 12 770
14 12 770
13 12 771
14 12 771
13 12 772
14 12 772
13 12 773
14 12 773
13 12 774
14 12 774
13 12 775
14 12 775
13 12 776
14 12 776
13 12 777
14 12 777
13 12 778
14 12 778
13 12 779
14 12 779
13 12 780
14 12 780
13 12 781
14 12 781
13 12 782
14 12 782
13 12 783
14 12 783
13 12 784
14 12 784
13 12 785
14 12 785
13 12 786
14 12 786
13 12 787
14 12 787
13 12 788
14 12 788
13 12 789
14 12 789
13 12 790
14 12 790
13 12 791
14 12 791
13 12 792
14 12 792
13 12 793
14 12 793
13 12 794
14 12 794
13 12 795
14 12 795
13 12 796
14 12 796
13 12 797
14 12 797
13 12 798
14 12 798
13 12 799
14 12 799
13 12 800
14 12 800
13 12 801
14 12 801
13 12 802
14 12 802
13 12 803
14 12 803
13 12 804
14 12 804
13 12 805
14 12 805
13 12 806
14 12 806
13 12 807
14 12 807
13 12 808
14 12 808
13 12 809
14 12 809
13 12 810
14 12 810
13 12 811
14 12 811
13 12 812
14 12 812
13 12 813
14 12 813
13 12 814
14 12 814
13 12 815
14 12 815
13 12 816
14 12 816
13 12 817
14 12 817
13 12 818
14 12 818
13 12 819
14 12 819
13 12 820
14 12 820
13 12 821
14 12 821
13 12 822
14 12 822
13 12 823
14 12 823
13 12 824
14 12 824
13 12 825
14 12 825
13 12 826
14 12 826
13 12 827
14 12 827
13 12 828
14 12 828
13 12 829
14 12 829
13 12 830
14 12 830
13 12 831
14 12 831
13 12 832
14 12 832
13 12 833
14 12 833
13 12 834
14 12 834
13 12 835
14 12 835
13 12 836
14 12 836
13 12 837
14 12 837
13 12 838
14 12 838
13 12 839
14 12 839
13 12 840
14 12 840
13 12 841
14 12 841
13 12 842
14 12 842
13 12 843
14 12 843
13 12 844
14 12 844
13 12 845
14 12 845
13 12 846
14 12 846
13 12 847
14 12 847
13 12 848
14 12 848
13 12 849
14 12 849
13 12 850
14 12 850
13 12 851
14 12 851
13 12 852
14 12 852
13 12 853
14 12 853
13 12 854
14 12 854
13 12 855
14 12 855
13 12 856
14 12 856
13 12 857
14 12 857
13 12 858
14 12 858
13 12 859
14 12 859
13 12 860
14 12 860
13 12 861
14 12 861
13 12 862
14 12 862
13 12 863
14 12 863
13 12 864
14 12 864
13 12 865
14 12 865
13 12 866
14 12 866
13 12 867
14 12 867
13 12 868
14 12 868
13 12 869
14 12 869
13 12 870
14 12 870
13 12 871
14 12 871
13 12 872
14 12 872
13 12 873
14 12 873
13 12 874
14 12 874
13 12 875
14 12 875
13 12 876
14 12 876
13 12 877
14 12 877
13 12 878
14 12 878
13 12 879
14 12 879
13 12 880
14 12 880
13 12 881
14 12 881
13 12 882
14 12 882
13 12 883
14 12 883
13 12 884
14 12 884
13 12 885
14 12 885
13 12 886
14 12 886
13 12 887
14 12 887
13 12 888
14 12 888
13 12 889
14 12 889
13 12 890
14 12 890
13 12 891
14 12 891
13 12 892
14 12 892
13 12 893
14 12 893
13 12 894
14 12 894
13 12 895
14 12 895
13 12 896
14 12 896
13 12 897
14 12 897
13 12 898
14 12 898
13 12 899
14 12 899
13 12 900
14 12 900
13 12 901
14 12 901
13 12 902
14 12 902
13 12 903
14 12 903
13 12 904
14 12 904
13 12 905
14 12 905
13 12 906
14 12 906
13 12 907
14 12 907
13 12 908
14 12 908
13 12 909
14 12 909
13 12 910
14 12 910
13 12 911
14 12 911
13 12 912
14 12 912
13 12 913
14 12 913
13 12 914
14 12 914
13 12 915
14 12 915
13 12 916
14 12 916
13 12 917
14 12 917
13 12 918
14 12 918
13 12 919
14 12 919
13 12 920
14 12 920
13 12 921
14 12 921
13 12 922
14 12 922
13 12 923
14 12 923
13 12 924
14 12 924
13 12 925
14 12 925
13 12 926
14 12 926
13 12 927
14 12 927
13 12 928
14 12 928
13 12 929
14 12 929
13 12 930
14 12 930
13 12 931
14 12 931
13 12 932
14 12 932
13 12 933
14 12 933
13 12 934
14 12 934
13 12 935
14 12 935
13 12 936
14 12 936
13 12 937
14 12 937
13 12 938
14 12 938
13 12 939
14 12 939
13 12 940
14 12 940
13 12 941
14 12 941
13 12 942
14 12 942
13 12 943
14 12 943
13 12 944
14 12 944
13 12 945
14 12 945
13 12 946
14 12 946
13 12 947
14 12 947
13 12 948
14 12 948
13 12 949
14 12 949
13 12 950
14 12 950
13 12 951
14 12 951
13 12 952
14 12 952
13 12 953
14 12 953
13 12 954
14 12 954
13 12 955
14 12 955
13 12 956
14 12 956
13 12 957
14 12 957
13 12 958
14 12 958
13 12 959
14 12 959
13 12 960
14 12 960
13 12 961
14 12 961
13 12 962
14 12 962
13 12 963
14 12 963
13 12 964
14 12 964
13 12 965
14 12 965
13 12 966
14 12 966
13 12 967
14 12 967
13 12 968
14 12 968
13 12 969
14 12 969
13 12 970
14 12 970
13 12 971
14 12 971
13 12 972
14 12 972
13 12 973
14 12 973
13 12 974
14 12 974
13 12 975
14 12 975
13 12 976
14 12 976
13 12 977
14 12 977
13 12 978
14 12 978
13 12 979
14 12 979
13 12 980
14 12 980
13 12 981
14 12 981
13 12 982
14 12 982
13 12 983
14 12 983
13 12 984
14 12 984
13 12 985
14 12 985
13 12 986
14 12 986
13 12 987
14 12 987
13 12 988
14 12 988
13 12 989
14 12 989
13 12 990
14 12 990
13 12 991
14 12 991
13 12 992
14 12 992
13 12 993
14 12 993
13 12 994
14 12 994
13 12 995
14 12 995
13 12 996
14 12 996
13 12 997
14 12 997
13 12 998
14 12 998
13 12 999
14 12 999
13 12 1000
14 12 1000
13 12 1001
14 12 1001
13 12 1002
14 12 1002
13 12 1003
14 12 1003
13 12 1004
14 12 1004
13 12 1005
14 12 1005
13 12 1006
14 12 1006
13 12 1007
14 12 1007
13 12 1008
14 12 1008
13 12 1009
14 12 1009
13 12 1010
14 12 1010
13 12 1011
14 12 1011
13 12 1012
14 12 1012
13 12 1013
14 12 1013
13 12 1014
14 12 1014
13 12 1015
14 12 1015
13 12 1016
14 12 1016
13 12 1017
14 12 1017
13 12 1018
14 12 1018
13 12 1019
14 12 1019
13 12 1020
14 12 1020
13 12 1021
14 12 1021
13 12 1022
14 12 1022
13 12 1023
14 12 1023
13 12 1024
14 12 1024
13 12 1025
14 12 1025
13 12 1026
14 12 1026
13 12 1027
14 12 1027
13 12 1028
14 12 1028
13 12 1029
14 12 1029
13 12 1030
14 12 1030
13 12 1031
14 12 1031
13 12 1032
14 12 1032
13 12 1033
14 12 1033
13 12 1034
14 12 1034
13 12 1035
14 12 1035
13 12 1036
14 12 1036
13 12 1037
14 12 1037
13 12 1038
14 12 1038
13 12 1039
14 12 1039
13 12 1040
14 12 1040
13 12 1041
14 12 1041
13 12 1042
14 12 1042
13 12 1043
14 12 1043
13 12 1044
14 12 1044
13 12 1045
14 12 1045
13 12 1046
14 12 1046
13 12 1047
14 12 1047
13 12 1048
14 12 1048
13 12 1049
14 12 1049
13 12 1050
14 12 1050
13 12 1051
14 12 1051
13 12 1052
14 12 1052
13 12 1053
14 12 1053
13 12 1054
14 12 1054
13 12 1055
14 12 1055
13 12 1056
14 12 1056
13 12 1057
14 12 1057
13 12 1058
14 12 1058
13 12 1059
14 12 1059
13 12 1060
14 12 1060
13 12 1061
14 12 1061
13 12 1062
14 12 1062
13 12 1063
14 12 1063
13 12 1064
14 12 1064
13 12 1065
14 12 1065
13 12 1066
14 12 1066
13 12 1067
14 12 1067
13 12 1068
14 12 1068
13 12 1069
14 12 1069
13 12 1070
14 12 1070
13 12 1071
14 12 1071
13 12 1072
14 12 1072
13 12 1073
14 12 1073
13 12 1074
14 12 1074
13 12 1075
14 12 1075
13 12 1076
14 12 1076
13 12 1077
14 12 1077
13 12 1078
14 12 1078
13 12 1079
14 12 1079
13 12 1080
14 12 1080
13 12 1081
14 12 1081
13 12 1082
14 12 1082
13 12 1083
14 12 1083
13 12 1084
14 12 1084
13 12 1085
14 12 1085
13 12 1086
14 12 1086
13 12 1087
14 12 1087
13 12 1088
14 12 1088
13 12 1089
14 12 1089
13 12 1090
14 12 1090
13 12 1091
14 12 1091
13 12 1092
14 12 1092
13 12 1093
14 12 1093
13 12 1094
14 12 1094
13 12 1095
14 12 1095
13 12 1096
14 12 1096
13 12 1097
14 12 1097
13 12 1098
14 12 1098
13 12 1099
14 12 1099
13 12 1100
14 12 1100
13 12 1101
14 12 1101
13 12 1102
14 12 1102
13 12 1103
14 12 1103
13 12 1104
14 12 1104
13 12 1105
14 12 1105
13 12 1106
14 12 1106
13 12 1107
14 12 1107
13 12 1108
14 12 1108
13 12 1109
14 12 1109
13 12 1110
14 12 1110
13 12 1111
14 12 1111
13 12 1112
14 12 1112
13 12 1113
14 12 1113
13 12 1114
14 12 1114
13 12 1115
14 12 1115
13 12 1116
14 12 1116
13 12 1117
14 12 1117
13 12 1118
14 12 1118
13 12 1119
14 12 1119
13 12 1120
14 12 1120
13 12 1121
14 12 1121
13 12 1122
14 12 1122
13 12 1123
14 12 1123
13 12 1124
14 12 1124
13 12 1125
14 12 1125
13 12 1126
14 12 1126
13 12 1127
14 12 1127
13 12 1128
14 12 1128
13 12 1129
14 12 1129
13 12 1130
14 12 1130
13 12 1131
14 12 1131
13 12 1132
14 12 1132
13 12 1133
14 12 1133
13 12 1134
14 12 1134
13 12 1135
14 12 1135
13 12 1136
14 12 1136
13 12 1137
14 12 1137
13 12 1138
14 12 1138
13 12 1139
14 12 1139
13 12 1140
14 12 1140
13 12 1141
14 12 1141
13 12 1142
14 12 1142
13 12 1143
14 12 1143
13 12 1144
14 12 1144
13 12 1145
14 12 1145
13 12 1146
14 12 1146
13 12 1147
14 12 1147
13 12 1148
14 12 1148
13 12 1149
14 12 1149
13 12 1150
14 12 1150
13 12 1151
14 12 1151
13 12 1152
14 12 1152
13 12 1153
14 12 1153
13 12 1154
14 12 1154
13 12 1155
14 12 1155
13 12 1156
14 12 1156
13 12 1157
14 12 1157
13 12 1158
14 12 1158
13 12 1159
14 12 1159
13 12 1160
14 12 1160
13 12 1161
14 12 1161
13 12 1162
14 12 1162
13 12 1163
14 12 1163
13 12 1164
14 12 1164
13 12 1165
14 12 1165
13 12 1166
14 12 1166
13 12 1167
14 12 1167
13 12 1168
14 12 1168
13 12 1169
14 12 1169
13 12 1170
14 12 1170
13 12 1171
14 12 1171
13 12 1172
14 12 1172
13 12 1173
14 12 1173
13 12 1174
14 12 1174
13 12 1175
14 12 1175
13 12 1176
14 12 1176
13 12 1177
14 12 1177
13 12 1178
14 12 1178
13 12 1179
14 12 1179
13 12 1180
14 12 1180
13 12 1181
14 12 1181
13 12 1182
14 12 1182
13 12 1183
14 12 1183
13 12 1184
14 12 1184
13 12 1185
14 12 1185
13 12 1186
14 12 1186
13 12 1187
14 12 1187
13 12 1188
14 12 1188
13 12 1189
14 12 1189
13 12 1190
14 12 1190
13 12 1191
14 12 1191
13 12 1192
14 12 1192
13 12 1193
14 12 1193
13 12 1194
14 12 1194
13 12 1195
14 12 1195
13 12 1196
14 12 1196
13 12 1197
14 12 1197
13 12 1198
14 12 1198
13 12 1199
14 12 1199
13 12 1200
14 12 1200
13 12 1201
14 12 1201
13 12 1202
14 12 1202
13 12 1203
14 12 1203
13 12 1204
14 12 1204
13 12 1205
14 12 1205
13 12 1206
14 12 1206
13 12 1207
14 12 1207
13 12 1208
14 12 1208
13 12 1209
14 12 1209
13 12 1210
14 12 1210
13 12 1211
14 12 1211
13 12 1212
14 12 1212
13 12 1213
14 12 1213
13 12 1214
14 12 1214
13 12 1215
14 12 1215
13 12 1216
14 12 1216
13 12 1217
14 12 1217
13 12 1218
14 12 1218
13 12 1219
14 12 1219
13 12 1220
14 12 1220
13 12 1221
14 12 1221
13 12 1222
14 12 1222
13 12 1223
14 12 1223
13 12 1224
14 12 1224
13 12 1225
14 12 1225
13 12 1226
14 12 1226
13 12 1227
14 12 1227
13 12 1228
14 12 1228
13 12 1229
14 12 1229
13 12 1230
14 12 1230
13 12 1231
14 12 1231
13 12 1232
14 12 1232
13 12 1233
14 12 1233
13 12 1234
14 12 1234
13 12 1235
14 12 1235
13 12 1236
14 12 1236
13 12 1237
14 12 1237
13 12 1238
14 12 1238
13 12 1239
14 12 1239
13 12 1240
14 12 1240
13 12 1241
14 12 1241
13 12 1242
14 12 1242
13 12 1243
14 12 1243
13 12 1244
14 12 1244
13 12 1245
14 12 1245
13 12 1246
14 12 1246
13 12 1247
14 12 1247
13 12 1248
14 12 1248
13 12 1249
14 12 1249
13 12 1250
14 12 1250
13 12 1251
14 12 1251
13 12 1252
14 12 1252
13 12 1253
14 12 1253
13 12 1254
14 12 1254
13 12 1255
14 12 1255
13 12 1256
14 12 1256
13 12 1257
14 12 1257
13 12 1258
14 12 1258
13 12 1259
14 12 1259
13 12 1260
14 12 1260
13 12 1261
14 12 1261
13 12 1262
14 12 1262
13 12 1263
14 12 1263
13 12 1264
14 12 1264
13 12 1265
14 12 1265
13 12 1266
14 12 1266
13 12 1267
14 12 1267
13 12 1268
14 12 1268
13 12 1269
14 12 1269
13 12 1270
14 12 1270
13 12 1271
14 12 1271
13 12 1272
14 12 1272
13 12 1273
14 12 1273
13 12 1274
14 12 1274
13 12 1275
14 12 1275
13 12 1276
14 12 1276
13 12 1277
14 12 1277
13 12 1278
14 12 1278
13 12 1279
14 12 1279
13 12 1280
14 12 1280
13 12 1281
14 12 1281
13 12 1282
14 12 1282
13 12 1283
14 12 1283
13 12 1284
14 12 1284
13 12 1285
14 12 1285
13 12 1286
14 12 1286
13 12 1287
14 12 1287
13 12 1288
14 12 1288
13 12 1289
14 12 1289
13 12 1290
14 12 1290
13 12 1291
14 12 1291
13 12 1292
14 12 1292
13 12 1293
14 12 1293
13 12 1294
14 12 1294
13 12 1295
14 12 1295
13 12 1296
14 12 1296
13 12 1297
14 12 1297
13 12 1298
14 12 1298
13 12 1299
14 12 1299
13 12 1300
14 12 1300
13 12 1301
14 12 1301
13 12 1302
14 12 1302
13 12 1303
14 12 1303
13 12 1304
14 12 1304
13 12 1305
14 12 1305
13 12 1306
14 12 1306
13 12 1307
14 12 1307
13 12 1308
14 12 1308
13 12 1309
14 12 1309
13 12 1310
14 12 1310
13 12 1311
14 12 1311
