6 8 1
7 8 1
6 9 2
7 9 2
6 8 3
7 8 3
6 9 4
7 9 4
6 8 5
7 8 5
6 9 6
7 9 6
6 8 7
7 8 7
6 9 8
7 9 8
6 8 9
7 8 9
6 9 10
7 9 10
6 8 11
7 8 11
6 9 12
7 9 12
6 8 13
7 8 13
6 9 14
7 9 14
6 8 15
7 8 15
6 9 16
7 9 16
6 8 17
7 8 17
6 9 18
7 9 18
6 8 19
7 8 19
6 9 20
7 9 20
6 8 21
7 8 21
6 9 22
7 9 22
6 8 23
7 8 23
6 9 24
7 9 24
6 8 25
7 8 25
6 9 26
7 9 26
6 8 27
7 8 27
6 9 28
7 9 28
6 8 29
7 8 29
6 9 30
7 9 30
6 8 31
7 8 31
6 9 32
7 9 32
6 8 33
7 8 33
6 9 34
7 9 34
6 8 35
7 8 35
6 9 36
7 9 36
6 8 37
7 8 37
6 9 38
7 9 38
6 8 39
7 8 39
6 9 40
7 9 40
6 8 41
7 8 41
6 9 42
7 9 42
