1 3 1
2 3 1
1 4 2
2 4 2
1 3 3
2 3 3
1 4 4
2 4 4
1 3 5
2 3 5
1 4 6
2 4 6
1 3 7
2 3 7
1 4 8
2 4 8
1 3 9
2 3 9
1 4 10
2 4 10
1 3 11
2 3 11
1 4 12
2 4 12
1 3 13
2 3 13
1 4 14
2 4 14
1 3 15
2 3 15
1 4 16
2 4 16
1 3 17
2 3 17
1 4 18
2 4 18
1 3 19
2 3 19
1 4 20
2 4 20
1 3 21
2 3 21
1 4 22
2 4 22
1 3 23
2 3 23
1 4 24
2 4 24
1 3 25
2 3 25
1 4 26
2 4 26
1 3 27
2 3 27
1 4 28
2 4 28
1 3 29
2 3 29
1 4 30
2 4 30
1 3 31
2 3 31
1 4 32
2 4 32
1 3 33
2 3 33
1 4 34
2 4 34
1 3 35
2 3 35
1 4 36
2 4 36
1 3 37
2 3 37
1 4 38
2 4 38
1 3 39
2 3 39
1 4 40
2 4 40
1 3 41
2 3 41
1 4 42
2 4 42
1 3 43
2 3 43
1 4 44
2 4 44
1 3 45
2 3 45
1 4 46
2 4 46
1 3 47
2 3 47
1 4 48
2 4 48
1 3 49
2 3 49
1 4 50
2 4 50
1 3 51
2 3 51
1 4 52
2 4 52
1 3 53
2 3 53
1 4 54
2 4 54
1 3 55
2 3 55
1 4 56
2 4 56
1 3 57
2 3 57
1 4 58
2 4 58
1 3 59
2 3 59
1 4 60
2 4 60
1 3 61
2 3 61
1 4 62
2 4 62
1 3 63
2 3 63
1 4 64
2 4 64
1 3 65
2 3 65
1 4 66
2 4 66
1 3 67
2 3 67
1 4 68
2 4 68
1 3 69
2 3 69
1 4 70
2 4 70
1 3 71
2 3 71
1 4 72
2 4 72
1 3 73
2 3 73
1 4 74
2 4 74
1 3 75
2 3 75
1 4 76
2 4 76
1 3 77
2 3 77
1 4 78
2 4 78
1 3 79
2 3 79
1 4 80
2 4 80
1 3 81
2 3 81
1 4 82
2 4 82
