13 15 1
14 15 1
13 15 2
14 15 2
13 15 3
14 15 3
13 15 4
14 15 4
13 15 5
14 15 5
13 15 6
14 15 6
13 15 7
14 15 7
13 15 8
14 15 8
13 15 9
14 15 9
13 15 10
14 15 10
13 15 11
14 15 11
13 15 12
14 15 12
13 15 13
14 15 13
13 15 14
14 15 14
13 15 15
14 15 15
13 15 16
14 15 16
13 15 17
14 15 17
13 15 18
14 15 18
13 15 19
14 15 19
13 15 20
14 15 20
13 15 21
14 15 21
13 15 22
14 15 22
13 15 23
14 15 23
13 15 24
14 15 24
13 15 25
14 15 25
13 15 26
14 15 26
13 15 27
14 15 27
13 15 28
14 15 28
13 15 29
14 15 29
13 15 30
14 15 30
13 15 31
14 15 31
13 15 32
14 15 32
13 15 33
14 15 33
13 15 34
14 15 34
13 15 35
14 15 35
13 15 36
14 15 36
13 15 37
14 15 37
13 15 38
14 15 38
13 15 39
14 15 39
13 15 40
14 15 40
13 15 41
14 15 41
