5 7 1
6 7 1
5 8 2
6 8 2
5 7 3
6 7 3
5 8 4
6 8 4
5 7 5
6 7 5
5 8 6
6 8 6
5 7 7
6 7 7
5 8 8
6 8 8
5 7 9
6 7 9
5 8 10
6 8 10
5 7 11
6 7 11
5 8 12
6 8 12
5 7 13
6 7 13
5 8 14
6 8 14
5 7 15
6 7 15
5 8 16
6 8 16
5 7 17
6 7 17
5 8 18
6 8 18
5 7 19
6 7 19
5 8 20
6 8 20
5 7 21
6 7 21
5 8 22
6 8 22
5 7 23
6 7 23
5 8 24
6 8 24
5 7 25
6 7 25
5 8 26
6 8 26
5 7 27
6 7 27
5 8 28
6 8 28
5 7 29
6 7 29
5 8 30
6 8 30
5 7 31
6 7 31
5 8 32
6 8 32
5 7 33
6 7 33
5 8 34
6 8 34
5 7 35
6 7 35
5 8 36
6 8 36
5 7 37
6 7 37
5 8 38
6 8 38
5 7 39
6 7 39
5 8 40
6 8 40
5 7 41
6 7 41
5 8 42
6 8 42
5 7 43
6 7 43
5 8 44
6 8 44
5 7 45
6 7 45
5 8 46
6 8 46
5 7 47
6 7 47
5 8 48
6 8 48
5 7 49
6 7 49
5 8 50
6 8 50
5 7 51
6 7 51
5 8 52
6 8 52
5 7 53
6 7 53
5 8 54
6 8 54
5 7 55
6 7 55
5 8 56
6 8 56
5 7 57
6 7 57
5 8 58
6 8 58
5 7 59
6 7 59
5 8 60
6 8 60
5 7 61
6 7 61
5 8 62
6 8 62
5 7 63
6 7 63
5 8 64
6 8 64
5 7 65
6 7 65
5 8 66
6 8 66
5 7 67
6 7 67
5 8 68
6 8 68
5 7 69
6 7 69
5 8 70
6 8 70
5 7 71
6 7 71
5 8 72
6 8 72
5 7 73
6 7 73
5 8 74
6 8 74
5 7 75
6 7 75
5 8 76
6 8 76
5 7 77
6 7 77
5 8 78
6 8 78
5 7 79
6 7 79
5 8 80
6 8 80
5 7 81
6 7 81
5 8 82
6 8 82
