11 12 1
11 12 2
11 12 3
11 12 4
11 12 5
11 12 6
11 12 7
11 12 8
11 12 9
11 12 10
11 12 11
11 12 12
11 12 13
11 12 14
11 12 15
11 12 16
11 12 17
11 12 18
11 12 19
11 12 20
11 12 21
11 12 22
11 12 23
11 12 24
11 12 25
11 12 26
11 12 27
11 12 28
11 12 29
11 12 30
11 12 31
11 12 32
11 12 33
11 12 34
11 12 35
11 12 36
11 12 37
11 12 38
11 12 39
11 12 40
11 12 41
11 12 42
11 12 43
11 12 44
11 12 45
11 12 46
11 12 47
11 12 48
11 12 49
11 12 50
11 12 51
11 12 52
11 12 53
11 12 54
11 12 55
11 12 56
11 12 57
11 12 58
11 12 59
