12 13 1
12 13 2
12 13 3
12 13 4
12 13 5
12 13 6
12 13 7
12 13 8
12 13 9
12 13 10
12 13 11
12 13 12
12 13 13
12 13 14
12 13 15
12 13 16
12 13 17
12 13 18
12 13 19
12 13 20
12 13 21
12 13 22
12 13 23
12 13 24
12 13 25
12 13 26
12 13 27
12 13 28
12 13 29
12 13 30
12 13 31
12 13 32
12 13 33
12 13 34
12 13 35
12 13 36
12 13 37
12 13 38
12 13 39
12 13 40
12 13 41
12 13 42
12 13 43
12 13 44
12 13 45
12 13 46
12 13 47
12 13 48
12 13 49
12 13 50
12 13 51
12 13 52
12 13 53
12 13 54
12 13 55
12 13 56
12 13 57
12 13 58
12 13 59
