4 9 1
8 9 1
4 12 2
8 12 2
4 9 3
8 9 3
4 12 4
8 12 4
4 9 5
8 9 5
4 12 6
8 12 6
4 9 7
8 9 7
4 12 8
8 12 8
4 9 9
8 9 9
4 12 10
8 12 10
4 9 11
8 9 11
4 12 12
8 12 12
4 9 13
8 9 13
4 12 14
8 12 14
4 9 15
8 9 15
4 12 16
8 12 16
4 9 17
8 9 17
4 12 18
8 12 18
4 9 19
8 9 19
4 12 20
8 12 20
4 9 21
8 9 21
4 12 22
8 12 22
4 9 23
8 9 23
4 12 24
8 12 24
4 9 25
8 9 25
4 12 26
8 12 26
4 9 27
8 9 27
4 12 28
8 12 28
4 9 29
8 9 29
4 12 30
8 12 30
4 9 31
8 9 31
4 12 32
8 12 32
4 9 33
8 9 33
4 12 34
8 12 34
4 9 35
8 9 35
4 12 36
8 12 36
4 9 37
8 9 37
4 12 38
8 12 38
4 9 39
8 9 39
4 12 40
8 12 40
4 9 41
8 9 41
4 12 42
8 12 42
