1 0 1
2 0 1
1 5 2
2 5 2
1 0 3
2 0 3
1 5 4
2 5 4
1 0 5
2 0 5
1 5 6
2 5 6
1 0 7
2 0 7
1 5 8
2 5 8
1 0 9
2 0 9
1 5 10
2 5 10
1 0 11
2 0 11
1 5 12
2 5 12
1 0 13
2 0 13
1 5 14
2 5 14
1 0 15
2 0 15
1 5 16
2 5 16
1 0 17
2 0 17
1 5 18
2 5 18
1 0 19
2 0 19
1 5 20
2 5 20
1 0 21
2 0 21
1 5 22
2 5 22
1 0 23
2 0 23
1 5 24
2 5 24
1 0 25
2 0 25
1 5 26
2 5 26
1 0 27
2 0 27
1 5 28
2 5 28
1 0 29
2 0 29
1 5 30
2 5 30
1 0 31
2 0 31
1 5 32
2 5 32
1 0 33
2 0 33
1 5 34
2 5 34
1 0 35
2 0 35
1 5 36
2 5 36
1 0 37
2 0 37
1 5 38
2 5 38
1 0 39
2 0 39
1 5 40
2 5 40
1 0 41
2 0 41
1 5 42
2 5 42
