9 13 1
12 13 1
9 14 2
12 14 2
9 13 3
12 13 3
9 14 4
12 14 4
9 13 5
12 13 5
9 14 6
12 14 6
9 13 7
12 13 7
9 14 8
12 14 8
9 13 9
12 13 9
9 14 10
12 14 10
9 13 11
12 13 11
9 14 12
12 14 12
9 13 13
12 13 13
9 14 14
12 14 14
9 13 15
12 13 15
9 14 16
12 14 16
9 13 17
12 13 17
9 14 18
12 14 18
9 13 19
12 13 19
9 14 20
12 14 20
9 13 21
12 13 21
9 14 22
12 14 22
9 13 23
12 13 23
9 14 24
12 14 24
9 13 25
12 13 25
9 14 26
12 14 26
9 13 27
12 13 27
9 14 28
12 14 28
9 13 29
12 13 29
9 14 30
12 14 30
9 13 31
12 13 31
9 14 32
12 14 32
9 13 33
12 13 33
9 14 34
12 14 34
9 13 35
12 13 35
9 14 36
12 14 36
9 13 37
12 13 37
9 14 38
12 14 38
9 13 39
12 13 39
9 14 40
12 14 40
9 13 41
12 13 41
9 14 42
12 14 42
