10 7 1
15 7 1
10 11 2
15 11 2
10 7 3
15 7 3
10 11 4
15 11 4
10 7 5
15 7 5
10 11 6
15 11 6
10 7 7
15 7 7
10 11 8
15 11 8
10 7 9
15 7 9
10 11 10
15 11 10
10 7 11
15 7 11
10 11 12
15 11 12
10 7 13
15 7 13
10 11 14
15 11 14
10 7 15
15 7 15
10 11 16
15 11 16
10 7 17
15 7 17
10 11 18
15 11 18
10 7 19
15 7 19
10 11 20
15 11 20
10 7 21
15 7 21
10 11 22
15 11 22
10 7 23
15 7 23
10 11 24
15 11 24
10 7 25
15 7 25
10 11 26
15 11 26
10 7 27
15 7 27
10 11 28
15 11 28
10 7 29
15 7 29
10 11 30
15 11 30
10 7 31
15 7 31
10 11 32
15 11 32
10 7 33
15 7 33
10 11 34
15 11 34
10 7 35
15 7 35
10 11 36
15 11 36
10 7 37
15 7 37
10 11 38
15 11 38
10 7 39
15 7 39
10 11 40
15 11 40
10 7 41
15 7 41
10 11 42
15 11 42
