11 10 1
15 10 1
11 14 2
15 14 2
11 10 3
15 10 3
11 14 4
15 14 4
11 10 5
15 10 5
11 14 6
15 14 6
11 10 7
15 10 7
11 14 8
15 14 8
11 10 9
15 10 9
11 14 10
15 14 10
11 10 11
15 10 11
11 14 12
15 14 12
11 10 13
15 10 13
11 14 14
15 14 14
11 10 15
15 10 15
11 14 16
15 14 16
11 10 17
15 10 17
11 14 18
15 14 18
11 10 19
15 10 19
11 14 20
15 14 20
11 10 21
15 10 21
11 14 22
15 14 22
11 10 23
15 10 23
11 14 24
15 14 24
11 10 25
15 10 25
11 14 26
15 14 26
11 10 27
15 10 27
11 14 28
15 14 28
11 10 29
15 10 29
11 14 30
15 14 30
11 10 31
15 10 31
11 14 32
15 14 32
11 10 33
15 10 33
11 14 34
15 14 34
11 10 35
15 10 35
11 14 36
15 14 36
11 10 37
15 10 37
11 14 38
15 14 38
11 10 39
15 10 39
11 14 40
15 14 40
11 10 41
15 10 41
11 14 42
15 14 42
