10 9 1
14 9 1
10 13 2
14 13 2
10 9 3
14 9 3
10 13 4
14 13 4
10 9 5
14 9 5
10 13 6
14 13 6
10 9 7
14 9 7
10 13 8
14 13 8
10 9 9
14 9 9
10 13 10
14 13 10
10 9 11
14 9 11
10 13 12
14 13 12
10 9 13
14 9 13
10 13 14
14 13 14
10 9 15
14 9 15
10 13 16
14 13 16
10 9 17
14 9 17
10 13 18
14 13 18
10 9 19
14 9 19
10 13 20
14 13 20
10 9 21
14 9 21
10 13 22
14 13 22
10 9 23
14 9 23
10 13 24
14 13 24
10 9 25
14 9 25
10 13 26
14 13 26
10 9 27
14 9 27
10 13 28
14 13 28
10 9 29
14 9 29
10 13 30
14 13 30
10 9 31
14 9 31
10 13 32
14 13 32
10 9 33
14 9 33
10 13 34
14 13 34
10 9 35
14 9 35
10 13 36
14 13 36
10 9 37
14 9 37
10 13 38
14 13 38
10 9 39
14 9 39
10 13 40
14 13 40
10 9 41
14 9 41
10 13 42
14 13 42
