0 1 1
4 1 1
0 5 2
4 5 2
0 1 3
4 1 3
0 5 4
4 5 4
0 1 5
4 1 5
0 5 6
4 5 6
0 1 7
4 1 7
0 5 8
4 5 8
0 1 9
4 1 9
0 5 10
4 5 10
0 1 11
4 1 11
0 5 12
4 5 12
0 1 13
4 1 13
0 5 14
4 5 14
0 1 15
4 1 15
0 5 16
4 5 16
0 1 17
4 1 17
0 5 18
4 5 18
0 1 19
4 1 19
0 5 20
4 5 20
0 1 21
4 1 21
0 5 22
4 5 22
0 1 23
4 1 23
0 5 24
4 5 24
0 1 25
4 1 25
0 5 26
4 5 26
0 1 27
4 1 27
0 5 28
4 5 28
0 1 29
4 1 29
0 5 30
4 5 30
0 1 31
4 1 31
0 5 32
4 5 32
0 1 33
4 1 33
0 5 34
4 5 34
0 1 35
4 1 35
0 5 36
4 5 36
0 1 37
4 1 37
0 5 38
4 5 38
0 1 39
4 1 39
0 5 40
4 5 40
0 1 41
4 1 41
0 5 42
4 5 42
