9 8 1
13 8 1
9 12 2
13 12 2
9 8 3
13 8 3
9 12 4
13 12 4
9 8 5
13 8 5
9 12 6
13 12 6
9 8 7
13 8 7
9 12 8
13 12 8
9 8 9
13 8 9
9 12 10
13 12 10
9 8 11
13 8 11
9 12 12
13 12 12
9 8 13
13 8 13
9 12 14
13 12 14
9 8 15
13 8 15
9 12 16
13 12 16
9 8 17
13 8 17
9 12 18
13 12 18
9 8 19
13 8 19
9 12 20
13 12 20
9 8 21
13 8 21
9 12 22
13 12 22
9 8 23
13 8 23
9 12 24
13 12 24
9 8 25
13 8 25
9 12 26
13 12 26
9 8 27
13 8 27
9 12 28
13 12 28
9 8 29
13 8 29
9 12 30
13 12 30
9 8 31
13 8 31
9 12 32
13 12 32
9 8 33
13 8 33
9 12 34
13 12 34
9 8 35
13 8 35
9 12 36
13 12 36
9 8 37
13 8 37
9 12 38
13 12 38
9 8 39
13 8 39
9 12 40
13 12 40
9 8 41
13 8 41
9 12 42
13 12 42
