1 2 1
5 2 1
1 6 2
5 6 2
1 2 3
5 2 3
1 6 4
5 6 4
1 2 5
5 2 5
1 6 6
5 6 6
1 2 7
5 2 7
1 6 8
5 6 8
1 2 9
5 2 9
1 6 10
5 6 10
1 2 11
5 2 11
1 6 12
5 6 12
1 2 13
5 2 13
1 6 14
5 6 14
1 2 15
5 2 15
1 6 16
5 6 16
1 2 17
5 2 17
1 6 18
5 6 18
1 2 19
5 2 19
1 6 20
5 6 20
1 2 21
5 2 21
1 6 22
5 6 22
1 2 23
5 2 23
1 6 24
5 6 24
1 2 25
5 2 25
1 6 26
5 6 26
1 2 27
5 2 27
1 6 28
5 6 28
1 2 29
5 2 29
1 6 30
5 6 30
1 2 31
5 2 31
1 6 32
5 6 32
1 2 33
5 2 33
1 6 34
5 6 34
1 2 35
5 2 35
1 6 36
5 6 36
1 2 37
5 2 37
1 6 38
5 6 38
1 2 39
5 2 39
1 6 40
5 6 40
1 2 41
5 2 41
1 6 42
5 6 42
