1 0 1
2 0 1
3 0 1
4 0 1
7 0 1
8 0 1
9 0 1
12 0 1
14 0 1
15 0 1
1 5 2
2 5 2
3 5 2
4 5 2
7 5 2
8 5 2
9 5 2
12 5 2
14 5 2
15 5 2
1 13 3
2 13 3
3 13 3
4 13 3
7 13 3
8 13 3
9 13 3
12 13 3
14 13 3
15 13 3
1 0 4
2 0 4
3 0 4
4 0 4
7 0 4
8 0 4
9 0 4
12 0 4
14 0 4
15 0 4
1 5 5
2 5 5
3 5 5
4 5 5
7 5 5
8 5 5
9 5 5
12 5 5
14 5 5
15 5 5
1 13 6
2 13 6
3 13 6
4 13 6
7 13 6
8 13 6
9 13 6
12 13 6
14 13 6
15 13 6
1 0 7
2 0 7
3 0 7
4 0 7
7 0 7
8 0 7
9 0 7
12 0 7
14 0 7
15 0 7
1 5 8
2 5 8
3 5 8
4 5 8
7 5 8
8 5 8
9 5 8
12 5 8
14 5 8
15 5 8
1 13 9
2 13 9
3 13 9
4 13 9
7 13 9
8 13 9
9 13 9
12 13 9
14 13 9
15 13 9
1 0 10
2 0 10
3 0 10
4 0 10
7 0 10
8 0 10
9 0 10
12 0 10
14 0 10
15 0 10
1 5 11
2 5 11
3 5 11
4 5 11
7 5 11
8 5 11
9 5 11
12 5 11
14 5 11
15 5 11
1 13 12
2 13 12
3 13 12
4 13 12
7 13 12
8 13 12
9 13 12
12 13 12
14 13 12
15 13 12
1 0 13
2 0 13
3 0 13
4 0 13
7 0 13
8 0 13
9 0 13
12 0 13
14 0 13
15 0 13
1 5 14
2 5 14
3 5 14
4 5 14
7 5 14
8 5 14
9 5 14
12 5 14
14 5 14
15 5 14
1 13 15
2 13 15
3 13 15
4 13 15
7 13 15
8 13 15
9 13 15
12 13 15
14 13 15
15 13 15
1 0 16
2 0 16
3 0 16
4 0 16
7 0 16
8 0 16
9 0 16
12 0 16
14 0 16
15 0 16
1 5 17
2 5 17
3 5 17
4 5 17
7 5 17
8 5 17
9 5 17
12 5 17
14 5 17
15 5 17
1 13 18
2 13 18
3 13 18
4 13 18
7 13 18
8 13 18
9 13 18
12 13 18
14 13 18
15 13 18
1 0 19
2 0 19
3 0 19
4 0 19
7 0 19
8 0 19
9 0 19
12 0 19
14 0 19
15 0 19
1 5 20
2 5 20
3 5 20
4 5 20
7 5 20
8 5 20
9 5 20
12 5 20
14 5 20
15 5 20
1 13 21
2 13 21
3 13 21
4 13 21
7 13 21
8 13 21
9 13 21
12 13 21
14 13 21
15 13 21
1 0 22
2 0 22
3 0 22
4 0 22
7 0 22
8 0 22
9 0 22
12 0 22
14 0 22
15 0 22
1 5 23
2 5 23
3 5 23
4 5 23
7 5 23
8 5 23
9 5 23
12 5 23
14 5 23
15 5 23
1 13 24
2 13 24
3 13 24
4 13 24
7 13 24
8 13 24
9 13 24
12 13 24
14 13 24
15 13 24
1 0 25
2 0 25
3 0 25
4 0 25
7 0 25
8 0 25
9 0 25
12 0 25
14 0 25
15 0 25
1 5 26
2 5 26
3 5 26
4 5 26
7 5 26
8 5 26
9 5 26
12 5 26
14 5 26
15 5 26
1 13 27
2 13 27
3 13 27
4 13 27
7 13 27
8 13 27
9 13 27
12 13 27
14 13 27
15 13 27
1 0 28
2 0 28
3 0 28
4 0 28
7 0 28
8 0 28
9 0 28
12 0 28
14 0 28
15 0 28
1 5 29
2 5 29
3 5 29
4 5 29
7 5 29
8 5 29
9 5 29
12 5 29
14 5 29
15 5 29
1 13 30
2 13 30
3 13 30
4 13 30
7 13 30
8 13 30
9 13 30
12 13 30
14 13 30
15 13 30
1 0 31
2 0 31
3 0 31
4 0 31
7 0 31
8 0 31
9 0 31
12 0 31
14 0 31
15 0 31
1 5 32
2 5 32
3 5 32
4 5 32
7 5 32
8 5 32
9 5 32
12 5 32
14 5 32
15 5 32
1 13 33
2 13 33
3 13 33
4 13 33
7 13 33
8 13 33
9 13 33
12 13 33
14 13 33
15 13 33
1 0 34
2 0 34
3 0 34
4 0 34
7 0 34
8 0 34
9 0 34
12 0 34
14 0 34
15 0 34
1 5 35
2 5 35
3 5 35
4 5 35
7 5 35
8 5 35
9 5 35
12 5 35
14 5 35
15 5 35
1 13 36
2 13 36
3 13 36
4 13 36
7 13 36
8 13 36
9 13 36
12 13 36
14 13 36
15 13 36
1 0 37
2 0 37
3 0 37
4 0 37
7 0 37
8 0 37
9 0 37
12 0 37
14 0 37
15 0 37
1 5 38
2 5 38
3 5 38
4 5 38
7 5 38
8 5 38
9 5 38
12 5 38
14 5 38
15 5 38
1 13 39
2 13 39
3 13 39
4 13 39
7 13 39
8 13 39
9 13 39
12 13 39
14 13 39
15 13 39
1 0 40
2 0 40
3 0 40
4 0 40
7 0 40
8 0 40
9 0 40
12 0 40
14 0 40
15 0 40
1 5 41
2 5 41
3 5 41
4 5 41
7 5 41
8 5 41
9 5 41
12 5 41
14 5 41
15 5 41
1 13 42
2 13 42
3 13 42
4 13 42
7 13 42
8 13 42
9 13 42
12 13 42
14 13 42
15 13 42
1 0 43
2 0 43
3 0 43
4 0 43
7 0 43
8 0 43
9 0 43
12 0 43
14 0 43
15 0 43
1 5 44
2 5 44
3 5 44
4 5 44
7 5 44
8 5 44
9 5 44
12 5 44
14 5 44
15 5 44
1 13 45
2 13 45
3 13 45
4 13 45
7 13 45
8 13 45
9 13 45
12 13 45
14 13 45
15 13 45
1 0 46
2 0 46
3 0 46
4 0 46
7 0 46
8 0 46
9 0 46
12 0 46
14 0 46
15 0 46
1 5 47
2 5 47
3 5 47
4 5 47
7 5 47
8 5 47
9 5 47
12 5 47
14 5 47
15 5 47
1 13 48
2 13 48
3 13 48
4 13 48
7 13 48
8 13 48
9 13 48
12 13 48
14 13 48
15 13 48
1 0 49
2 0 49
3 0 49
4 0 49
7 0 49
8 0 49
9 0 49
12 0 49
14 0 49
15 0 49
1 5 50
2 5 50
3 5 50
4 5 50
7 5 50
8 5 50
9 5 50
12 5 50
14 5 50
15 5 50
1 13 51
2 13 51
3 13 51
4 13 51
7 13 51
8 13 51
9 13 51
12 13 51
14 13 51
15 13 51
1 0 52
2 0 52
3 0 52
4 0 52
7 0 52
8 0 52
9 0 52
12 0 52
14 0 52
15 0 52
1 5 53
2 5 53
3 5 53
4 5 53
7 5 53
8 5 53
9 5 53
12 5 53
14 5 53
15 5 53
1 13 54
2 13 54
3 13 54
4 13 54
7 13 54
8 13 54
9 13 54
12 13 54
14 13 54
15 13 54
1 0 55
2 0 55
3 0 55
4 0 55
7 0 55
8 0 55
9 0 55
12 0 55
14 0 55
15 0 55
1 5 56
2 5 56
3 5 56
4 5 56
7 5 56
8 5 56
9 5 56
12 5 56
14 5 56
15 5 56
1 13 57
2 13 57
3 13 57
4 13 57
7 13 57
8 13 57
9 13 57
12 13 57
14 13 57
15 13 57
1 0 58
2 0 58
3 0 58
4 0 58
7 0 58
8 0 58
9 0 58
12 0 58
14 0 58
15 0 58
1 5 59
2 5 59
3 5 59
4 5 59
7 5 59
8 5 59
9 5 59
12 5 59
14 5 59
15 5 59
1 13 60
2 13 60
3 13 60
4 13 60
7 13 60
8 13 60
9 13 60
12 13 60
14 13 60
15 13 60
1 0 61
2 0 61
3 0 61
4 0 61
7 0 61
8 0 61
9 0 61
12 0 61
14 0 61
15 0 61
1 5 62
2 5 62
3 5 62
4 5 62
7 5 62
8 5 62
9 5 62
12 5 62
14 5 62
15 5 62
1 13 63
2 13 63
3 13 63
4 13 63
7 13 63
8 13 63
9 13 63
12 13 63
14 13 63
15 13 63
1 0 64
2 0 64
3 0 64
4 0 64
7 0 64
8 0 64
9 0 64
12 0 64
14 0 64
15 0 64
1 5 65
2 5 65
3 5 65
4 5 65
7 5 65
8 5 65
9 5 65
12 5 65
14 5 65
15 5 65
1 13 66
2 13 66
3 13 66
4 13 66
7 13 66
8 13 66
9 13 66
12 13 66
14 13 66
15 13 66
1 0 67
2 0 67
3 0 67
4 0 67
7 0 67
8 0 67
9 0 67
12 0 67
14 0 67
15 0 67
1 5 68
2 5 68
3 5 68
4 5 68
7 5 68
8 5 68
9 5 68
12 5 68
14 5 68
15 5 68
1 13 69
2 13 69
3 13 69
4 13 69
7 13 69
8 13 69
9 13 69
12 13 69
14 13 69
15 13 69
1 0 70
2 0 70
3 0 70
4 0 70
7 0 70
8 0 70
9 0 70
12 0 70
14 0 70
15 0 70
1 5 71
2 5 71
3 5 71
4 5 71
7 5 71
8 5 71
9 5 71
12 5 71
14 5 71
15 5 71
1 13 72
2 13 72
3 13 72
4 13 72
7 13 72
8 13 72
9 13 72
12 13 72
14 13 72
15 13 72
1 0 73
2 0 73
3 0 73
4 0 73
7 0 73
8 0 73
9 0 73
12 0 73
14 0 73
15 0 73
1 5 74
2 5 74
3 5 74
4 5 74
7 5 74
8 5 74
9 5 74
12 5 74
14 5 74
15 5 74
1 13 75
2 13 75
3 13 75
4 13 75
7 13 75
8 13 75
9 13 75
12 13 75
14 13 75
15 13 75
1 0 76
2 0 76
3 0 76
4 0 76
7 0 76
8 0 76
9 0 76
12 0 76
14 0 76
15 0 76
1 5 77
2 5 77
3 5 77
4 5 77
7 5 77
8 5 77
9 5 77
12 5 77
14 5 77
15 5 77
1 13 78
2 13 78
3 13 78
4 13 78
7 13 78
8 13 78
9 13 78
12 13 78
14 13 78
15 13 78
1 0 79
2 0 79
3 0 79
4 0 79
7 0 79
8 0 79
9 0 79
12 0 79
14 0 79
15 0 79
1 5 80
2 5 80
3 5 80
4 5 80
7 5 80
8 5 80
9 5 80
12 5 80
14 5 80
15 5 80
1 13 81
2 13 81
3 13 81
4 13 81
7 13 81
8 13 81
9 13 81
12 13 81
14 13 81
15 13 81
1 0 82
2 0 82
3 0 82
4 0 82
7 0 82
8 0 82
9 0 82
12 0 82
14 0 82
15 0 82
1 5 83
2 5 83
3 5 83
4 5 83
7 5 83
8 5 83
9 5 83
12 5 83
14 5 83
15 5 83
1 13 84
2 13 84
3 13 84
4 13 84
7 13 84
8 13 84
9 13 84
12 13 84
14 13 84
15 13 84
1 0 85
2 0 85
3 0 85
4 0 85
7 0 85
8 0 85
9 0 85
12 0 85
14 0 85
15 0 85
1 5 86
2 5 86
3 5 86
4 5 86
7 5 86
8 5 86
9 5 86
12 5 86
14 5 86
15 5 86
1 13 87
2 13 87
3 13 87
4 13 87
7 13 87
8 13 87
9 13 87
12 13 87
14 13 87
15 13 87
1 0 88
2 0 88
3 0 88
4 0 88
7 0 88
8 0 88
9 0 88
12 0 88
14 0 88
15 0 88
1 5 89
2 5 89
3 5 89
4 5 89
7 5 89
8 5 89
9 5 89
12 5 89
14 5 89
15 5 89
1 13 90
2 13 90
3 13 90
4 13 90
7 13 90
8 13 90
9 13 90
12 13 90
14 13 90
15 13 90
1 0 91
2 0 91
3 0 91
4 0 91
7 0 91
8 0 91
9 0 91
12 0 91
14 0 91
15 0 91
1 5 92
2 5 92
3 5 92
4 5 92
7 5 92
8 5 92
9 5 92
12 5 92
14 5 92
15 5 92
1 13 93
2 13 93
3 13 93
4 13 93
7 13 93
8 13 93
9 13 93
12 13 93
14 13 93
15 13 93
1 0 94
2 0 94
3 0 94
4 0 94
7 0 94
8 0 94
9 0 94
12 0 94
14 0 94
15 0 94
1 5 95
2 5 95
3 5 95
4 5 95
7 5 95
8 5 95
9 5 95
12 5 95
14 5 95
15 5 95
1 13 96
2 13 96
3 13 96
4 13 96
7 13 96
8 13 96
9 13 96
12 13 96
14 13 96
15 13 96
1 0 97
2 0 97
3 0 97
4 0 97
7 0 97
8 0 97
9 0 97
12 0 97
14 0 97
15 0 97
1 5 98
2 5 98
3 5 98
4 5 98
7 5 98
8 5 98
9 5 98
12 5 98
14 5 98
15 5 98
1 13 99
2 13 99
3 13 99
4 13 99
7 13 99
8 13 99
9 13 99
12 13 99
14 13 99
15 13 99
1 0 100
2 0 100
3 0 100
4 0 100
7 0 100
8 0 100
9 0 100
12 0 100
14 0 100
15 0 100
1 5 101
2 5 101
3 5 101
4 5 101
7 5 101
8 5 101
9 5 101
12 5 101
14 5 101
15 5 101
1 13 102
2 13 102
3 13 102
4 13 102
7 13 102
8 13 102
9 13 102
12 13 102
14 13 102
15 13 102
1 0 103
2 0 103
3 0 103
4 0 103
7 0 103
8 0 103
9 0 103
12 0 103
14 0 103
15 0 103
1 5 104
2 5 104
3 5 104
4 5 104
7 5 104
8 5 104
9 5 104
12 5 104
14 5 104
15 5 104
1 13 105
2 13 105
3 13 105
4 13 105
7 13 105
8 13 105
9 13 105
12 13 105
14 13 105
15 13 105
1 0 106
2 0 106
3 0 106
4 0 106
7 0 106
8 0 106
9 0 106
12 0 106
14 0 106
15 0 106
1 5 107
2 5 107
3 5 107
4 5 107
7 5 107
8 5 107
9 5 107
12 5 107
14 5 107
15 5 107
1 13 108
2 13 108
3 13 108
4 13 108
7 13 108
8 13 108
9 13 108
12 13 108
14 13 108
15 13 108
1 0 109
2 0 109
3 0 109
4 0 109
7 0 109
8 0 109
9 0 109
12 0 109
14 0 109
15 0 109
1 5 110
2 5 110
3 5 110
4 5 110
7 5 110
8 5 110
9 5 110
12 5 110
14 5 110
15 5 110
1 13 111
2 13 111
3 13 111
4 13 111
7 13 111
8 13 111
9 13 111
12 13 111
14 13 111
15 13 111
1 0 112
2 0 112
3 0 112
4 0 112
7 0 112
8 0 112
9 0 112
12 0 112
14 0 112
15 0 112
1 5 113
2 5 113
3 5 113
4 5 113
7 5 113
8 5 113
9 5 113
12 5 113
14 5 113
15 5 113
1 13 114
2 13 114
3 13 114
4 13 114
7 13 114
8 13 114
9 13 114
12 13 114
14 13 114
15 13 114
1 0 115
2 0 115
3 0 115
4 0 115
7 0 115
8 0 115
9 0 115
12 0 115
14 0 115
15 0 115
1 5 116
2 5 116
3 5 116
4 5 116
7 5 116
8 5 116
9 5 116
12 5 116
14 5 116
15 5 116
1 13 117
2 13 117
3 13 117
4 13 117
7 13 117
8 13 117
9 13 117
12 13 117
14 13 117
15 13 117
1 0 118
2 0 118
3 0 118
4 0 118
7 0 118
8 0 118
9 0 118
12 0 118
14 0 118
15 0 118
1 5 119
2 5 119
3 5 119
4 5 119
7 5 119
8 5 119
9 5 119
12 5 119
14 5 119
15 5 119
1 13 120
2 13 120
3 13 120
4 13 120
7 13 120
8 13 120
9 13 120
12 13 120
14 13 120
15 13 120
1 0 121
2 0 121
3 0 121
4 0 121
7 0 121
8 0 121
9 0 121
12 0 121
14 0 121
15 0 121
1 5 122
2 5 122
3 5 122
4 5 122
7 5 122
8 5 122
9 5 122
12 5 122
14 5 122
15 5 122
1 13 123
2 13 123
3 13 123
4 13 123
7 13 123
8 13 123
9 13 123
12 13 123
14 13 123
15 13 123
1 0 124
2 0 124
3 0 124
4 0 124
7 0 124
8 0 124
9 0 124
12 0 124
14 0 124
15 0 124
1 5 125
2 5 125
3 5 125
4 5 125
7 5 125
8 5 125
9 5 125
12 5 125
14 5 125
15 5 125
1 13 126
2 13 126
3 13 126
4 13 126
7 13 126
8 13 126
9 13 126
12 13 126
14 13 126
15 13 126
1 0 127
2 0 127
3 0 127
4 0 127
7 0 127
8 0 127
9 0 127
12 0 127
14 0 127
15 0 127
1 5 128
2 5 128
3 5 128
4 5 128
7 5 128
8 5 128
9 5 128
12 5 128
14 5 128
15 5 128
1 13 129
2 13 129
3 13 129
4 13 129
7 13 129
8 13 129
9 13 129
12 13 129
14 13 129
15 13 129
1 0 130
2 0 130
3 0 130
4 0 130
7 0 130
8 0 130
9 0 130
12 0 130
14 0 130
15 0 130
1 5 131
2 5 131
3 5 131
4 5 131
7 5 131
8 5 131
9 5 131
12 5 131
14 5 131
15 5 131
1 13 132
2 13 132
3 13 132
4 13 132
7 13 132
8 13 132
9 13 132
12 13 132
14 13 132
15 13 132
1 0 133
2 0 133
3 0 133
4 0 133
7 0 133
8 0 133
9 0 133
12 0 133
14 0 133
15 0 133
1 5 134
2 5 134
3 5 134
4 5 134
7 5 134
8 5 134
9 5 134
12 5 134
14 5 134
15 5 134
1 13 135
2 13 135
3 13 135
4 13 135
7 13 135
8 13 135
9 13 135
12 13 135
14 13 135
15 13 135
1 0 136
2 0 136
3 0 136
4 0 136
7 0 136
8 0 136
9 0 136
12 0 136
14 0 136
15 0 136
1 5 137
2 5 137
3 5 137
4 5 137
7 5 137
8 5 137
9 5 137
12 5 137
14 5 137
15 5 137
1 13 138
2 13 138
3 13 138
4 13 138
7 13 138
8 13 138
9 13 138
12 13 138
14 13 138
15 13 138
1 0 139
2 0 139
3 0 139
4 0 139
7 0 139
8 0 139
9 0 139
12 0 139
14 0 139
15 0 139
1 5 140
2 5 140
3 5 140
4 5 140
7 5 140
8 5 140
9 5 140
12 5 140
14 5 140
15 5 140
1 13 141
2 13 141
3 13 141
4 13 141
7 13 141
8 13 141
9 13 141
12 13 141
14 13 141
15 13 141
1 0 142
2 0 142
3 0 142
4 0 142
7 0 142
8 0 142
9 0 142
12 0 142
14 0 142
15 0 142
1 5 143
2 5 143
3 5 143
4 5 143
7 5 143
8 5 143
9 5 143
12 5 143
14 5 143
15 5 143
1 13 144
2 13 144
3 13 144
4 13 144
7 13 144
8 13 144
9 13 144
12 13 144
14 13 144
15 13 144
1 0 145
2 0 145
3 0 145
4 0 145
7 0 145
8 0 145
9 0 145
12 0 145
14 0 145
15 0 145
1 5 146
2 5 146
3 5 146
4 5 146
7 5 146
8 5 146
9 5 146
12 5 146
14 5 146
15 5 146
1 13 147
2 13 147
3 13 147
4 13 147
7 13 147
8 13 147
9 13 147
12 13 147
14 13 147
15 13 147
1 0 148
2 0 148
3 0 148
4 0 148
7 0 148
8 0 148
9 0 148
12 0 148
14 0 148
15 0 148
1 5 149
2 5 149
3 5 149
4 5 149
7 5 149
8 5 149
9 5 149
12 5 149
14 5 149
15 5 149
1 13 150
2 13 150
3 13 150
4 13 150
7 13 150
8 13 150
9 13 150
12 13 150
14 13 150
15 13 150
1 0 151
2 0 151
3 0 151
4 0 151
7 0 151
8 0 151
9 0 151
12 0 151
14 0 151
15 0 151
1 5 152
2 5 152
3 5 152
4 5 152
7 5 152
8 5 152
9 5 152
12 5 152
14 5 152
15 5 152
1 13 153
2 13 153
3 13 153
4 13 153
7 13 153
8 13 153
9 13 153
12 13 153
14 13 153
15 13 153
1 0 154
2 0 154
3 0 154
4 0 154
7 0 154
8 0 154
9 0 154
12 0 154
14 0 154
15 0 154
1 5 155
2 5 155
3 5 155
4 5 155
7 5 155
8 5 155
9 5 155
12 5 155
14 5 155
15 5 155
1 13 156
2 13 156
3 13 156
4 13 156
7 13 156
8 13 156
9 13 156
12 13 156
14 13 156
15 13 156
1 0 157
2 0 157
3 0 157
4 0 157
7 0 157
8 0 157
9 0 157
12 0 157
14 0 157
15 0 157
1 5 158
2 5 158
3 5 158
4 5 158
7 5 158
8 5 158
9 5 158
12 5 158
14 5 158
15 5 158
1 13 159
2 13 159
3 13 159
4 13 159
7 13 159
8 13 159
9 13 159
12 13 159
14 13 159
15 13 159
1 0 160
2 0 160
3 0 160
4 0 160
7 0 160
8 0 160
9 0 160
12 0 160
14 0 160
15 0 160
1 5 161
2 5 161
3 5 161
4 5 161
7 5 161
8 5 161
9 5 161
12 5 161
14 5 161
15 5 161
1 13 162
2 13 162
3 13 162
4 13 162
7 13 162
8 13 162
9 13 162
12 13 162
14 13 162
15 13 162
1 0 163
2 0 163
3 0 163
4 0 163
7 0 163
8 0 163
9 0 163
12 0 163
14 0 163
15 0 163
1 5 164
2 5 164
3 5 164
4 5 164
7 5 164
8 5 164
9 5 164
12 5 164
14 5 164
15 5 164
1 13 165
2 13 165
3 13 165
4 13 165
7 13 165
8 13 165
9 13 165
12 13 165
14 13 165
15 13 165
1 0 166
2 0 166
3 0 166
4 0 166
7 0 166
8 0 166
9 0 166
12 0 166
14 0 166
15 0 166
1 5 167
2 5 167
3 5 167
4 5 167
7 5 167
8 5 167
9 5 167
12 5 167
14 5 167
15 5 167
1 13 168
2 13 168
3 13 168
4 13 168
7 13 168
8 13 168
9 13 168
12 13 168
14 13 168
15 13 168
1 0 169
2 0 169
3 0 169
4 0 169
7 0 169
8 0 169
9 0 169
12 0 169
14 0 169
15 0 169
1 5 170
2 5 170
3 5 170
4 5 170
7 5 170
8 5 170
9 5 170
12 5 170
14 5 170
15 5 170
1 13 171
2 13 171
3 13 171
4 13 171
7 13 171
8 13 171
9 13 171
12 13 171
14 13 171
15 13 171
1 0 172
2 0 172
3 0 172
4 0 172
7 0 172
8 0 172
9 0 172
12 0 172
14 0 172
15 0 172
1 5 173
2 5 173
3 5 173
4 5 173
7 5 173
8 5 173
9 5 173
12 5 173
14 5 173
15 5 173
1 13 174
2 13 174
3 13 174
4 13 174
7 13 174
8 13 174
9 13 174
12 13 174
14 13 174
15 13 174
1 0 175
2 0 175
3 0 175
4 0 175
7 0 175
8 0 175
9 0 175
12 0 175
14 0 175
15 0 175
1 5 176
2 5 176
3 5 176
4 5 176
7 5 176
8 5 176
9 5 176
12 5 176
14 5 176
15 5 176
1 13 177
2 13 177
3 13 177
4 13 177
7 13 177
8 13 177
9 13 177
12 13 177
14 13 177
15 13 177
1 0 178
2 0 178
3 0 178
4 0 178
7 0 178
8 0 178
9 0 178
12 0 178
14 0 178
15 0 178
1 5 179
2 5 179
3 5 179
4 5 179
7 5 179
8 5 179
9 5 179
12 5 179
14 5 179
15 5 179
1 13 180
2 13 180
3 13 180
4 13 180
7 13 180
8 13 180
9 13 180
12 13 180
14 13 180
15 13 180
1 0 181
2 0 181
3 0 181
4 0 181
7 0 181
8 0 181
9 0 181
12 0 181
14 0 181
15 0 181
1 5 182
2 5 182
3 5 182
4 5 182
7 5 182
8 5 182
9 5 182
12 5 182
14 5 182
15 5 182
1 13 183
2 13 183
3 13 183
4 13 183
7 13 183
8 13 183
9 13 183
12 13 183
14 13 183
15 13 183
1 0 184
2 0 184
3 0 184
4 0 184
7 0 184
8 0 184
9 0 184
12 0 184
14 0 184
15 0 184
1 5 185
2 5 185
3 5 185
4 5 185
7 5 185
8 5 185
9 5 185
12 5 185
14 5 185
15 5 185
1 13 186
2 13 186
3 13 186
4 13 186
7 13 186
8 13 186
9 13 186
12 13 186
14 13 186
15 13 186
1 0 187
2 0 187
3 0 187
4 0 187
7 0 187
8 0 187
9 0 187
12 0 187
14 0 187
15 0 187
1 5 188
2 5 188
3 5 188
4 5 188
7 5 188
8 5 188
9 5 188
12 5 188
14 5 188
15 5 188
1 13 189
2 13 189
3 13 189
4 13 189
7 13 189
8 13 189
9 13 189
12 13 189
14 13 189
15 13 189
1 0 190
2 0 190
3 0 190
4 0 190
7 0 190
8 0 190
9 0 190
12 0 190
14 0 190
15 0 190
1 5 191
2 5 191
3 5 191
4 5 191
7 5 191
8 5 191
9 5 191
12 5 191
14 5 191
15 5 191
1 13 192
2 13 192
3 13 192
4 13 192
7 13 192
8 13 192
9 13 192
12 13 192
14 13 192
15 13 192
1 0 193
2 0 193
3 0 193
4 0 193
7 0 193
8 0 193
9 0 193
12 0 193
14 0 193
15 0 193
1 5 194
2 5 194
3 5 194
4 5 194
7 5 194
8 5 194
9 5 194
12 5 194
14 5 194
15 5 194
1 13 195
2 13 195
3 13 195
4 13 195
7 13 195
8 13 195
9 13 195
12 13 195
14 13 195
15 13 195
1 0 196
2 0 196
3 0 196
4 0 196
7 0 196
8 0 196
9 0 196
12 0 196
14 0 196
15 0 196
1 5 197
2 5 197
3 5 197
4 5 197
7 5 197
8 5 197
9 5 197
12 5 197
14 5 197
15 5 197
1 13 198
2 13 198
3 13 198
4 13 198
7 13 198
8 13 198
9 13 198
12 13 198
14 13 198
15 13 198
1 0 199
2 0 199
3 0 199
4 0 199
7 0 199
8 0 199
9 0 199
12 0 199
14 0 199
15 0 199
1 5 200
2 5 200
3 5 200
4 5 200
7 5 200
8 5 200
9 5 200
12 5 200
14 5 200
15 5 200
1 13 201
2 13 201
3 13 201
4 13 201
7 13 201
8 13 201
9 13 201
12 13 201
14 13 201
15 13 201
1 0 202
2 0 202
3 0 202
4 0 202
7 0 202
8 0 202
9 0 202
12 0 202
14 0 202
15 0 202
1 5 203
2 5 203
3 5 203
4 5 203
7 5 203
8 5 203
9 5 203
12 5 203
14 5 203
15 5 203
1 13 204
2 13 204
3 13 204
4 13 204
7 13 204
8 13 204
9 13 204
12 13 204
14 13 204
15 13 204
1 0 205
2 0 205
3 0 205
4 0 205
7 0 205
8 0 205
9 0 205
12 0 205
14 0 205
15 0 205
1 5 206
2 5 206
3 5 206
4 5 206
7 5 206
8 5 206
9 5 206
12 5 206
14 5 206
15 5 206
1 13 207
2 13 207
3 13 207
4 13 207
7 13 207
8 13 207
9 13 207
12 13 207
14 13 207
15 13 207
1 0 208
2 0 208
3 0 208
4 0 208
7 0 208
8 0 208
9 0 208
12 0 208
14 0 208
15 0 208
1 5 209
2 5 209
3 5 209
4 5 209
7 5 209
8 5 209
9 5 209
12 5 209
14 5 209
15 5 209
1 13 210
2 13 210
3 13 210
4 13 210
7 13 210
8 13 210
9 13 210
12 13 210
14 13 210
15 13 210
1 0 211
2 0 211
3 0 211
4 0 211
7 0 211
8 0 211
9 0 211
12 0 211
14 0 211
15 0 211
1 5 212
2 5 212
3 5 212
4 5 212
7 5 212
8 5 212
9 5 212
12 5 212
14 5 212
15 5 212
1 13 213
2 13 213
3 13 213
4 13 213
7 13 213
8 13 213
9 13 213
12 13 213
14 13 213
15 13 213
1 0 214
2 0 214
3 0 214
4 0 214
7 0 214
8 0 214
9 0 214
12 0 214
14 0 214
15 0 214
1 5 215
2 5 215
3 5 215
4 5 215
7 5 215
8 5 215
9 5 215
12 5 215
14 5 215
15 5 215
1 13 216
2 13 216
3 13 216
4 13 216
7 13 216
8 13 216
9 13 216
12 13 216
14 13 216
15 13 216
1 0 217
2 0 217
3 0 217
4 0 217
7 0 217
8 0 217
9 0 217
12 0 217
14 0 217
15 0 217
1 5 218
2 5 218
3 5 218
4 5 218
7 5 218
8 5 218
9 5 218
12 5 218
14 5 218
15 5 218
1 13 219
2 13 219
3 13 219
4 13 219
7 13 219
8 13 219
9 13 219
12 13 219
14 13 219
15 13 219
1 0 220
2 0 220
3 0 220
4 0 220
7 0 220
8 0 220
9 0 220
12 0 220
14 0 220
15 0 220
1 5 221
2 5 221
3 5 221
4 5 221
7 5 221
8 5 221
9 5 221
12 5 221
14 5 221
15 5 221
1 13 222
2 13 222
3 13 222
4 13 222
7 13 222
8 13 222
9 13 222
12 13 222
14 13 222
15 13 222
1 0 223
2 0 223
3 0 223
4 0 223
7 0 223
8 0 223
9 0 223
12 0 223
14 0 223
15 0 223
1 5 224
2 5 224
3 5 224
4 5 224
7 5 224
8 5 224
9 5 224
12 5 224
14 5 224
15 5 224
1 13 225
2 13 225
3 13 225
4 13 225
7 13 225
8 13 225
9 13 225
12 13 225
14 13 225
15 13 225
1 0 226
2 0 226
3 0 226
4 0 226
7 0 226
8 0 226
9 0 226
12 0 226
14 0 226
15 0 226
1 5 227
2 5 227
3 5 227
4 5 227
7 5 227
8 5 227
9 5 227
12 5 227
14 5 227
15 5 227
1 13 228
2 13 228
3 13 228
4 13 228
7 13 228
8 13 228
9 13 228
12 13 228
14 13 228
15 13 228
1 0 229
2 0 229
3 0 229
4 0 229
7 0 229
8 0 229
9 0 229
12 0 229
14 0 229
15 0 229
1 5 230
2 5 230
3 5 230
4 5 230
7 5 230
8 5 230
9 5 230
12 5 230
14 5 230
15 5 230
1 13 231
2 13 231
3 13 231
4 13 231
7 13 231
8 13 231
9 13 231
12 13 231
14 13 231
15 13 231
1 0 232
2 0 232
3 0 232
4 0 232
7 0 232
8 0 232
9 0 232
12 0 232
14 0 232
15 0 232
1 5 233
2 5 233
3 5 233
4 5 233
7 5 233
8 5 233
9 5 233
12 5 233
14 5 233
15 5 233
1 13 234
2 13 234
3 13 234
4 13 234
7 13 234
8 13 234
9 13 234
12 13 234
14 13 234
15 13 234
1 0 235
2 0 235
3 0 235
4 0 235
7 0 235
8 0 235
9 0 235
12 0 235
14 0 235
15 0 235
1 5 236
2 5 236
3 5 236
4 5 236
7 5 236
8 5 236
9 5 236
12 5 236
14 5 236
15 5 236
1 13 237
2 13 237
3 13 237
4 13 237
7 13 237
8 13 237
9 13 237
12 13 237
14 13 237
15 13 237
1 0 238
2 0 238
3 0 238
4 0 238
7 0 238
8 0 238
9 0 238
12 0 238
14 0 238
15 0 238
1 5 239
2 5 239
3 5 239
4 5 239
7 5 239
8 5 239
9 5 239
12 5 239
14 5 239
15 5 239
1 13 240
2 13 240
3 13 240
4 13 240
7 13 240
8 13 240
9 13 240
12 13 240
14 13 240
15 13 240
1 0 241
2 0 241
3 0 241
4 0 241
7 0 241
8 0 241
9 0 241
12 0 241
14 0 241
15 0 241
1 5 242
2 5 242
3 5 242
4 5 242
7 5 242
8 5 242
9 5 242
12 5 242
14 5 242
15 5 242
1 13 243
2 13 243
3 13 243
4 13 243
7 13 243
8 13 243
9 13 243
12 13 243
14 13 243
15 13 243
1 0 244
2 0 244
3 0 244
4 0 244
7 0 244
8 0 244
9 0 244
12 0 244
14 0 244
15 0 244
1 5 245
2 5 245
3 5 245
4 5 245
7 5 245
8 5 245
9 5 245
12 5 245
14 5 245
15 5 245
1 13 246
2 13 246
3 13 246
4 13 246
7 13 246
8 13 246
9 13 246
12 13 246
14 13 246
15 13 246
1 0 247
2 0 247
3 0 247
4 0 247
7 0 247
8 0 247
9 0 247
12 0 247
14 0 247
15 0 247
1 5 248
2 5 248
3 5 248
4 5 248
7 5 248
8 5 248
9 5 248
12 5 248
14 5 248
15 5 248
1 13 249
2 13 249
3 13 249
4 13 249
7 13 249
8 13 249
9 13 249
12 13 249
14 13 249
15 13 249
1 0 250
2 0 250
3 0 250
4 0 250
7 0 250
8 0 250
9 0 250
12 0 250
14 0 250
15 0 250
1 5 251
2 5 251
3 5 251
4 5 251
7 5 251
8 5 251
9 5 251
12 5 251
14 5 251
15 5 251
1 13 252
2 13 252
3 13 252
4 13 252
7 13 252
8 13 252
9 13 252
12 13 252
14 13 252
15 13 252
1 0 253
2 0 253
3 0 253
4 0 253
7 0 253
8 0 253
9 0 253
12 0 253
14 0 253
15 0 253
1 5 254
2 5 254
3 5 254
4 5 254
7 5 254
8 5 254
9 5 254
12 5 254
14 5 254
15 5 254
1 13 255
2 13 255
3 13 255
4 13 255
7 13 255
8 13 255
9 13 255
12 13 255
14 13 255
15 13 255
1 0 256
2 0 256
3 0 256
4 0 256
7 0 256
8 0 256
9 0 256
12 0 256
14 0 256
15 0 256
1 5 257
2 5 257
3 5 257
4 5 257
7 5 257
8 5 257
9 5 257
12 5 257
14 5 257
15 5 257
1 13 258
2 13 258
3 13 258
4 13 258
7 13 258
8 13 258
9 13 258
12 13 258
14 13 258
15 13 258
1 0 259
2 0 259
3 0 259
4 0 259
7 0 259
8 0 259
9 0 259
12 0 259
14 0 259
15 0 259
1 5 260
2 5 260
3 5 260
4 5 260
7 5 260
8 5 260
9 5 260
12 5 260
14 5 260
15 5 260
1 13 261
2 13 261
3 13 261
4 13 261
7 13 261
8 13 261
9 13 261
12 13 261
14 13 261
15 13 261
1 0 262
2 0 262
3 0 262
4 0 262
7 0 262
8 0 262
9 0 262
12 0 262
14 0 262
15 0 262
1 5 263
2 5 263
3 5 263
4 5 263
7 5 263
8 5 263
9 5 263
12 5 263
14 5 263
15 5 263
1 13 264
2 13 264
3 13 264
4 13 264
7 13 264
8 13 264
9 13 264
12 13 264
14 13 264
15 13 264
1 0 265
2 0 265
3 0 265
4 0 265
7 0 265
8 0 265
9 0 265
12 0 265
14 0 265
15 0 265
1 5 266
2 5 266
3 5 266
4 5 266
7 5 266
8 5 266
9 5 266
12 5 266
14 5 266
15 5 266
1 13 267
2 13 267
3 13 267
4 13 267
7 13 267
8 13 267
9 13 267
12 13 267
14 13 267
15 13 267
1 0 268
2 0 268
3 0 268
4 0 268
7 0 268
8 0 268
9 0 268
12 0 268
14 0 268
15 0 268
1 5 269
2 5 269
3 5 269
4 5 269
7 5 269
8 5 269
9 5 269
12 5 269
14 5 269
15 5 269
1 13 270
2 13 270
3 13 270
4 13 270
7 13 270
8 13 270
9 13 270
12 13 270
14 13 270
15 13 270
1 0 271
2 0 271
3 0 271
4 0 271
7 0 271
8 0 271
9 0 271
12 0 271
14 0 271
15 0 271
1 5 272
2 5 272
3 5 272
4 5 272
7 5 272
8 5 272
9 5 272
12 5 272
14 5 272
15 5 272
1 13 273
2 13 273
3 13 273
4 13 273
7 13 273
8 13 273
9 13 273
12 13 273
14 13 273
15 13 273
1 0 274
2 0 274
3 0 274
4 0 274
7 0 274
8 0 274
9 0 274
12 0 274
14 0 274
15 0 274
1 5 275
2 5 275
3 5 275
4 5 275
7 5 275
8 5 275
9 5 275
12 5 275
14 5 275
15 5 275
1 13 276
2 13 276
3 13 276
4 13 276
7 13 276
8 13 276
9 13 276
12 13 276
14 13 276
15 13 276
1 0 277
2 0 277
3 0 277
4 0 277
7 0 277
8 0 277
9 0 277
12 0 277
14 0 277
15 0 277
1 5 278
2 5 278
3 5 278
4 5 278
7 5 278
8 5 278
9 5 278
12 5 278
14 5 278
15 5 278
1 13 279
2 13 279
3 13 279
4 13 279
7 13 279
8 13 279
9 13 279
12 13 279
14 13 279
15 13 279
1 0 280
2 0 280
3 0 280
4 0 280
7 0 280
8 0 280
9 0 280
12 0 280
14 0 280
15 0 280
1 5 281
2 5 281
3 5 281
4 5 281
7 5 281
8 5 281
9 5 281
12 5 281
14 5 281
15 5 281
1 13 282
2 13 282
3 13 282
4 13 282
7 13 282
8 13 282
9 13 282
12 13 282
14 13 282
15 13 282
1 0 283
2 0 283
3 0 283
4 0 283
7 0 283
8 0 283
9 0 283
12 0 283
14 0 283
15 0 283
1 5 284
2 5 284
3 5 284
4 5 284
7 5 284
8 5 284
9 5 284
12 5 284
14 5 284
15 5 284
1 13 285
2 13 285
3 13 285
4 13 285
7 13 285
8 13 285
9 13 285
12 13 285
14 13 285
15 13 285
1 0 286
2 0 286
3 0 286
4 0 286
7 0 286
8 0 286
9 0 286
12 0 286
14 0 286
15 0 286
1 5 287
2 5 287
3 5 287
4 5 287
7 5 287
8 5 287
9 5 287
12 5 287
14 5 287
15 5 287
1 13 288
2 13 288
3 13 288
4 13 288
7 13 288
8 13 288
9 13 288
12 13 288
14 13 288
15 13 288
1 0 289
2 0 289
3 0 289
4 0 289
7 0 289
8 0 289
9 0 289
12 0 289
14 0 289
15 0 289
1 5 290
2 5 290
3 5 290
4 5 290
7 5 290
8 5 290
9 5 290
12 5 290
14 5 290
15 5 290
1 13 291
2 13 291
3 13 291
4 13 291
7 13 291
8 13 291
9 13 291
12 13 291
14 13 291
15 13 291
1 0 292
2 0 292
3 0 292
4 0 292
7 0 292
8 0 292
9 0 292
12 0 292
14 0 292
15 0 292
1 5 293
2 5 293
3 5 293
4 5 293
7 5 293
8 5 293
9 5 293
12 5 293
14 5 293
15 5 293
1 13 294
2 13 294
3 13 294
4 13 294
7 13 294
8 13 294
9 13 294
12 13 294
14 13 294
15 13 294
1 0 295
2 0 295
3 0 295
4 0 295
7 0 295
8 0 295
9 0 295
12 0 295
14 0 295
15 0 295
1 5 296
2 5 296
3 5 296
4 5 296
7 5 296
8 5 296
9 5 296
12 5 296
14 5 296
15 5 296
1 13 297
2 13 297
3 13 297
4 13 297
7 13 297
8 13 297
9 13 297
12 13 297
14 13 297
15 13 297
1 0 298
2 0 298
3 0 298
4 0 298
7 0 298
8 0 298
9 0 298
12 0 298
14 0 298
15 0 298
1 5 299
2 5 299
3 5 299
4 5 299
7 5 299
8 5 299
9 5 299
12 5 299
14 5 299
15 5 299
1 13 300
2 13 300
3 13 300
4 13 300
7 13 300
8 13 300
9 13 300
12 13 300
14 13 300
15 13 300
1 0 301
2 0 301
3 0 301
4 0 301
7 0 301
8 0 301
9 0 301
12 0 301
14 0 301
15 0 301
1 5 302
2 5 302
3 5 302
4 5 302
7 5 302
8 5 302
9 5 302
12 5 302
14 5 302
15 5 302
1 13 303
2 13 303
3 13 303
4 13 303
7 13 303
8 13 303
9 13 303
12 13 303
14 13 303
15 13 303
1 0 304
2 0 304
3 0 304
4 0 304
7 0 304
8 0 304
9 0 304
12 0 304
14 0 304
15 0 304
1 5 305
2 5 305
3 5 305
4 5 305
7 5 305
8 5 305
9 5 305
12 5 305
14 5 305
15 5 305
1 13 306
2 13 306
3 13 306
4 13 306
7 13 306
8 13 306
9 13 306
12 13 306
14 13 306
15 13 306
1 0 307
2 0 307
3 0 307
4 0 307
7 0 307
8 0 307
9 0 307
12 0 307
14 0 307
15 0 307
1 5 308
2 5 308
3 5 308
4 5 308
7 5 308
8 5 308
9 5 308
12 5 308
14 5 308
15 5 308
1 13 309
2 13 309
3 13 309
4 13 309
7 13 309
8 13 309
9 13 309
12 13 309
14 13 309
15 13 309
1 0 310
2 0 310
3 0 310
4 0 310
7 0 310
8 0 310
9 0 310
12 0 310
14 0 310
15 0 310
1 5 311
2 5 311
3 5 311
4 5 311
7 5 311
8 5 311
9 5 311
12 5 311
14 5 311
15 5 311
1 13 312
2 13 312
3 13 312
4 13 312
7 13 312
8 13 312
9 13 312
12 13 312
14 13 312
15 13 312
1 0 313
2 0 313
3 0 313
4 0 313
7 0 313
8 0 313
9 0 313
12 0 313
14 0 313
15 0 313
1 5 314
2 5 314
3 5 314
4 5 314
7 5 314
8 5 314
9 5 314
12 5 314
14 5 314
15 5 314
1 13 315
2 13 315
3 13 315
4 13 315
7 13 315
8 13 315
9 13 315
12 13 315
14 13 315
15 13 315
1 0 316
2 0 316
3 0 316
4 0 316
7 0 316
8 0 316
9 0 316
12 0 316
14 0 316
15 0 316
1 5 317
2 5 317
3 5 317
4 5 317
7 5 317
8 5 317
9 5 317
12 5 317
14 5 317
15 5 317
1 13 318
2 13 318
3 13 318
4 13 318
7 13 318
8 13 318
9 13 318
12 13 318
14 13 318
15 13 318
1 0 319
2 0 319
3 0 319
4 0 319
7 0 319
8 0 319
9 0 319
12 0 319
14 0 319
15 0 319
1 5 320
2 5 320
3 5 320
4 5 320
7 5 320
8 5 320
9 5 320
12 5 320
14 5 320
15 5 320
1 13 321
2 13 321
3 13 321
4 13 321
7 13 321
8 13 321
9 13 321
12 13 321
14 13 321
15 13 321
1 0 322
2 0 322
3 0 322
4 0 322
7 0 322
8 0 322
9 0 322
12 0 322
14 0 322
15 0 322
1 5 323
2 5 323
3 5 323
4 5 323
7 5 323
8 5 323
9 5 323
12 5 323
14 5 323
15 5 323
1 13 324
2 13 324
3 13 324
4 13 324
7 13 324
8 13 324
9 13 324
12 13 324
14 13 324
15 13 324
1 0 325
2 0 325
3 0 325
4 0 325
7 0 325
8 0 325
9 0 325
12 0 325
14 0 325
15 0 325
1 5 326
2 5 326
3 5 326
4 5 326
7 5 326
8 5 326
9 5 326
12 5 326
14 5 326
15 5 326
1 13 327
2 13 327
3 13 327
4 13 327
7 13 327
8 13 327
9 13 327
12 13 327
14 13 327
15 13 327
1 0 328
2 0 328
3 0 328
4 0 328
7 0 328
8 0 328
9 0 328
12 0 328
14 0 328
15 0 328
1 5 329
2 5 329
3 5 329
4 5 329
7 5 329
8 5 329
9 5 329
12 5 329
14 5 329
15 5 329
1 13 330
2 13 330
3 13 330
4 13 330
7 13 330
8 13 330
9 13 330
12 13 330
14 13 330
15 13 330
1 0 331
2 0 331
3 0 331
4 0 331
7 0 331
8 0 331
9 0 331
12 0 331
14 0 331
15 0 331
1 5 332
2 5 332
3 5 332
4 5 332
7 5 332
8 5 332
9 5 332
12 5 332
14 5 332
15 5 332
1 13 333
2 13 333
3 13 333
4 13 333
7 13 333
8 13 333
9 13 333
12 13 333
14 13 333
15 13 333
1 0 334
2 0 334
3 0 334
4 0 334
7 0 334
8 0 334
9 0 334
12 0 334
14 0 334
15 0 334
1 5 335
2 5 335
3 5 335
4 5 335
7 5 335
8 5 335
9 5 335
12 5 335
14 5 335
15 5 335
1 13 336
2 13 336
3 13 336
4 13 336
7 13 336
8 13 336
9 13 336
12 13 336
14 13 336
15 13 336
1 0 337
2 0 337
3 0 337
4 0 337
7 0 337
8 0 337
9 0 337
12 0 337
14 0 337
15 0 337
1 5 338
2 5 338
3 5 338
4 5 338
7 5 338
8 5 338
9 5 338
12 5 338
14 5 338
15 5 338
1 13 339
2 13 339
3 13 339
4 13 339
7 13 339
8 13 339
9 13 339
12 13 339
14 13 339
15 13 339
1 0 340
2 0 340
3 0 340
4 0 340
7 0 340
8 0 340
9 0 340
12 0 340
14 0 340
15 0 340
1 5 341
2 5 341
3 5 341
4 5 341
7 5 341
8 5 341
9 5 341
12 5 341
14 5 341
15 5 341
1 13 342
2 13 342
3 13 342
4 13 342
7 13 342
8 13 342
9 13 342
12 13 342
14 13 342
15 13 342
1 0 343
2 0 343
3 0 343
4 0 343
7 0 343
8 0 343
9 0 343
12 0 343
14 0 343
15 0 343
1 5 344
2 5 344
3 5 344
4 5 344
7 5 344
8 5 344
9 5 344
12 5 344
14 5 344
15 5 344
1 13 345
2 13 345
3 13 345
4 13 345
7 13 345
8 13 345
9 13 345
12 13 345
14 13 345
15 13 345
1 0 346
2 0 346
3 0 346
4 0 346
7 0 346
8 0 346
9 0 346
12 0 346
14 0 346
15 0 346
1 5 347
2 5 347
3 5 347
4 5 347
7 5 347
8 5 347
9 5 347
12 5 347
14 5 347
15 5 347
1 13 348
2 13 348
3 13 348
4 13 348
7 13 348
8 13 348
9 13 348
12 13 348
14 13 348
15 13 348
1 0 349
2 0 349
3 0 349
4 0 349
7 0 349
8 0 349
9 0 349
12 0 349
14 0 349
15 0 349
1 5 350
2 5 350
3 5 350
4 5 350
7 5 350
8 5 350
9 5 350
12 5 350
14 5 350
15 5 350
1 13 351
2 13 351
3 13 351
4 13 351
7 13 351
8 13 351
9 13 351
12 13 351
14 13 351
15 13 351
1 0 352
2 0 352
3 0 352
4 0 352
7 0 352
8 0 352
9 0 352
12 0 352
14 0 352
15 0 352
1 5 353
2 5 353
3 5 353
4 5 353
7 5 353
8 5 353
9 5 353
12 5 353
14 5 353
15 5 353
1 13 354
2 13 354
3 13 354
4 13 354
7 13 354
8 13 354
9 13 354
12 13 354
14 13 354
15 13 354
1 0 355
2 0 355
3 0 355
4 0 355
7 0 355
8 0 355
9 0 355
12 0 355
14 0 355
15 0 355
1 5 356
2 5 356
3 5 356
4 5 356
7 5 356
8 5 356
9 5 356
12 5 356
14 5 356
15 5 356
1 13 357
2 13 357
3 13 357
4 13 357
7 13 357
8 13 357
9 13 357
12 13 357
14 13 357
15 13 357
1 0 358
2 0 358
3 0 358
4 0 358
7 0 358
8 0 358
9 0 358
12 0 358
14 0 358
15 0 358
1 5 359
2 5 359
3 5 359
4 5 359
7 5 359
8 5 359
9 5 359
12 5 359
14 5 359
15 5 359
1 13 360
2 13 360
3 13 360
4 13 360
7 13 360
8 13 360
9 13 360
12 13 360
14 13 360
15 13 360
1 0 361
2 0 361
3 0 361
4 0 361
7 0 361
8 0 361
9 0 361
12 0 361
14 0 361
15 0 361
1 5 362
2 5 362
3 5 362
4 5 362
7 5 362
8 5 362
9 5 362
12 5 362
14 5 362
15 5 362
1 13 363
2 13 363
3 13 363
4 13 363
7 13 363
8 13 363
9 13 363
12 13 363
14 13 363
15 13 363
1 0 364
2 0 364
3 0 364
4 0 364
7 0 364
8 0 364
9 0 364
12 0 364
14 0 364
15 0 364
1 5 365
2 5 365
3 5 365
4 5 365
7 5 365
8 5 365
9 5 365
12 5 365
14 5 365
15 5 365
1 13 366
2 13 366
3 13 366
4 13 366
7 13 366
8 13 366
9 13 366
12 13 366
14 13 366
15 13 366
1 0 367
2 0 367
3 0 367
4 0 367
7 0 367
8 0 367
9 0 367
12 0 367
14 0 367
15 0 367
1 5 368
2 5 368
3 5 368
4 5 368
7 5 368
8 5 368
9 5 368
12 5 368
14 5 368
15 5 368
1 13 369
2 13 369
3 13 369
4 13 369
7 13 369
8 13 369
9 13 369
12 13 369
14 13 369
15 13 369
1 0 370
2 0 370
3 0 370
4 0 370
7 0 370
8 0 370
9 0 370
12 0 370
14 0 370
15 0 370
1 5 371
2 5 371
3 5 371
4 5 371
7 5 371
8 5 371
9 5 371
12 5 371
14 5 371
15 5 371
1 13 372
2 13 372
3 13 372
4 13 372
7 13 372
8 13 372
9 13 372
12 13 372
14 13 372
15 13 372
1 0 373
2 0 373
3 0 373
4 0 373
7 0 373
8 0 373
9 0 373
12 0 373
14 0 373
15 0 373
1 5 374
2 5 374
3 5 374
4 5 374
7 5 374
8 5 374
9 5 374
12 5 374
14 5 374
15 5 374
1 13 375
2 13 375
3 13 375
4 13 375
7 13 375
8 13 375
9 13 375
12 13 375
14 13 375
15 13 375
1 0 376
2 0 376
3 0 376
4 0 376
7 0 376
8 0 376
9 0 376
12 0 376
14 0 376
15 0 376
1 5 377
2 5 377
3 5 377
4 5 377
7 5 377
8 5 377
9 5 377
12 5 377
14 5 377
15 5 377
1 13 378
2 13 378
3 13 378
4 13 378
7 13 378
8 13 378
9 13 378
12 13 378
14 13 378
15 13 378
1 0 379
2 0 379
3 0 379
4 0 379
7 0 379
8 0 379
9 0 379
12 0 379
14 0 379
15 0 379
1 5 380
2 5 380
3 5 380
4 5 380
7 5 380
8 5 380
9 5 380
12 5 380
14 5 380
15 5 380
1 13 381
2 13 381
3 13 381
4 13 381
7 13 381
8 13 381
9 13 381
12 13 381
14 13 381
15 13 381
1 0 382
2 0 382
3 0 382
4 0 382
7 0 382
8 0 382
9 0 382
12 0 382
14 0 382
15 0 382
1 5 383
2 5 383
3 5 383
4 5 383
7 5 383
8 5 383
9 5 383
12 5 383
14 5 383
15 5 383
1 13 384
2 13 384
3 13 384
4 13 384
7 13 384
8 13 384
9 13 384
12 13 384
14 13 384
15 13 384
1 0 385
2 0 385
3 0 385
4 0 385
7 0 385
8 0 385
9 0 385
12 0 385
14 0 385
15 0 385
1 5 386
2 5 386
3 5 386
4 5 386
7 5 386
8 5 386
9 5 386
12 5 386
14 5 386
15 5 386
1 13 387
2 13 387
3 13 387
4 13 387
7 13 387
8 13 387
9 13 387
12 13 387
14 13 387
15 13 387
1 0 388
2 0 388
3 0 388
4 0 388
7 0 388
8 0 388
9 0 388
12 0 388
14 0 388
15 0 388
1 5 389
2 5 389
3 5 389
4 5 389
7 5 389
8 5 389
9 5 389
12 5 389
14 5 389
15 5 389
1 13 390
2 13 390
3 13 390
4 13 390
7 13 390
8 13 390
9 13 390
12 13 390
14 13 390
15 13 390
1 0 391
2 0 391
3 0 391
4 0 391
7 0 391
8 0 391
9 0 391
12 0 391
14 0 391
15 0 391
1 5 392
2 5 392
3 5 392
4 5 392
7 5 392
8 5 392
9 5 392
12 5 392
14 5 392
15 5 392
1 13 393
2 13 393
3 13 393
4 13 393
7 13 393
8 13 393
9 13 393
12 13 393
14 13 393
15 13 393
1 0 394
2 0 394
3 0 394
4 0 394
7 0 394
8 0 394
9 0 394
12 0 394
14 0 394
15 0 394
1 5 395
2 5 395
3 5 395
4 5 395
7 5 395
8 5 395
9 5 395
12 5 395
14 5 395
15 5 395
1 13 396
2 13 396
3 13 396
4 13 396
7 13 396
8 13 396
9 13 396
12 13 396
14 13 396
15 13 396
1 0 397
2 0 397
3 0 397
4 0 397
7 0 397
8 0 397
9 0 397
12 0 397
14 0 397
15 0 397
1 5 398
2 5 398
3 5 398
4 5 398
7 5 398
8 5 398
9 5 398
12 5 398
14 5 398
15 5 398
1 13 399
2 13 399
3 13 399
4 13 399
7 13 399
8 13 399
9 13 399
12 13 399
14 13 399
15 13 399
1 0 400
2 0 400
3 0 400
4 0 400
7 0 400
8 0 400
9 0 400
12 0 400
14 0 400
15 0 400
1 5 401
2 5 401
3 5 401
4 5 401
7 5 401
8 5 401
9 5 401
12 5 401
14 5 401
15 5 401
1 13 402
2 13 402
3 13 402
4 13 402
7 13 402
8 13 402
9 13 402
12 13 402
14 13 402
15 13 402
1 0 403
2 0 403
3 0 403
4 0 403
7 0 403
8 0 403
9 0 403
12 0 403
14 0 403
15 0 403
1 5 404
2 5 404
3 5 404
4 5 404
7 5 404
8 5 404
9 5 404
12 5 404
14 5 404
15 5 404
1 13 405
2 13 405
3 13 405
4 13 405
7 13 405
8 13 405
9 13 405
12 13 405
14 13 405
15 13 405
1 0 406
2 0 406
3 0 406
4 0 406
7 0 406
8 0 406
9 0 406
12 0 406
14 0 406
15 0 406
1 5 407
2 5 407
3 5 407
4 5 407
7 5 407
8 5 407
9 5 407
12 5 407
14 5 407
15 5 407
1 13 408
2 13 408
3 13 408
4 13 408
7 13 408
8 13 408
9 13 408
12 13 408
14 13 408
15 13 408
1 0 409
2 0 409
3 0 409
4 0 409
7 0 409
8 0 409
9 0 409
12 0 409
14 0 409
15 0 409
1 5 410
2 5 410
3 5 410
4 5 410
7 5 410
8 5 410
9 5 410
12 5 410
14 5 410
15 5 410
1 13 411
2 13 411
3 13 411
4 13 411
7 13 411
8 13 411
9 13 411
12 13 411
14 13 411
15 13 411
1 0 412
2 0 412
3 0 412
4 0 412
7 0 412
8 0 412
9 0 412
12 0 412
14 0 412
15 0 412
1 5 413
2 5 413
3 5 413
4 5 413
7 5 413
8 5 413
9 5 413
12 5 413
14 5 413
15 5 413
1 13 414
2 13 414
3 13 414
4 13 414
7 13 414
8 13 414
9 13 414
12 13 414
14 13 414
15 13 414
1 0 415
2 0 415
3 0 415
4 0 415
7 0 415
8 0 415
9 0 415
12 0 415
14 0 415
15 0 415
1 5 416
2 5 416
3 5 416
4 5 416
7 5 416
8 5 416
9 5 416
12 5 416
14 5 416
15 5 416
1 13 417
2 13 417
3 13 417
4 13 417
7 13 417
8 13 417
9 13 417
12 13 417
14 13 417
15 13 417
1 0 418
2 0 418
3 0 418
4 0 418
7 0 418
8 0 418
9 0 418
12 0 418
14 0 418
15 0 418
1 5 419
2 5 419
3 5 419
4 5 419
7 5 419
8 5 419
9 5 419
12 5 419
14 5 419
15 5 419
1 13 420
2 13 420
3 13 420
4 13 420
7 13 420
8 13 420
9 13 420
12 13 420
14 13 420
15 13 420
1 0 421
2 0 421
3 0 421
4 0 421
7 0 421
8 0 421
9 0 421
12 0 421
14 0 421
15 0 421
1 5 422
2 5 422
3 5 422
4 5 422
7 5 422
8 5 422
9 5 422
12 5 422
14 5 422
15 5 422
1 13 423
2 13 423
3 13 423
4 13 423
7 13 423
8 13 423
9 13 423
12 13 423
14 13 423
15 13 423
1 0 424
2 0 424
3 0 424
4 0 424
7 0 424
8 0 424
9 0 424
12 0 424
14 0 424
15 0 424
1 5 425
2 5 425
3 5 425
4 5 425
7 5 425
8 5 425
9 5 425
12 5 425
14 5 425
15 5 425
1 13 426
2 13 426
3 13 426
4 13 426
7 13 426
8 13 426
9 13 426
12 13 426
14 13 426
15 13 426
1 0 427
2 0 427
3 0 427
4 0 427
7 0 427
8 0 427
9 0 427
12 0 427
14 0 427
15 0 427
1 5 428
2 5 428
3 5 428
4 5 428
7 5 428
8 5 428
9 5 428
12 5 428
14 5 428
15 5 428
1 13 429
2 13 429
3 13 429
4 13 429
7 13 429
8 13 429
9 13 429
12 13 429
14 13 429
15 13 429
1 0 430
2 0 430
3 0 430
4 0 430
7 0 430
8 0 430
9 0 430
12 0 430
14 0 430
15 0 430
1 5 431
2 5 431
3 5 431
4 5 431
7 5 431
8 5 431
9 5 431
12 5 431
14 5 431
15 5 431
1 13 432
2 13 432
3 13 432
4 13 432
7 13 432
8 13 432
9 13 432
12 13 432
14 13 432
15 13 432
1 0 433
2 0 433
3 0 433
4 0 433
7 0 433
8 0 433
9 0 433
12 0 433
14 0 433
15 0 433
1 5 434
2 5 434
3 5 434
4 5 434
7 5 434
8 5 434
9 5 434
12 5 434
14 5 434
15 5 434
1 13 435
2 13 435
3 13 435
4 13 435
7 13 435
8 13 435
9 13 435
12 13 435
14 13 435
15 13 435
1 0 436
2 0 436
3 0 436
4 0 436
7 0 436
8 0 436
9 0 436
12 0 436
14 0 436
15 0 436
1 5 437
2 5 437
3 5 437
4 5 437
7 5 437
8 5 437
9 5 437
12 5 437
14 5 437
15 5 437
1 13 438
2 13 438
3 13 438
4 13 438
7 13 438
8 13 438
9 13 438
12 13 438
14 13 438
15 13 438
1 0 439
2 0 439
3 0 439
4 0 439
7 0 439
8 0 439
9 0 439
12 0 439
14 0 439
15 0 439
1 5 440
2 5 440
3 5 440
4 5 440
7 5 440
8 5 440
9 5 440
12 5 440
14 5 440
15 5 440
1 13 441
2 13 441
3 13 441
4 13 441
7 13 441
8 13 441
9 13 441
12 13 441
14 13 441
15 13 441
1 0 442
2 0 442
3 0 442
4 0 442
7 0 442
8 0 442
9 0 442
12 0 442
14 0 442
15 0 442
1 5 443
2 5 443
3 5 443
4 5 443
7 5 443
8 5 443
9 5 443
12 5 443
14 5 443
15 5 443
1 13 444
2 13 444
3 13 444
4 13 444
7 13 444
8 13 444
9 13 444
12 13 444
14 13 444
15 13 444
1 0 445
2 0 445
3 0 445
4 0 445
7 0 445
8 0 445
9 0 445
12 0 445
14 0 445
15 0 445
1 5 446
2 5 446
3 5 446
4 5 446
7 5 446
8 5 446
9 5 446
12 5 446
14 5 446
15 5 446
1 13 447
2 13 447
3 13 447
4 13 447
7 13 447
8 13 447
9 13 447
12 13 447
14 13 447
15 13 447
1 0 448
2 0 448
3 0 448
4 0 448
7 0 448
8 0 448
9 0 448
12 0 448
14 0 448
15 0 448
1 5 449
2 5 449
3 5 449
4 5 449
7 5 449
8 5 449
9 5 449
12 5 449
14 5 449
15 5 449
1 13 450
2 13 450
3 13 450
4 13 450
7 13 450
8 13 450
9 13 450
12 13 450
14 13 450
15 13 450
1 0 451
2 0 451
3 0 451
4 0 451
7 0 451
8 0 451
9 0 451
12 0 451
14 0 451
15 0 451
1 5 452
2 5 452
3 5 452
4 5 452
7 5 452
8 5 452
9 5 452
12 5 452
14 5 452
15 5 452
1 13 453
2 13 453
3 13 453
4 13 453
7 13 453
8 13 453
9 13 453
12 13 453
14 13 453
15 13 453
1 0 454
2 0 454
3 0 454
4 0 454
7 0 454
8 0 454
9 0 454
12 0 454
14 0 454
15 0 454
1 5 455
2 5 455
3 5 455
4 5 455
7 5 455
8 5 455
9 5 455
12 5 455
14 5 455
15 5 455
1 13 456
2 13 456
3 13 456
4 13 456
7 13 456
8 13 456
9 13 456
12 13 456
14 13 456
15 13 456
1 0 457
2 0 457
3 0 457
4 0 457
7 0 457
8 0 457
9 0 457
12 0 457
14 0 457
15 0 457
1 5 458
2 5 458
3 5 458
4 5 458
7 5 458
8 5 458
9 5 458
12 5 458
14 5 458
15 5 458
1 13 459
2 13 459
3 13 459
4 13 459
7 13 459
8 13 459
9 13 459
12 13 459
14 13 459
15 13 459
1 0 460
2 0 460
3 0 460
4 0 460
7 0 460
8 0 460
9 0 460
12 0 460
14 0 460
15 0 460
1 5 461
2 5 461
3 5 461
4 5 461
7 5 461
8 5 461
9 5 461
12 5 461
14 5 461
15 5 461
1 13 462
2 13 462
3 13 462
4 13 462
7 13 462
8 13 462
9 13 462
12 13 462
14 13 462
15 13 462
1 0 463
2 0 463
3 0 463
4 0 463
7 0 463
8 0 463
9 0 463
12 0 463
14 0 463
15 0 463
1 5 464
2 5 464
3 5 464
4 5 464
7 5 464
8 5 464
9 5 464
12 5 464
14 5 464
15 5 464
1 13 465
2 13 465
3 13 465
4 13 465
7 13 465
8 13 465
9 13 465
12 13 465
14 13 465
15 13 465
1 0 466
2 0 466
3 0 466
4 0 466
7 0 466
8 0 466
9 0 466
12 0 466
14 0 466
15 0 466
1 5 467
2 5 467
3 5 467
4 5 467
7 5 467
8 5 467
9 5 467
12 5 467
14 5 467
15 5 467
1 13 468
2 13 468
3 13 468
4 13 468
7 13 468
8 13 468
9 13 468
12 13 468
14 13 468
15 13 468
1 0 469
2 0 469
3 0 469
4 0 469
7 0 469
8 0 469
9 0 469
12 0 469
14 0 469
15 0 469
1 5 470
2 5 470
3 5 470
4 5 470
7 5 470
8 5 470
9 5 470
12 5 470
14 5 470
15 5 470
1 13 471
2 13 471
3 13 471
4 13 471
7 13 471
8 13 471
9 13 471
12 13 471
14 13 471
15 13 471
1 0 472
2 0 472
3 0 472
4 0 472
7 0 472
8 0 472
9 0 472
12 0 472
14 0 472
15 0 472
1 5 473
2 5 473
3 5 473
4 5 473
7 5 473
8 5 473
9 5 473
12 5 473
14 5 473
15 5 473
1 13 474
2 13 474
3 13 474
4 13 474
7 13 474
8 13 474
9 13 474
12 13 474
14 13 474
15 13 474
1 0 475
2 0 475
3 0 475
4 0 475
7 0 475
8 0 475
9 0 475
12 0 475
14 0 475
15 0 475
1 5 476
2 5 476
3 5 476
4 5 476
7 5 476
8 5 476
9 5 476
12 5 476
14 5 476
15 5 476
1 13 477
2 13 477
3 13 477
4 13 477
7 13 477
8 13 477
9 13 477
12 13 477
14 13 477
15 13 477
1 0 478
2 0 478
3 0 478
4 0 478
7 0 478
8 0 478
9 0 478
12 0 478
14 0 478
15 0 478
1 5 479
2 5 479
3 5 479
4 5 479
7 5 479
8 5 479
9 5 479
12 5 479
14 5 479
15 5 479
1 13 480
2 13 480
3 13 480
4 13 480
7 13 480
8 13 480
9 13 480
12 13 480
14 13 480
15 13 480
1 0 481
2 0 481
3 0 481
4 0 481
7 0 481
8 0 481
9 0 481
12 0 481
14 0 481
15 0 481
1 5 482
2 5 482
3 5 482
4 5 482
7 5 482
8 5 482
9 5 482
12 5 482
14 5 482
15 5 482
1 13 483
2 13 483
3 13 483
4 13 483
7 13 483
8 13 483
9 13 483
12 13 483
14 13 483
15 13 483
1 0 484
2 0 484
3 0 484
4 0 484
7 0 484
8 0 484
9 0 484
12 0 484
14 0 484
15 0 484
1 5 485
2 5 485
3 5 485
4 5 485
7 5 485
8 5 485
9 5 485
12 5 485
14 5 485
15 5 485
1 13 486
2 13 486
3 13 486
4 13 486
7 13 486
8 13 486
9 13 486
12 13 486
14 13 486
15 13 486
1 0 487
2 0 487
3 0 487
4 0 487
7 0 487
8 0 487
9 0 487
12 0 487
14 0 487
15 0 487
1 5 488
2 5 488
3 5 488
4 5 488
7 5 488
8 5 488
9 5 488
12 5 488
14 5 488
15 5 488
1 13 489
2 13 489
3 13 489
4 13 489
7 13 489
8 13 489
9 13 489
12 13 489
14 13 489
15 13 489
1 0 490
2 0 490
3 0 490
4 0 490
7 0 490
8 0 490
9 0 490
12 0 490
14 0 490
15 0 490
1 5 491
2 5 491
3 5 491
4 5 491
7 5 491
8 5 491
9 5 491
12 5 491
14 5 491
15 5 491
1 13 492
2 13 492
3 13 492
4 13 492
7 13 492
8 13 492
9 13 492
12 13 492
14 13 492
15 13 492
1 0 493
2 0 493
3 0 493
4 0 493
7 0 493
8 0 493
9 0 493
12 0 493
14 0 493
15 0 493
1 5 494
2 5 494
3 5 494
4 5 494
7 5 494
8 5 494
9 5 494
12 5 494
14 5 494
15 5 494
1 13 495
2 13 495
3 13 495
4 13 495
7 13 495
8 13 495
9 13 495
12 13 495
14 13 495
15 13 495
1 0 496
2 0 496
3 0 496
4 0 496
7 0 496
8 0 496
9 0 496
12 0 496
14 0 496
15 0 496
1 5 497
2 5 497
3 5 497
4 5 497
7 5 497
8 5 497
9 5 497
12 5 497
14 5 497
15 5 497
1 13 498
2 13 498
3 13 498
4 13 498
7 13 498
8 13 498
9 13 498
12 13 498
14 13 498
15 13 498
1 0 499
2 0 499
3 0 499
4 0 499
7 0 499
8 0 499
9 0 499
12 0 499
14 0 499
15 0 499
1 5 500
2 5 500
3 5 500
4 5 500
7 5 500
8 5 500
9 5 500
12 5 500
14 5 500
15 5 500
1 13 501
2 13 501
3 13 501
4 13 501
7 13 501
8 13 501
9 13 501
12 13 501
14 13 501
15 13 501
1 0 502
2 0 502
3 0 502
4 0 502
7 0 502
8 0 502
9 0 502
12 0 502
14 0 502
15 0 502
1 5 503
2 5 503
3 5 503
4 5 503
7 5 503
8 5 503
9 5 503
12 5 503
14 5 503
15 5 503
1 13 504
2 13 504
3 13 504
4 13 504
7 13 504
8 13 504
9 13 504
12 13 504
14 13 504
15 13 504
1 0 505
2 0 505
3 0 505
4 0 505
7 0 505
8 0 505
9 0 505
12 0 505
14 0 505
15 0 505
1 5 506
2 5 506
3 5 506
4 5 506
7 5 506
8 5 506
9 5 506
12 5 506
14 5 506
15 5 506
1 13 507
2 13 507
3 13 507
4 13 507
7 13 507
8 13 507
9 13 507
12 13 507
14 13 507
15 13 507
1 0 508
2 0 508
3 0 508
4 0 508
7 0 508
8 0 508
9 0 508
12 0 508
14 0 508
15 0 508
1 5 509
2 5 509
3 5 509
4 5 509
7 5 509
8 5 509
9 5 509
12 5 509
14 5 509
15 5 509
1 13 510
2 13 510
3 13 510
4 13 510
7 13 510
8 13 510
9 13 510
12 13 510
14 13 510
15 13 510
1 0 511
2 0 511
3 0 511
4 0 511
7 0 511
8 0 511
9 0 511
12 0 511
14 0 511
15 0 511
1 5 512
2 5 512
3 5 512
4 5 512
7 5 512
8 5 512
9 5 512
12 5 512
14 5 512
15 5 512
1 13 513
2 13 513
3 13 513
4 13 513
7 13 513
8 13 513
9 13 513
12 13 513
14 13 513
15 13 513
1 0 514
2 0 514
3 0 514
4 0 514
7 0 514
8 0 514
9 0 514
12 0 514
14 0 514
15 0 514
1 5 515
2 5 515
3 5 515
4 5 515
7 5 515
8 5 515
9 5 515
12 5 515
14 5 515
15 5 515
1 13 516
2 13 516
3 13 516
4 13 516
7 13 516
8 13 516
9 13 516
12 13 516
14 13 516
15 13 516
1 0 517
2 0 517
3 0 517
4 0 517
7 0 517
8 0 517
9 0 517
12 0 517
14 0 517
15 0 517
1 5 518
2 5 518
3 5 518
4 5 518
7 5 518
8 5 518
9 5 518
12 5 518
14 5 518
15 5 518
1 13 519
2 13 519
3 13 519
4 13 519
7 13 519
8 13 519
9 13 519
12 13 519
14 13 519
15 13 519
1 0 520
2 0 520
3 0 520
4 0 520
7 0 520
8 0 520
9 0 520
12 0 520
14 0 520
15 0 520
1 5 521
2 5 521
3 5 521
4 5 521
7 5 521
8 5 521
9 5 521
12 5 521
14 5 521
15 5 521
1 13 522
2 13 522
3 13 522
4 13 522
7 13 522
8 13 522
9 13 522
12 13 522
14 13 522
15 13 522
1 0 523
2 0 523
3 0 523
4 0 523
7 0 523
8 0 523
9 0 523
12 0 523
14 0 523
15 0 523
1 5 524
2 5 524
3 5 524
4 5 524
7 5 524
8 5 524
9 5 524
12 5 524
14 5 524
15 5 524
1 13 525
2 13 525
3 13 525
4 13 525
7 13 525
8 13 525
9 13 525
12 13 525
14 13 525
15 13 525
1 0 526
2 0 526
3 0 526
4 0 526
7 0 526
8 0 526
9 0 526
12 0 526
14 0 526
15 0 526
1 5 527
2 5 527
3 5 527
4 5 527
7 5 527
8 5 527
9 5 527
12 5 527
14 5 527
15 5 527
1 13 528
2 13 528
3 13 528
4 13 528
7 13 528
8 13 528
9 13 528
12 13 528
14 13 528
15 13 528
1 0 529
2 0 529
3 0 529
4 0 529
7 0 529
8 0 529
9 0 529
12 0 529
14 0 529
15 0 529
1 5 530
2 5 530
3 5 530
4 5 530
7 5 530
8 5 530
9 5 530
12 5 530
14 5 530
15 5 530
1 13 531
2 13 531
3 13 531
4 13 531
7 13 531
8 13 531
9 13 531
12 13 531
14 13 531
15 13 531
1 0 532
2 0 532
3 0 532
4 0 532
7 0 532
8 0 532
9 0 532
12 0 532
14 0 532
15 0 532
1 5 533
2 5 533
3 5 533
4 5 533
7 5 533
8 5 533
9 5 533
12 5 533
14 5 533
15 5 533
1 13 534
2 13 534
3 13 534
4 13 534
7 13 534
8 13 534
9 13 534
12 13 534
14 13 534
15 13 534
1 0 535
2 0 535
3 0 535
4 0 535
7 0 535
8 0 535
9 0 535
12 0 535
14 0 535
15 0 535
1 5 536
2 5 536
3 5 536
4 5 536
7 5 536
8 5 536
9 5 536
12 5 536
14 5 536
15 5 536
1 13 537
2 13 537
3 13 537
4 13 537
7 13 537
8 13 537
9 13 537
12 13 537
14 13 537
15 13 537
1 0 538
2 0 538
3 0 538
4 0 538
7 0 538
8 0 538
9 0 538
12 0 538
14 0 538
15 0 538
1 5 539
2 5 539
3 5 539
4 5 539
7 5 539
8 5 539
9 5 539
12 5 539
14 5 539
15 5 539
1 13 540
2 13 540
3 13 540
4 13 540
7 13 540
8 13 540
9 13 540
12 13 540
14 13 540
15 13 540
1 0 541
2 0 541
3 0 541
4 0 541
7 0 541
8 0 541
9 0 541
12 0 541
14 0 541
15 0 541
1 5 542
2 5 542
3 5 542
4 5 542
7 5 542
8 5 542
9 5 542
12 5 542
14 5 542
15 5 542
1 13 543
2 13 543
3 13 543
4 13 543
7 13 543
8 13 543
9 13 543
12 13 543
14 13 543
15 13 543
1 0 544
2 0 544
3 0 544
4 0 544
7 0 544
8 0 544
9 0 544
12 0 544
14 0 544
15 0 544
1 5 545
2 5 545
3 5 545
4 5 545
7 5 545
8 5 545
9 5 545
12 5 545
14 5 545
15 5 545
1 13 546
2 13 546
3 13 546
4 13 546
7 13 546
8 13 546
9 13 546
12 13 546
14 13 546
15 13 546
1 0 547
2 0 547
3 0 547
4 0 547
7 0 547
8 0 547
9 0 547
12 0 547
14 0 547
15 0 547
1 5 548
2 5 548
3 5 548
4 5 548
7 5 548
8 5 548
9 5 548
12 5 548
14 5 548
15 5 548
1 13 549
2 13 549
3 13 549
4 13 549
7 13 549
8 13 549
9 13 549
12 13 549
14 13 549
15 13 549
1 0 550
2 0 550
3 0 550
4 0 550
7 0 550
8 0 550
9 0 550
12 0 550
14 0 550
15 0 550
1 5 551
2 5 551
3 5 551
4 5 551
7 5 551
8 5 551
9 5 551
12 5 551
14 5 551
15 5 551
1 13 552
2 13 552
3 13 552
4 13 552
7 13 552
8 13 552
9 13 552
12 13 552
14 13 552
15 13 552
1 0 553
2 0 553
3 0 553
4 0 553
7 0 553
8 0 553
9 0 553
12 0 553
14 0 553
15 0 553
1 5 554
2 5 554
3 5 554
4 5 554
7 5 554
8 5 554
9 5 554
12 5 554
14 5 554
15 5 554
1 13 555
2 13 555
3 13 555
4 13 555
7 13 555
8 13 555
9 13 555
12 13 555
14 13 555
15 13 555
1 0 556
2 0 556
3 0 556
4 0 556
7 0 556
8 0 556
9 0 556
12 0 556
14 0 556
15 0 556
1 5 557
2 5 557
3 5 557
4 5 557
7 5 557
8 5 557
9 5 557
12 5 557
14 5 557
15 5 557
1 13 558
2 13 558
3 13 558
4 13 558
7 13 558
8 13 558
9 13 558
12 13 558
14 13 558
15 13 558
1 0 559
2 0 559
3 0 559
4 0 559
7 0 559
8 0 559
9 0 559
12 0 559
14 0 559
15 0 559
1 5 560
2 5 560
3 5 560
4 5 560
7 5 560
8 5 560
9 5 560
12 5 560
14 5 560
15 5 560
1 13 561
2 13 561
3 13 561
4 13 561
7 13 561
8 13 561
9 13 561
12 13 561
14 13 561
15 13 561
1 0 562
2 0 562
3 0 562
4 0 562
7 0 562
8 0 562
9 0 562
12 0 562
14 0 562
15 0 562
1 5 563
2 5 563
3 5 563
4 5 563
7 5 563
8 5 563
9 5 563
12 5 563
14 5 563
15 5 563
1 13 564
2 13 564
3 13 564
4 13 564
7 13 564
8 13 564
9 13 564
12 13 564
14 13 564
15 13 564
1 0 565
2 0 565
3 0 565
4 0 565
7 0 565
8 0 565
9 0 565
12 0 565
14 0 565
15 0 565
1 5 566
2 5 566
3 5 566
4 5 566
7 5 566
8 5 566
9 5 566
12 5 566
14 5 566
15 5 566
1 13 567
2 13 567
3 13 567
4 13 567
7 13 567
8 13 567
9 13 567
12 13 567
14 13 567
15 13 567
1 0 568
2 0 568
3 0 568
4 0 568
7 0 568
8 0 568
9 0 568
12 0 568
14 0 568
15 0 568
1 5 569
2 5 569
3 5 569
4 5 569
7 5 569
8 5 569
9 5 569
12 5 569
14 5 569
15 5 569
1 13 570
2 13 570
3 13 570
4 13 570
7 13 570
8 13 570
9 13 570
12 13 570
14 13 570
15 13 570
1 0 571
2 0 571
3 0 571
4 0 571
7 0 571
8 0 571
9 0 571
12 0 571
14 0 571
15 0 571
1 5 572
2 5 572
3 5 572
4 5 572
7 5 572
8 5 572
9 5 572
12 5 572
14 5 572
15 5 572
1 13 573
2 13 573
3 13 573
4 13 573
7 13 573
8 13 573
9 13 573
12 13 573
14 13 573
15 13 573
1 0 574
2 0 574
3 0 574
4 0 574
7 0 574
8 0 574
9 0 574
12 0 574
14 0 574
15 0 574
1 5 575
2 5 575
3 5 575
4 5 575
7 5 575
8 5 575
9 5 575
12 5 575
14 5 575
15 5 575
1 13 576
2 13 576
3 13 576
4 13 576
7 13 576
8 13 576
9 13 576
12 13 576
14 13 576
15 13 576
1 0 577
2 0 577
3 0 577
4 0 577
7 0 577
8 0 577
9 0 577
12 0 577
14 0 577
15 0 577
1 5 578
2 5 578
3 5 578
4 5 578
7 5 578
8 5 578
9 5 578
12 5 578
14 5 578
15 5 578
1 13 579
2 13 579
3 13 579
4 13 579
7 13 579
8 13 579
9 13 579
12 13 579
14 13 579
15 13 579
1 0 580
2 0 580
3 0 580
4 0 580
7 0 580
8 0 580
9 0 580
12 0 580
14 0 580
15 0 580
1 5 581
2 5 581
3 5 581
4 5 581
7 5 581
8 5 581
9 5 581
12 5 581
14 5 581
15 5 581
1 13 582
2 13 582
3 13 582
4 13 582
7 13 582
8 13 582
9 13 582
12 13 582
14 13 582
15 13 582
1 0 583
2 0 583
3 0 583
4 0 583
7 0 583
8 0 583
9 0 583
12 0 583
14 0 583
15 0 583
1 5 584
2 5 584
3 5 584
4 5 584
7 5 584
8 5 584
9 5 584
12 5 584
14 5 584
15 5 584
1 13 585
2 13 585
3 13 585
4 13 585
7 13 585
8 13 585
9 13 585
12 13 585
14 13 585
15 13 585
1 0 586
2 0 586
3 0 586
4 0 586
7 0 586
8 0 586
9 0 586
12 0 586
14 0 586
15 0 586
1 5 587
2 5 587
3 5 587
4 5 587
7 5 587
8 5 587
9 5 587
12 5 587
14 5 587
15 5 587
1 13 588
2 13 588
3 13 588
4 13 588
7 13 588
8 13 588
9 13 588
12 13 588
14 13 588
15 13 588
1 0 589
2 0 589
3 0 589
4 0 589
7 0 589
8 0 589
9 0 589
12 0 589
14 0 589
15 0 589
1 5 590
2 5 590
3 5 590
4 5 590
7 5 590
8 5 590
9 5 590
12 5 590
14 5 590
15 5 590
1 13 591
2 13 591
3 13 591
4 13 591
7 13 591
8 13 591
9 13 591
12 13 591
14 13 591
15 13 591
1 0 592
2 0 592
3 0 592
4 0 592
7 0 592
8 0 592
9 0 592
12 0 592
14 0 592
15 0 592
1 5 593
2 5 593
3 5 593
4 5 593
7 5 593
8 5 593
9 5 593
12 5 593
14 5 593
15 5 593
1 13 594
2 13 594
3 13 594
4 13 594
7 13 594
8 13 594
9 13 594
12 13 594
14 13 594
15 13 594
1 0 595
2 0 595
3 0 595
4 0 595
7 0 595
8 0 595
9 0 595
12 0 595
14 0 595
15 0 595
1 5 596
2 5 596
3 5 596
4 5 596
7 5 596
8 5 596
9 5 596
12 5 596
14 5 596
15 5 596
1 13 597
2 13 597
3 13 597
4 13 597
7 13 597
8 13 597
9 13 597
12 13 597
14 13 597
15 13 597
1 0 598
2 0 598
3 0 598
4 0 598
7 0 598
8 0 598
9 0 598
12 0 598
14 0 598
15 0 598
1 5 599
2 5 599
3 5 599
4 5 599
7 5 599
8 5 599
9 5 599
12 5 599
14 5 599
15 5 599
1 13 600
2 13 600
3 13 600
4 13 600
7 13 600
8 13 600
9 13 600
12 13 600
14 13 600
15 13 600
1 0 601
2 0 601
3 0 601
4 0 601
7 0 601
8 0 601
9 0 601
12 0 601
14 0 601
15 0 601
1 5 602
2 5 602
3 5 602
4 5 602
7 5 602
8 5 602
9 5 602
12 5 602
14 5 602
15 5 602
1 13 603
2 13 603
3 13 603
4 13 603
7 13 603
8 13 603
9 13 603
12 13 603
14 13 603
15 13 603
1 0 604
2 0 604
3 0 604
4 0 604
7 0 604
8 0 604
9 0 604
12 0 604
14 0 604
15 0 604
1 5 605
2 5 605
3 5 605
4 5 605
7 5 605
8 5 605
9 5 605
12 5 605
14 5 605
15 5 605
1 13 606
2 13 606
3 13 606
4 13 606
7 13 606
8 13 606
9 13 606
12 13 606
14 13 606
15 13 606
1 0 607
2 0 607
3 0 607
4 0 607
7 0 607
8 0 607
9 0 607
12 0 607
14 0 607
15 0 607
1 5 608
2 5 608
3 5 608
4 5 608
7 5 608
8 5 608
9 5 608
12 5 608
14 5 608
15 5 608
1 13 609
2 13 609
3 13 609
4 13 609
7 13 609
8 13 609
9 13 609
12 13 609
14 13 609
15 13 609
1 0 610
2 0 610
3 0 610
4 0 610
7 0 610
8 0 610
9 0 610
12 0 610
14 0 610
15 0 610
1 5 611
2 5 611
3 5 611
4 5 611
7 5 611
8 5 611
9 5 611
12 5 611
14 5 611
15 5 611
1 13 612
2 13 612
3 13 612
4 13 612
7 13 612
8 13 612
9 13 612
12 13 612
14 13 612
15 13 612
1 0 613
2 0 613
3 0 613
4 0 613
7 0 613
8 0 613
9 0 613
12 0 613
14 0 613
15 0 613
1 5 614
2 5 614
3 5 614
4 5 614
7 5 614
8 5 614
9 5 614
12 5 614
14 5 614
15 5 614
1 13 615
2 13 615
3 13 615
4 13 615
7 13 615
8 13 615
9 13 615
12 13 615
14 13 615
15 13 615
1 0 616
2 0 616
3 0 616
4 0 616
7 0 616
8 0 616
9 0 616
12 0 616
14 0 616
15 0 616
1 5 617
2 5 617
3 5 617
4 5 617
7 5 617
8 5 617
9 5 617
12 5 617
14 5 617
15 5 617
1 13 618
2 13 618
3 13 618
4 13 618
7 13 618
8 13 618
9 13 618
12 13 618
14 13 618
15 13 618
1 0 619
2 0 619
3 0 619
4 0 619
7 0 619
8 0 619
9 0 619
12 0 619
14 0 619
15 0 619
1 5 620
2 5 620
3 5 620
4 5 620
7 5 620
8 5 620
9 5 620
12 5 620
14 5 620
15 5 620
1 13 621
2 13 621
3 13 621
4 13 621
7 13 621
8 13 621
9 13 621
12 13 621
14 13 621
15 13 621
1 0 622
2 0 622
3 0 622
4 0 622
7 0 622
8 0 622
9 0 622
12 0 622
14 0 622
15 0 622
1 5 623
2 5 623
3 5 623
4 5 623
7 5 623
8 5 623
9 5 623
12 5 623
14 5 623
15 5 623
1 13 624
2 13 624
3 13 624
4 13 624
7 13 624
8 13 624
9 13 624
12 13 624
14 13 624
15 13 624
1 0 625
2 0 625
3 0 625
4 0 625
7 0 625
8 0 625
9 0 625
12 0 625
14 0 625
15 0 625
1 5 626
2 5 626
3 5 626
4 5 626
7 5 626
8 5 626
9 5 626
12 5 626
14 5 626
15 5 626
1 13 627
2 13 627
3 13 627
4 13 627
7 13 627
8 13 627
9 13 627
12 13 627
14 13 627
15 13 627
1 0 628
2 0 628
3 0 628
4 0 628
7 0 628
8 0 628
9 0 628
12 0 628
14 0 628
15 0 628
1 5 629
2 5 629
3 5 629
4 5 629
7 5 629
8 5 629
9 5 629
12 5 629
14 5 629
15 5 629
1 13 630
2 13 630
3 13 630
4 13 630
7 13 630
8 13 630
9 13 630
12 13 630
14 13 630
15 13 630
1 0 631
2 0 631
3 0 631
4 0 631
7 0 631
8 0 631
9 0 631
12 0 631
14 0 631
15 0 631
1 5 632
2 5 632
3 5 632
4 5 632
7 5 632
8 5 632
9 5 632
12 5 632
14 5 632
15 5 632
1 13 633
2 13 633
3 13 633
4 13 633
7 13 633
8 13 633
9 13 633
12 13 633
14 13 633
15 13 633
1 0 634
2 0 634
3 0 634
4 0 634
7 0 634
8 0 634
9 0 634
12 0 634
14 0 634
15 0 634
1 5 635
2 5 635
3 5 635
4 5 635
7 5 635
8 5 635
9 5 635
12 5 635
14 5 635
15 5 635
1 13 636
2 13 636
3 13 636
4 13 636
7 13 636
8 13 636
9 13 636
12 13 636
14 13 636
15 13 636
1 0 637
2 0 637
3 0 637
4 0 637
7 0 637
8 0 637
9 0 637
12 0 637
14 0 637
15 0 637
1 5 638
2 5 638
3 5 638
4 5 638
7 5 638
8 5 638
9 5 638
12 5 638
14 5 638
15 5 638
1 13 639
2 13 639
3 13 639
4 13 639
7 13 639
8 13 639
9 13 639
12 13 639
14 13 639
15 13 639
1 0 640
2 0 640
3 0 640
4 0 640
7 0 640
8 0 640
9 0 640
12 0 640
14 0 640
15 0 640
1 5 641
2 5 641
3 5 641
4 5 641
7 5 641
8 5 641
9 5 641
12 5 641
14 5 641
15 5 641
1 13 642
2 13 642
3 13 642
4 13 642
7 13 642
8 13 642
9 13 642
12 13 642
14 13 642
15 13 642
1 0 643
2 0 643
3 0 643
4 0 643
7 0 643
8 0 643
9 0 643
12 0 643
14 0 643
15 0 643
1 5 644
2 5 644
3 5 644
4 5 644
7 5 644
8 5 644
9 5 644
12 5 644
14 5 644
15 5 644
1 13 645
2 13 645
3 13 645
4 13 645
7 13 645
8 13 645
9 13 645
12 13 645
14 13 645
15 13 645
1 0 646
2 0 646
3 0 646
4 0 646
7 0 646
8 0 646
9 0 646
12 0 646
14 0 646
15 0 646
1 5 647
2 5 647
3 5 647
4 5 647
7 5 647
8 5 647
9 5 647
12 5 647
14 5 647
15 5 647
1 13 648
2 13 648
3 13 648
4 13 648
7 13 648
8 13 648
9 13 648
12 13 648
14 13 648
15 13 648
1 0 649
2 0 649
3 0 649
4 0 649
7 0 649
8 0 649
9 0 649
12 0 649
14 0 649
15 0 649
1 5 650
2 5 650
3 5 650
4 5 650
7 5 650
8 5 650
9 5 650
12 5 650
14 5 650
15 5 650
1 13 651
2 13 651
3 13 651
4 13 651
7 13 651
8 13 651
9 13 651
12 13 651
14 13 651
15 13 651
1 0 652
2 0 652
3 0 652
4 0 652
7 0 652
8 0 652
9 0 652
12 0 652
14 0 652
15 0 652
1 5 653
2 5 653
3 5 653
4 5 653
7 5 653
8 5 653
9 5 653
12 5 653
14 5 653
15 5 653
1 13 654
2 13 654
3 13 654
4 13 654
7 13 654
8 13 654
9 13 654
12 13 654
14 13 654
15 13 654
1 0 655
2 0 655
3 0 655
4 0 655
7 0 655
8 0 655
9 0 655
12 0 655
14 0 655
15 0 655
1 5 656
2 5 656
3 5 656
4 5 656
7 5 656
8 5 656
9 5 656
12 5 656
14 5 656
15 5 656
1 13 657
2 13 657
3 13 657
4 13 657
7 13 657
8 13 657
9 13 657
12 13 657
14 13 657
15 13 657
1 0 658
2 0 658
3 0 658
4 0 658
7 0 658
8 0 658
9 0 658
12 0 658
14 0 658
15 0 658
1 5 659
2 5 659
3 5 659
4 5 659
7 5 659
8 5 659
9 5 659
12 5 659
14 5 659
15 5 659
1 13 660
2 13 660
3 13 660
4 13 660
7 13 660
8 13 660
9 13 660
12 13 660
14 13 660
15 13 660
1 0 661
2 0 661
3 0 661
4 0 661
7 0 661
8 0 661
9 0 661
12 0 661
14 0 661
15 0 661
1 5 662
2 5 662
3 5 662
4 5 662
7 5 662
8 5 662
9 5 662
12 5 662
14 5 662
15 5 662
1 13 663
2 13 663
3 13 663
4 13 663
7 13 663
8 13 663
9 13 663
12 13 663
14 13 663
15 13 663
1 0 664
2 0 664
3 0 664
4 0 664
7 0 664
8 0 664
9 0 664
12 0 664
14 0 664
15 0 664
1 5 665
2 5 665
3 5 665
4 5 665
7 5 665
8 5 665
9 5 665
12 5 665
14 5 665
15 5 665
1 13 666
2 13 666
3 13 666
4 13 666
7 13 666
8 13 666
9 13 666
12 13 666
14 13 666
15 13 666
1 0 667
2 0 667
3 0 667
4 0 667
7 0 667
8 0 667
9 0 667
12 0 667
14 0 667
15 0 667
1 5 668
2 5 668
3 5 668
4 5 668
7 5 668
8 5 668
9 5 668
12 5 668
14 5 668
15 5 668
1 13 669
2 13 669
3 13 669
4 13 669
7 13 669
8 13 669
9 13 669
12 13 669
14 13 669
15 13 669
1 0 670
2 0 670
3 0 670
4 0 670
7 0 670
8 0 670
9 0 670
12 0 670
14 0 670
15 0 670
1 5 671
2 5 671
3 5 671
4 5 671
7 5 671
8 5 671
9 5 671
12 5 671
14 5 671
15 5 671
1 13 672
2 13 672
3 13 672
4 13 672
7 13 672
8 13 672
9 13 672
12 13 672
14 13 672
15 13 672
1 0 673
2 0 673
3 0 673
4 0 673
7 0 673
8 0 673
9 0 673
12 0 673
14 0 673
15 0 673
1 5 674
2 5 674
3 5 674
4 5 674
7 5 674
8 5 674
9 5 674
12 5 674
14 5 674
15 5 674
1 13 675
2 13 675
3 13 675
4 13 675
7 13 675
8 13 675
9 13 675
12 13 675
14 13 675
15 13 675
1 0 676
2 0 676
3 0 676
4 0 676
7 0 676
8 0 676
9 0 676
12 0 676
14 0 676
15 0 676
1 5 677
2 5 677
3 5 677
4 5 677
7 5 677
8 5 677
9 5 677
12 5 677
14 5 677
15 5 677
1 13 678
2 13 678
3 13 678
4 13 678
7 13 678
8 13 678
9 13 678
12 13 678
14 13 678
15 13 678
1 0 679
2 0 679
3 0 679
4 0 679
7 0 679
8 0 679
9 0 679
12 0 679
14 0 679
15 0 679
1 5 680
2 5 680
3 5 680
4 5 680
7 5 680
8 5 680
9 5 680
12 5 680
14 5 680
15 5 680
1 13 681
2 13 681
3 13 681
4 13 681
7 13 681
8 13 681
9 13 681
12 13 681
14 13 681
15 13 681
1 0 682
2 0 682
3 0 682
4 0 682
7 0 682
8 0 682
9 0 682
12 0 682
14 0 682
15 0 682
1 5 683
2 5 683
3 5 683
4 5 683
7 5 683
8 5 683
9 5 683
12 5 683
14 5 683
15 5 683
1 13 684
2 13 684
3 13 684
4 13 684
7 13 684
8 13 684
9 13 684
12 13 684
14 13 684
15 13 684
1 0 685
2 0 685
3 0 685
4 0 685
7 0 685
8 0 685
9 0 685
12 0 685
14 0 685
15 0 685
1 5 686
2 5 686
3 5 686
4 5 686
7 5 686
8 5 686
9 5 686
12 5 686
14 5 686
15 5 686
1 13 687
2 13 687
3 13 687
4 13 687
7 13 687
8 13 687
9 13 687
12 13 687
14 13 687
15 13 687
1 0 688
2 0 688
3 0 688
4 0 688
7 0 688
8 0 688
9 0 688
12 0 688
14 0 688
15 0 688
1 5 689
2 5 689
3 5 689
4 5 689
7 5 689
8 5 689
9 5 689
12 5 689
14 5 689
15 5 689
1 13 690
2 13 690
3 13 690
4 13 690
7 13 690
8 13 690
9 13 690
12 13 690
14 13 690
15 13 690
1 0 691
2 0 691
3 0 691
4 0 691
7 0 691
8 0 691
9 0 691
12 0 691
14 0 691
15 0 691
1 5 692
2 5 692
3 5 692
4 5 692
7 5 692
8 5 692
9 5 692
12 5 692
14 5 692
15 5 692
1 13 693
2 13 693
3 13 693
4 13 693
7 13 693
8 13 693
9 13 693
12 13 693
14 13 693
15 13 693
1 0 694
2 0 694
3 0 694
4 0 694
7 0 694
8 0 694
9 0 694
12 0 694
14 0 694
15 0 694
1 5 695
2 5 695
3 5 695
4 5 695
7 5 695
8 5 695
9 5 695
12 5 695
14 5 695
15 5 695
1 13 696
2 13 696
3 13 696
4 13 696
7 13 696
8 13 696
9 13 696
12 13 696
14 13 696
15 13 696
1 0 697
2 0 697
3 0 697
4 0 697
7 0 697
8 0 697
9 0 697
12 0 697
14 0 697
15 0 697
1 5 698
2 5 698
3 5 698
4 5 698
7 5 698
8 5 698
9 5 698
12 5 698
14 5 698
15 5 698
1 13 699
2 13 699
3 13 699
4 13 699
7 13 699
8 13 699
9 13 699
12 13 699
14 13 699
15 13 699
1 0 700
2 0 700
3 0 700
4 0 700
7 0 700
8 0 700
9 0 700
12 0 700
14 0 700
15 0 700
1 5 701
2 5 701
3 5 701
4 5 701
7 5 701
8 5 701
9 5 701
12 5 701
14 5 701
15 5 701
1 13 702
2 13 702
3 13 702
4 13 702
7 13 702
8 13 702
9 13 702
12 13 702
14 13 702
15 13 702
1 0 703
2 0 703
3 0 703
4 0 703
7 0 703
8 0 703
9 0 703
12 0 703
14 0 703
15 0 703
1 5 704
2 5 704
3 5 704
4 5 704
7 5 704
8 5 704
9 5 704
12 5 704
14 5 704
15 5 704
1 13 705
2 13 705
3 13 705
4 13 705
7 13 705
8 13 705
9 13 705
12 13 705
14 13 705
15 13 705
1 0 706
2 0 706
3 0 706
4 0 706
7 0 706
8 0 706
9 0 706
12 0 706
14 0 706
15 0 706
1 5 707
2 5 707
3 5 707
4 5 707
7 5 707
8 5 707
9 5 707
12 5 707
14 5 707
15 5 707
1 13 708
2 13 708
3 13 708
4 13 708
7 13 708
8 13 708
9 13 708
12 13 708
14 13 708
15 13 708
1 0 709
2 0 709
3 0 709
4 0 709
7 0 709
8 0 709
9 0 709
12 0 709
14 0 709
15 0 709
1 5 710
2 5 710
3 5 710
4 5 710
7 5 710
8 5 710
9 5 710
12 5 710
14 5 710
15 5 710
1 13 711
2 13 711
3 13 711
4 13 711
7 13 711
8 13 711
9 13 711
12 13 711
14 13 711
15 13 711
1 0 712
2 0 712
3 0 712
4 0 712
7 0 712
8 0 712
9 0 712
12 0 712
14 0 712
15 0 712
1 5 713
2 5 713
3 5 713
4 5 713
7 5 713
8 5 713
9 5 713
12 5 713
14 5 713
15 5 713
1 13 714
2 13 714
3 13 714
4 13 714
7 13 714
8 13 714
9 13 714
12 13 714
14 13 714
15 13 714
1 0 715
2 0 715
3 0 715
4 0 715
7 0 715
8 0 715
9 0 715
12 0 715
14 0 715
15 0 715
1 5 716
2 5 716
3 5 716
4 5 716
7 5 716
8 5 716
9 5 716
12 5 716
14 5 716
15 5 716
1 13 717
2 13 717
3 13 717
4 13 717
7 13 717
8 13 717
9 13 717
12 13 717
14 13 717
15 13 717
1 0 718
2 0 718
3 0 718
4 0 718
7 0 718
8 0 718
9 0 718
12 0 718
14 0 718
15 0 718
1 5 719
2 5 719
3 5 719
4 5 719
7 5 719
8 5 719
9 5 719
12 5 719
14 5 719
15 5 719
1 13 720
2 13 720
3 13 720
4 13 720
7 13 720
8 13 720
9 13 720
12 13 720
14 13 720
15 13 720
1 0 721
2 0 721
3 0 721
4 0 721
7 0 721
8 0 721
9 0 721
12 0 721
14 0 721
15 0 721
1 5 722
2 5 722
3 5 722
4 5 722
7 5 722
8 5 722
9 5 722
12 5 722
14 5 722
15 5 722
1 13 723
2 13 723
3 13 723
4 13 723
7 13 723
8 13 723
9 13 723
12 13 723
14 13 723
15 13 723
1 0 724
2 0 724
3 0 724
4 0 724
7 0 724
8 0 724
9 0 724
12 0 724
14 0 724
15 0 724
1 5 725
2 5 725
3 5 725
4 5 725
7 5 725
8 5 725
9 5 725
12 5 725
14 5 725
15 5 725
1 13 726
2 13 726
3 13 726
4 13 726
7 13 726
8 13 726
9 13 726
12 13 726
14 13 726
15 13 726
1 0 727
2 0 727
3 0 727
4 0 727
7 0 727
8 0 727
9 0 727
12 0 727
14 0 727
15 0 727
1 5 728
2 5 728
3 5 728
4 5 728
7 5 728
8 5 728
9 5 728
12 5 728
14 5 728
15 5 728
1 13 729
2 13 729
3 13 729
4 13 729
7 13 729
8 13 729
9 13 729
12 13 729
14 13 729
15 13 729
1 0 730
2 0 730
3 0 730
4 0 730
7 0 730
8 0 730
9 0 730
12 0 730
14 0 730
15 0 730
1 5 731
2 5 731
3 5 731
4 5 731
7 5 731
8 5 731
9 5 731
12 5 731
14 5 731
15 5 731
1 13 732
2 13 732
3 13 732
4 13 732
7 13 732
8 13 732
9 13 732
12 13 732
14 13 732
15 13 732
1 0 733
2 0 733
3 0 733
4 0 733
7 0 733
8 0 733
9 0 733
12 0 733
14 0 733
15 0 733
1 5 734
2 5 734
3 5 734
4 5 734
7 5 734
8 5 734
9 5 734
12 5 734
14 5 734
15 5 734
1 13 735
2 13 735
3 13 735
4 13 735
7 13 735
8 13 735
9 13 735
12 13 735
14 13 735
15 13 735
1 0 736
2 0 736
3 0 736
4 0 736
7 0 736
8 0 736
9 0 736
12 0 736
14 0 736
15 0 736
1 5 737
2 5 737
3 5 737
4 5 737
7 5 737
8 5 737
9 5 737
12 5 737
14 5 737
15 5 737
1 13 738
2 13 738
3 13 738
4 13 738
7 13 738
8 13 738
9 13 738
12 13 738
14 13 738
15 13 738
1 0 739
2 0 739
3 0 739
4 0 739
7 0 739
8 0 739
9 0 739
12 0 739
14 0 739
15 0 739
1 5 740
2 5 740
3 5 740
4 5 740
7 5 740
8 5 740
9 5 740
12 5 740
14 5 740
15 5 740
1 13 741
2 13 741
3 13 741
4 13 741
7 13 741
8 13 741
9 13 741
12 13 741
14 13 741
15 13 741
1 0 742
2 0 742
3 0 742
4 0 742
7 0 742
8 0 742
9 0 742
12 0 742
14 0 742
15 0 742
1 5 743
2 5 743
3 5 743
4 5 743
7 5 743
8 5 743
9 5 743
12 5 743
14 5 743
15 5 743
1 13 744
2 13 744
3 13 744
4 13 744
7 13 744
8 13 744
9 13 744
12 13 744
14 13 744
15 13 744
1 0 745
2 0 745
3 0 745
4 0 745
7 0 745
8 0 745
9 0 745
12 0 745
14 0 745
15 0 745
1 5 746
2 5 746
3 5 746
4 5 746
7 5 746
8 5 746
9 5 746
12 5 746
14 5 746
15 5 746
1 13 747
2 13 747
3 13 747
4 13 747
7 13 747
8 13 747
9 13 747
12 13 747
14 13 747
15 13 747
1 0 748
2 0 748
3 0 748
4 0 748
7 0 748
8 0 748
9 0 748
12 0 748
14 0 748
15 0 748
1 5 749
2 5 749
3 5 749
4 5 749
7 5 749
8 5 749
9 5 749
12 5 749
14 5 749
15 5 749
1 13 750
2 13 750
3 13 750
4 13 750
7 13 750
8 13 750
9 13 750
12 13 750
14 13 750
15 13 750
1 0 751
2 0 751
3 0 751
4 0 751
7 0 751
8 0 751
9 0 751
12 0 751
14 0 751
15 0 751
1 5 752
2 5 752
3 5 752
4 5 752
7 5 752
8 5 752
9 5 752
12 5 752
14 5 752
15 5 752
1 13 753
2 13 753
3 13 753
4 13 753
7 13 753
8 13 753
9 13 753
12 13 753
14 13 753
15 13 753
