11 15 1
11 15 2
11 15 3
11 15 4
11 15 5
11 15 6
11 15 7
11 15 8
11 15 9
11 15 10
11 15 11
11 15 12
11 15 13
11 15 14
11 15 15
11 15 16
11 15 17
11 15 18
11 15 19
11 15 20
11 15 21
11 15 22
11 15 23
11 15 24
11 15 25
11 15 26
11 15 27
11 15 28
11 15 29
11 15 30
11 15 31
11 15 32
11 15 33
11 15 34
11 15 35
11 15 36
11 15 37
11 15 38
11 15 39
11 15 40
11 15 41
11 15 42
11 15 43
11 15 44
11 15 45
11 15 46
11 15 47
11 15 48
11 15 49
11 15 50
11 15 51
11 15 52
11 15 53
11 15 54
11 15 55
11 15 56
11 15 57
11 15 58
11 15 59
11 15 60
11 15 61
11 15 62
11 15 63
11 15 64
11 15 65
11 15 66
11 15 67
11 15 68
11 15 69
11 15 70
11 15 71
11 15 72
11 15 73
11 15 74
11 15 75
11 15 76
11 15 77
11 15 78
11 15 79
11 15 80
11 15 81
11 15 82
11 15 83
11 15 84
11 15 85
11 15 86
11 15 87
11 15 88
11 15 89
11 15 90
11 15 91
11 15 92
11 15 93
11 15 94
11 15 95
11 15 96
11 15 97
11 15 98
11 15 99
11 15 100
11 15 101
11 15 102
11 15 103
11 15 104
11 15 105
11 15 106
11 15 107
11 15 108
11 15 109
11 15 110
11 15 111
11 15 112
11 15 113
11 15 114
11 15 115
11 15 116
11 15 117
11 15 118
11 15 119
11 15 120
11 15 121
11 15 122
11 15 123
11 15 124
11 15 125
11 15 126
11 15 127
11 15 128
11 15 129
11 15 130
11 15 131
11 15 132
11 15 133
11 15 134
11 15 135
11 15 136
11 15 137
11 15 138
11 15 139
11 15 140
11 15 141
11 15 142
11 15 143
11 15 144
11 15 145
11 15 146
11 15 147
11 15 148
11 15 149
11 15 150
11 15 151
11 15 152
11 15 153
11 15 154
11 15 155
11 15 156
11 15 157
11 15 158
11 15 159
11 15 160
11 15 161
11 15 162
11 15 163
