8 9 1
13 9 1
8 10 2
13 10 2
8 9 3
13 9 3
8 10 4
13 10 4
8 9 5
13 9 5
8 10 6
13 10 6
8 9 7
13 9 7
8 10 8
13 10 8
8 9 9
13 9 9
8 10 10
13 10 10
8 9 11
13 9 11
8 10 12
13 10 12
8 9 13
13 9 13
8 10 14
13 10 14
8 9 15
13 9 15
8 10 16
13 10 16
8 9 17
13 9 17
8 10 18
13 10 18
8 9 19
13 9 19
8 10 20
13 10 20
8 9 21
13 9 21
8 10 22
13 10 22
8 9 23
13 9 23
8 10 24
13 10 24
8 9 25
13 9 25
8 10 26
13 10 26
8 9 27
13 9 27
8 10 28
13 10 28
8 9 29
13 9 29
8 10 30
13 10 30
8 9 31
13 9 31
8 10 32
13 10 32
8 9 33
13 9 33
8 10 34
13 10 34
8 9 35
13 9 35
8 10 36
13 10 36
8 9 37
13 9 37
8 10 38
13 10 38
8 9 39
13 9 39
8 10 40
13 10 40
8 9 41
13 9 41
8 10 42
13 10 42
8 9 43
13 9 43
8 10 44
13 10 44
8 9 45
13 9 45
8 10 46
13 10 46
8 9 47
13 9 47
8 10 48
13 10 48
8 9 49
13 9 49
8 10 50
13 10 50
8 9 51
13 9 51
8 10 52
13 10 52
8 9 53
13 9 53
8 10 54
13 10 54
8 9 55
13 9 55
8 10 56
13 10 56
8 9 57
13 9 57
8 10 58
13 10 58
8 9 59
13 9 59
8 10 60
13 10 60
8 9 61
13 9 61
8 10 62
13 10 62
8 9 63
13 9 63
8 10 64
13 10 64
8 9 65
13 9 65
8 10 66
13 10 66
8 9 67
13 9 67
8 10 68
13 10 68
8 9 69
13 9 69
8 10 70
13 10 70
8 9 71
13 9 71
8 10 72
13 10 72
8 9 73
13 9 73
8 10 74
13 10 74
8 9 75
13 9 75
8 10 76
13 10 76
8 9 77
13 9 77
8 10 78
13 10 78
8 9 79
13 9 79
8 10 80
13 10 80
8 9 81
13 9 81
8 10 82
13 10 82
