9 11 1
10 11 1
9 14 2
10 14 2
9 11 3
10 11 3
9 14 4
10 14 4
9 11 5
10 11 5
9 14 6
10 14 6
9 11 7
10 11 7
9 14 8
10 14 8
9 11 9
10 11 9
9 14 10
10 14 10
9 11 11
10 11 11
9 14 12
10 14 12
9 11 13
10 11 13
9 14 14
10 14 14
9 11 15
10 11 15
9 14 16
10 14 16
9 11 17
10 11 17
9 14 18
10 14 18
9 11 19
10 11 19
9 14 20
10 14 20
9 11 21
10 11 21
9 14 22
10 14 22
9 11 23
10 11 23
9 14 24
10 14 24
9 11 25
10 11 25
9 14 26
10 14 26
9 11 27
10 11 27
9 14 28
10 14 28
9 11 29
10 11 29
9 14 30
10 14 30
9 11 31
10 11 31
9 14 32
10 14 32
9 11 33
10 11 33
9 14 34
10 14 34
9 11 35
10 11 35
9 14 36
10 14 36
9 11 37
10 11 37
9 14 38
10 14 38
9 11 39
10 11 39
9 14 40
10 14 40
9 11 41
10 11 41
9 14 42
10 14 42
9 11 43
10 11 43
9 14 44
10 14 44
9 11 45
10 11 45
9 14 46
10 14 46
9 11 47
10 11 47
9 14 48
10 14 48
9 11 49
10 11 49
9 14 50
10 14 50
9 11 51
10 11 51
9 14 52
10 14 52
9 11 53
10 11 53
9 14 54
10 14 54
9 11 55
10 11 55
9 14 56
10 14 56
9 11 57
10 11 57
9 14 58
10 14 58
9 11 59
10 11 59
9 14 60
10 14 60
9 11 61
10 11 61
9 14 62
10 14 62
9 11 63
10 11 63
9 14 64
10 14 64
9 11 65
10 11 65
9 14 66
10 14 66
9 11 67
10 11 67
9 14 68
10 14 68
9 11 69
10 11 69
9 14 70
10 14 70
9 11 71
10 11 71
9 14 72
10 14 72
9 11 73
10 11 73
9 14 74
10 14 74
9 11 75
10 11 75
9 14 76
10 14 76
9 11 77
10 11 77
9 14 78
10 14 78
9 11 79
10 11 79
9 14 80
10 14 80
9 11 81
10 11 81
9 14 82
10 14 82
