0 1 1
5 1 1
0 4 2
5 4 2
0 1 3
5 1 3
0 4 4
5 4 4
0 1 5
5 1 5
0 4 6
5 4 6
0 1 7
5 1 7
0 4 8
5 4 8
0 1 9
5 1 9
0 4 10
5 4 10
0 1 11
5 1 11
0 4 12
5 4 12
0 1 13
5 1 13
0 4 14
5 4 14
0 1 15
5 1 15
0 4 16
5 4 16
0 1 17
5 1 17
0 4 18
5 4 18
0 1 19
5 1 19
0 4 20
5 4 20
0 1 21
5 1 21
0 4 22
5 4 22
0 1 23
5 1 23
0 4 24
5 4 24
0 1 25
5 1 25
0 4 26
5 4 26
0 1 27
5 1 27
0 4 28
5 4 28
0 1 29
5 1 29
0 4 30
5 4 30
0 1 31
5 1 31
0 4 32
5 4 32
0 1 33
5 1 33
0 4 34
5 4 34
0 1 35
5 1 35
0 4 36
5 4 36
0 1 37
5 1 37
0 4 38
5 4 38
0 1 39
5 1 39
0 4 40
5 4 40
0 1 41
5 1 41
0 4 42
5 4 42
