7 2 1
7 3 2
7 2 3
7 3 4
7 2 5
7 3 6
7 2 7
7 3 8
7 2 9
7 3 10
7 2 11
7 3 12
7 2 13
7 3 14
7 2 15
7 3 16
7 2 17
7 3 18
7 2 19
7 3 20
7 2 21
7 3 22
7 2 23
7 3 24
7 2 25
7 3 26
7 2 27
7 3 28
7 2 29
7 3 30
7 2 31
7 3 32
7 2 33
7 3 34
7 2 35
7 3 36
7 2 37
7 3 38
7 2 39
7 3 40
7 2 41
7 3 42
7 2 43
7 3 44
7 2 45
7 3 46
7 2 47
7 3 48
7 2 49
7 3 50
7 2 51
7 3 52
7 2 53
7 3 54
7 2 55
7 3 56
7 2 57
7 3 58
7 2 59
7 3 60
7 2 61
7 3 62
7 2 63
7 3 64
7 2 65
7 3 66
7 2 67
7 3 68
7 2 69
7 3 70
7 2 71
7 3 72
7 2 73
7 3 74
7 2 75
7 3 76
7 2 77
7 3 78
7 2 79
7 3 80
7 2 81
7 3 82
