6 7 1
15 7 1
6 7 2
15 7 2
6 7 3
15 7 3
6 7 4
15 7 4
6 7 5
15 7 5
6 7 6
15 7 6
6 7 7
15 7 7
6 7 8
15 7 8
6 7 9
15 7 9
6 7 10
15 7 10
6 7 11
15 7 11
6 7 12
15 7 12
6 7 13
15 7 13
6 7 14
15 7 14
6 7 15
15 7 15
6 7 16
15 7 16
6 7 17
15 7 17
6 7 18
15 7 18
6 7 19
15 7 19
6 7 20
15 7 20
6 7 21
15 7 21
6 7 22
15 7 22
6 7 23
15 7 23
6 7 24
15 7 24
6 7 25
15 7 25
6 7 26
15 7 26
6 7 27
15 7 27
6 7 28
15 7 28
6 7 29
15 7 29
6 7 30
15 7 30
6 7 31
15 7 31
6 7 32
15 7 32
6 7 33
15 7 33
6 7 34
15 7 34
6 7 35
15 7 35
6 7 36
15 7 36
6 7 37
15 7 37
6 7 38
15 7 38
6 7 39
15 7 39
6 7 40
15 7 40
6 7 41
15 7 41
