12 8 1
12 13 2
12 8 3
12 13 4
12 8 5
12 13 6
12 8 7
12 13 8
12 8 9
12 13 10
12 8 11
12 13 12
12 8 13
12 13 14
12 8 15
12 13 16
12 8 17
12 13 18
12 8 19
12 13 20
12 8 21
12 13 22
12 8 23
12 13 24
12 8 25
12 13 26
12 8 27
12 13 28
12 8 29
12 13 30
12 8 31
12 13 32
12 8 33
12 13 34
12 8 35
12 13 36
12 8 37
12 13 38
12 8 39
12 13 40
12 8 41
12 13 42
12 8 43
12 13 44
12 8 45
12 13 46
12 8 47
12 13 48
12 8 49
12 13 50
12 8 51
12 13 52
12 8 53
12 13 54
12 8 55
12 13 56
12 8 57
12 13 58
12 8 59
12 13 60
12 8 61
12 13 62
12 8 63
12 13 64
12 8 65
12 13 66
12 8 67
12 13 68
12 8 69
12 13 70
12 8 71
12 13 72
12 8 73
12 13 74
12 8 75
12 13 76
12 8 77
12 13 78
12 8 79
12 13 80
12 8 81
12 13 82
