2 0 1
3 0 1
2 5 2
3 5 2
2 0 3
3 0 3
2 5 4
3 5 4
2 0 5
3 0 5
2 5 6
3 5 6
2 0 7
3 0 7
2 5 8
3 5 8
2 0 9
3 0 9
2 5 10
3 5 10
2 0 11
3 0 11
2 5 12
3 5 12
2 0 13
3 0 13
2 5 14
3 5 14
2 0 15
3 0 15
2 5 16
3 5 16
2 0 17
3 0 17
2 5 18
3 5 18
2 0 19
3 0 19
2 5 20
3 5 20
2 0 21
3 0 21
2 5 22
3 5 22
2 0 23
3 0 23
2 5 24
3 5 24
2 0 25
3 0 25
2 5 26
3 5 26
2 0 27
3 0 27
2 5 28
3 5 28
2 0 29
3 0 29
2 5 30
3 5 30
2 0 31
3 0 31
2 5 32
3 5 32
2 0 33
3 0 33
2 5 34
3 5 34
2 0 35
3 0 35
2 5 36
3 5 36
2 0 37
3 0 37
2 5 38
3 5 38
2 0 39
3 0 39
2 5 40
3 5 40
2 0 41
3 0 41
2 5 42
3 5 42
