11 6 1
14 6 1
11 15 2
14 15 2
11 6 3
14 6 3
11 15 4
14 15 4
11 6 5
14 6 5
11 15 6
14 15 6
11 6 7
14 6 7
11 15 8
14 15 8
11 6 9
14 6 9
11 15 10
14 15 10
11 6 11
14 6 11
11 15 12
14 15 12
11 6 13
14 6 13
11 15 14
14 15 14
11 6 15
14 6 15
11 15 16
14 15 16
11 6 17
14 6 17
11 15 18
14 15 18
11 6 19
14 6 19
11 15 20
14 15 20
11 6 21
14 6 21
11 15 22
14 15 22
11 6 23
14 6 23
11 15 24
14 15 24
11 6 25
14 6 25
11 15 26
14 15 26
11 6 27
14 6 27
11 15 28
14 15 28
11 6 29
14 6 29
11 15 30
14 15 30
11 6 31
14 6 31
11 15 32
14 15 32
11 6 33
14 6 33
11 15 34
14 15 34
11 6 35
14 6 35
11 15 36
14 15 36
11 6 37
14 6 37
11 15 38
14 15 38
11 6 39
14 6 39
11 15 40
14 15 40
11 6 41
14 6 41
11 15 42
14 15 42
11 6 43
14 6 43
11 15 44
14 15 44
11 6 45
14 6 45
11 15 46
14 15 46
11 6 47
14 6 47
11 15 48
14 15 48
11 6 49
14 6 49
11 15 50
14 15 50
11 6 51
14 6 51
11 15 52
14 15 52
11 6 53
14 6 53
11 15 54
14 15 54
11 6 55
14 6 55
11 15 56
14 15 56
11 6 57
14 6 57
11 15 58
14 15 58
11 6 59
14 6 59
11 15 60
14 15 60
11 6 61
14 6 61
11 15 62
14 15 62
11 6 63
14 6 63
11 15 64
14 15 64
11 6 65
14 6 65
11 15 66
14 15 66
11 6 67
14 6 67
11 15 68
14 15 68
11 6 69
14 6 69
11 15 70
14 15 70
11 6 71
14 6 71
11 15 72
14 15 72
11 6 73
14 6 73
11 15 74
14 15 74
11 6 75
14 6 75
11 15 76
14 15 76
11 6 77
14 6 77
11 15 78
14 15 78
11 6 79
14 6 79
11 15 80
14 15 80
11 6 81
14 6 81
11 15 82
14 15 82
