9 13 1
12 13 1
9 13 2
12 13 2
9 13 3
12 13 3
9 13 4
12 13 4
9 13 5
12 13 5
9 13 6
12 13 6
9 13 7
12 13 7
9 13 8
12 13 8
9 13 9
12 13 9
9 13 10
12 13 10
9 13 11
12 13 11
9 13 12
12 13 12
9 13 13
12 13 13
9 13 14
12 13 14
9 13 15
12 13 15
9 13 16
12 13 16
9 13 17
12 13 17
9 13 18
12 13 18
9 13 19
12 13 19
9 13 20
12 13 20
9 13 21
12 13 21
9 13 22
12 13 22
9 13 23
12 13 23
9 13 24
12 13 24
9 13 25
12 13 25
9 13 26
12 13 26
9 13 27
12 13 27
9 13 28
12 13 28
9 13 29
12 13 29
9 13 30
12 13 30
9 13 31
12 13 31
9 13 32
12 13 32
9 13 33
12 13 33
9 13 34
12 13 34
9 13 35
12 13 35
9 13 36
12 13 36
9 13 37
12 13 37
9 13 38
12 13 38
9 13 39
12 13 39
9 13 40
12 13 40
9 13 41
12 13 41
9 13 42
12 13 42
9 13 43
12 13 43
9 13 44
12 13 44
9 13 45
12 13 45
9 13 46
12 13 46
9 13 47
12 13 47
9 13 48
12 13 48
9 13 49
12 13 49
9 13 50
12 13 50
9 13 51
12 13 51
9 13 52
12 13 52
9 13 53
12 13 53
9 13 54
12 13 54
9 13 55
12 13 55
9 13 56
12 13 56
9 13 57
12 13 57
9 13 58
12 13 58
9 13 59
12 13 59
9 13 60
12 13 60
9 13 61
12 13 61
9 13 62
12 13 62
9 13 63
12 13 63
9 13 64
12 13 64
9 13 65
12 13 65
9 13 66
12 13 66
9 13 67
12 13 67
9 13 68
12 13 68
9 13 69
12 13 69
9 13 70
12 13 70
9 13 71
12 13 71
9 13 72
12 13 72
9 13 73
12 13 73
9 13 74
12 13 74
9 13 75
12 13 75
9 13 76
12 13 76
9 13 77
12 13 77
9 13 78
12 13 78
9 13 79
12 13 79
9 13 80
12 13 80
9 13 81
12 13 81
9 13 82
12 13 82
9 13 83
12 13 83
9 13 84
12 13 84
9 13 85
12 13 85
9 13 86
12 13 86
9 13 87
12 13 87
9 13 88
12 13 88
9 13 89
12 13 89
9 13 90
12 13 90
9 13 91
12 13 91
9 13 92
12 13 92
9 13 93
12 13 93
9 13 94
12 13 94
9 13 95
12 13 95
9 13 96
12 13 96
9 13 97
12 13 97
9 13 98
12 13 98
9 13 99
12 13 99
9 13 100
12 13 100
9 13 101
12 13 101
9 13 102
12 13 102
9 13 103
12 13 103
9 13 104
12 13 104
9 13 105
12 13 105
9 13 106
12 13 106
9 13 107
12 13 107
9 13 108
12 13 108
9 13 109
12 13 109
9 13 110
12 13 110
9 13 111
12 13 111
9 13 112
12 13 112
9 13 113
12 13 113
9 13 114
12 13 114
9 13 115
12 13 115
9 13 116
12 13 116
9 13 117
12 13 117
9 13 118
12 13 118
9 13 119
12 13 119
9 13 120
12 13 120
9 13 121
12 13 121
9 13 122
12 13 122
9 13 123
12 13 123
9 13 124
12 13 124
9 13 125
12 13 125
9 13 126
12 13 126
9 13 127
12 13 127
9 13 128
12 13 128
9 13 129
12 13 129
9 13 130
12 13 130
9 13 131
12 13 131
9 13 132
12 13 132
9 13 133
12 13 133
9 13 134
12 13 134
9 13 135
12 13 135
9 13 136
12 13 136
9 13 137
12 13 137
9 13 138
12 13 138
9 13 139
12 13 139
9 13 140
12 13 140
9 13 141
12 13 141
9 13 142
12 13 142
9 13 143
12 13 143
9 13 144
12 13 144
9 13 145
12 13 145
9 13 146
12 13 146
9 13 147
12 13 147
9 13 148
12 13 148
9 13 149
12 13 149
9 13 150
12 13 150
9 13 151
12 13 151
9 13 152
12 13 152
9 13 153
12 13 153
9 13 154
12 13 154
9 13 155
12 13 155
9 13 156
12 13 156
9 13 157
12 13 157
9 13 158
12 13 158
9 13 159
12 13 159
9 13 160
12 13 160
9 13 161
12 13 161
9 13 162
12 13 162
9 13 163
12 13 163
9 13 164
12 13 164
9 13 165
12 13 165
9 13 166
12 13 166
9 13 167
12 13 167
9 13 168
12 13 168
9 13 169
12 13 169
9 13 170
12 13 170
9 13 171
12 13 171
9 13 172
12 13 172
9 13 173
12 13 173
9 13 174
12 13 174
9 13 175
12 13 175
9 13 176
12 13 176
9 13 177
12 13 177
9 13 178
12 13 178
9 13 179
12 13 179
9 13 180
12 13 180
9 13 181
12 13 181
9 13 182
12 13 182
9 13 183
12 13 183
9 13 184
12 13 184
9 13 185
12 13 185
9 13 186
12 13 186
9 13 187
12 13 187
9 13 188
12 13 188
9 13 189
12 13 189
9 13 190
12 13 190
9 13 191
12 13 191
9 13 192
12 13 192
9 13 193
12 13 193
9 13 194
12 13 194
9 13 195
12 13 195
9 13 196
12 13 196
9 13 197
12 13 197
9 13 198
12 13 198
9 13 199
12 13 199
9 13 200
12 13 200
9 13 201
12 13 201
9 13 202
12 13 202
9 13 203
12 13 203
9 13 204
12 13 204
9 13 205
12 13 205
9 13 206
12 13 206
9 13 207
12 13 207
9 13 208
12 13 208
9 13 209
12 13 209
9 13 210
12 13 210
9 13 211
12 13 211
9 13 212
12 13 212
9 13 213
12 13 213
9 13 214
12 13 214
9 13 215
12 13 215
9 13 216
12 13 216
9 13 217
12 13 217
9 13 218
12 13 218
9 13 219
12 13 219
9 13 220
12 13 220
9 13 221
12 13 221
9 13 222
12 13 222
9 13 223
12 13 223
9 13 224
12 13 224
9 13 225
12 13 225
9 13 226
12 13 226
9 13 227
12 13 227
9 13 228
12 13 228
9 13 229
12 13 229
9 13 230
12 13 230
9 13 231
12 13 231
9 13 232
12 13 232
9 13 233
12 13 233
9 13 234
12 13 234
9 13 235
12 13 235
9 13 236
12 13 236
9 13 237
12 13 237
9 13 238
12 13 238
9 13 239
12 13 239
9 13 240
12 13 240
9 13 241
12 13 241
9 13 242
12 13 242
9 13 243
12 13 243
9 13 244
12 13 244
9 13 245
12 13 245
9 13 246
12 13 246
9 13 247
12 13 247
9 13 248
12 13 248
9 13 249
12 13 249
9 13 250
12 13 250
9 13 251
12 13 251
9 13 252
12 13 252
9 13 253
12 13 253
9 13 254
12 13 254
9 13 255
12 13 255
9 13 256
12 13 256
9 13 257
12 13 257
9 13 258
12 13 258
9 13 259
12 13 259
9 13 260
12 13 260
9 13 261
12 13 261
9 13 262
12 13 262
9 13 263
12 13 263
9 13 264
12 13 264
9 13 265
12 13 265
9 13 266
12 13 266
9 13 267
12 13 267
9 13 268
12 13 268
9 13 269
12 13 269
9 13 270
12 13 270
9 13 271
12 13 271
9 13 272
12 13 272
9 13 273
12 13 273
9 13 274
12 13 274
9 13 275
12 13 275
9 13 276
12 13 276
9 13 277
12 13 277
9 13 278
12 13 278
9 13 279
12 13 279
9 13 280
12 13 280
9 13 281
12 13 281
9 13 282
12 13 282
9 13 283
12 13 283
9 13 284
12 13 284
9 13 285
12 13 285
9 13 286
12 13 286
9 13 287
12 13 287
9 13 288
12 13 288
9 13 289
12 13 289
9 13 290
12 13 290
9 13 291
12 13 291
9 13 292
12 13 292
9 13 293
12 13 293
9 13 294
12 13 294
9 13 295
12 13 295
9 13 296
12 13 296
9 13 297
12 13 297
9 13 298
12 13 298
9 13 299
12 13 299
9 13 300
12 13 300
9 13 301
12 13 301
9 13 302
12 13 302
9 13 303
12 13 303
9 13 304
12 13 304
9 13 305
12 13 305
9 13 306
12 13 306
9 13 307
12 13 307
9 13 308
12 13 308
9 13 309
12 13 309
9 13 310
12 13 310
9 13 311
12 13 311
9 13 312
12 13 312
9 13 313
12 13 313
9 13 314
12 13 314
9 13 315
12 13 315
9 13 316
12 13 316
9 13 317
12 13 317
9 13 318
12 13 318
9 13 319
12 13 319
9 13 320
12 13 320
9 13 321
12 13 321
9 13 322
12 13 322
9 13 323
12 13 323
9 13 324
12 13 324
9 13 325
12 13 325
9 13 326
12 13 326
9 13 327
12 13 327
9 13 328
12 13 328
