6 3 1
7 3 1
6 5 2
7 5 2
6 3 3
7 3 3
6 5 4
7 5 4
6 3 5
7 3 5
6 5 6
7 5 6
6 3 7
7 3 7
6 5 8
7 5 8
6 3 9
7 3 9
6 5 10
7 5 10
6 3 11
7 3 11
6 5 12
7 5 12
6 3 13
7 3 13
6 5 14
7 5 14
6 3 15
7 3 15
6 5 16
7 5 16
6 3 17
7 3 17
6 5 18
7 5 18
6 3 19
7 3 19
6 5 20
7 5 20
6 3 21
7 3 21
6 5 22
7 5 22
6 3 23
7 3 23
6 5 24
7 5 24
6 3 25
7 3 25
6 5 26
7 5 26
6 3 27
7 3 27
6 5 28
7 5 28
6 3 29
7 3 29
6 5 30
7 5 30
6 3 31
7 3 31
6 5 32
7 5 32
6 3 33
7 3 33
6 5 34
7 5 34
6 3 35
7 3 35
6 5 36
7 5 36
6 3 37
7 3 37
6 5 38
7 5 38
6 3 39
7 3 39
6 5 40
7 5 40
6 3 41
7 3 41
6 5 42
7 5 42
6 3 43
7 3 43
6 5 44
7 5 44
6 3 45
7 3 45
6 5 46
7 5 46
6 3 47
7 3 47
6 5 48
7 5 48
6 3 49
7 3 49
6 5 50
7 5 50
6 3 51
7 3 51
6 5 52
7 5 52
6 3 53
7 3 53
6 5 54
7 5 54
6 3 55
7 3 55
6 5 56
7 5 56
6 3 57
7 3 57
6 5 58
7 5 58
6 3 59
7 3 59
6 5 60
7 5 60
6 3 61
7 3 61
6 5 62
7 5 62
6 3 63
7 3 63
6 5 64
7 5 64
6 3 65
7 3 65
6 5 66
7 5 66
6 3 67
7 3 67
6 5 68
7 5 68
6 3 69
7 3 69
6 5 70
7 5 70
6 3 71
7 3 71
6 5 72
7 5 72
6 3 73
7 3 73
6 5 74
7 5 74
6 3 75
7 3 75
6 5 76
7 5 76
6 3 77
7 3 77
6 5 78
7 5 78
6 3 79
7 3 79
6 5 80
7 5 80
6 3 81
7 3 81
6 5 82
7 5 82
6 3 83
7 3 83
6 5 84
7 5 84
6 3 85
7 3 85
6 5 86
7 5 86
6 3 87
7 3 87
6 5 88
7 5 88
6 3 89
7 3 89
6 5 90
7 5 90
6 3 91
7 3 91
6 5 92
7 5 92
6 3 93
7 3 93
6 5 94
7 5 94
6 3 95
7 3 95
6 5 96
7 5 96
6 3 97
7 3 97
6 5 98
7 5 98
6 3 99
7 3 99
6 5 100
7 5 100
6 3 101
7 3 101
6 5 102
7 5 102
6 3 103
7 3 103
6 5 104
7 5 104
6 3 105
7 3 105
6 5 106
7 5 106
6 3 107
7 3 107
6 5 108
7 5 108
6 3 109
7 3 109
6 5 110
7 5 110
6 3 111
7 3 111
6 5 112
7 5 112
6 3 113
7 3 113
6 5 114
7 5 114
6 3 115
7 3 115
6 5 116
7 5 116
6 3 117
7 3 117
6 5 118
7 5 118
6 3 119
7 3 119
6 5 120
7 5 120
6 3 121
7 3 121
6 5 122
7 5 122
6 3 123
7 3 123
6 5 124
7 5 124
6 3 125
7 3 125
6 5 126
7 5 126
6 3 127
7 3 127
6 5 128
7 5 128
6 3 129
7 3 129
6 5 130
7 5 130
6 3 131
7 3 131
6 5 132
7 5 132
6 3 133
7 3 133
6 5 134
7 5 134
6 3 135
7 3 135
6 5 136
7 5 136
6 3 137
7 3 137
6 5 138
7 5 138
6 3 139
7 3 139
6 5 140
7 5 140
6 3 141
7 3 141
6 5 142
7 5 142
6 3 143
7 3 143
6 5 144
7 5 144
6 3 145
7 3 145
6 5 146
7 5 146
6 3 147
7 3 147
6 5 148
7 5 148
6 3 149
7 3 149
6 5 150
7 5 150
6 3 151
7 3 151
6 5 152
7 5 152
6 3 153
7 3 153
6 5 154
7 5 154
6 3 155
7 3 155
6 5 156
7 5 156
6 3 157
7 3 157
6 5 158
7 5 158
6 3 159
7 3 159
6 5 160
7 5 160
6 3 161
7 3 161
6 5 162
7 5 162
6 3 163
7 3 163
6 5 164
7 5 164
6 3 165
7 3 165
6 5 166
7 5 166
6 3 167
7 3 167
6 5 168
7 5 168
6 3 169
7 3 169
6 5 170
7 5 170
6 3 171
7 3 171
6 5 172
7 5 172
6 3 173
7 3 173
6 5 174
7 5 174
6 3 175
7 3 175
6 5 176
7 5 176
6 3 177
7 3 177
6 5 178
7 5 178
6 3 179
7 3 179
6 5 180
7 5 180
6 3 181
7 3 181
6 5 182
7 5 182
6 3 183
7 3 183
6 5 184
7 5 184
6 3 185
7 3 185
6 5 186
7 5 186
6 3 187
7 3 187
6 5 188
7 5 188
6 3 189
7 3 189
6 5 190
7 5 190
6 3 191
7 3 191
6 5 192
7 5 192
6 3 193
7 3 193
6 5 194
7 5 194
6 3 195
7 3 195
6 5 196
7 5 196
6 3 197
7 3 197
6 5 198
7 5 198
6 3 199
7 3 199
6 5 200
7 5 200
6 3 201
7 3 201
6 5 202
7 5 202
6 3 203
7 3 203
6 5 204
7 5 204
6 3 205
7 3 205
6 5 206
7 5 206
6 3 207
7 3 207
6 5 208
7 5 208
6 3 209
7 3 209
6 5 210
7 5 210
6 3 211
7 3 211
6 5 212
7 5 212
6 3 213
7 3 213
6 5 214
7 5 214
6 3 215
7 3 215
6 5 216
7 5 216
6 3 217
7 3 217
6 5 218
7 5 218
6 3 219
7 3 219
6 5 220
7 5 220
6 3 221
7 3 221
6 5 222
7 5 222
6 3 223
7 3 223
6 5 224
7 5 224
6 3 225
7 3 225
6 5 226
7 5 226
6 3 227
7 3 227
6 5 228
7 5 228
6 3 229
7 3 229
6 5 230
7 5 230
6 3 231
7 3 231
6 5 232
7 5 232
6 3 233
7 3 233
6 5 234
7 5 234
6 3 235
7 3 235
6 5 236
7 5 236
6 3 237
7 3 237
6 5 238
7 5 238
6 3 239
7 3 239
6 5 240
7 5 240
6 3 241
7 3 241
6 5 242
7 5 242
6 3 243
7 3 243
6 5 244
7 5 244
6 3 245
7 3 245
6 5 246
7 5 246
6 3 247
7 3 247
6 5 248
7 5 248
6 3 249
7 3 249
6 5 250
7 5 250
6 3 251
7 3 251
6 5 252
7 5 252
6 3 253
7 3 253
6 5 254
7 5 254
6 3 255
7 3 255
6 5 256
7 5 256
6 3 257
7 3 257
6 5 258
7 5 258
6 3 259
7 3 259
6 5 260
7 5 260
6 3 261
7 3 261
6 5 262
7 5 262
6 3 263
7 3 263
6 5 264
7 5 264
6 3 265
7 3 265
6 5 266
7 5 266
6 3 267
7 3 267
6 5 268
7 5 268
6 3 269
7 3 269
6 5 270
7 5 270
6 3 271
7 3 271
6 5 272
7 5 272
6 3 273
7 3 273
6 5 274
7 5 274
6 3 275
7 3 275
6 5 276
7 5 276
6 3 277
7 3 277
6 5 278
7 5 278
6 3 279
7 3 279
6 5 280
7 5 280
6 3 281
7 3 281
6 5 282
7 5 282
6 3 283
7 3 283
6 5 284
7 5 284
6 3 285
7 3 285
6 5 286
7 5 286
6 3 287
7 3 287
6 5 288
7 5 288
6 3 289
7 3 289
6 5 290
7 5 290
6 3 291
7 3 291
6 5 292
7 5 292
6 3 293
7 3 293
6 5 294
7 5 294
6 3 295
7 3 295
6 5 296
7 5 296
6 3 297
7 3 297
6 5 298
7 5 298
6 3 299
7 3 299
6 5 300
7 5 300
6 3 301
7 3 301
6 5 302
7 5 302
6 3 303
7 3 303
6 5 304
7 5 304
6 3 305
7 3 305
6 5 306
7 5 306
6 3 307
7 3 307
6 5 308
7 5 308
6 3 309
7 3 309
6 5 310
7 5 310
6 3 311
7 3 311
6 5 312
7 5 312
6 3 313
7 3 313
6 5 314
7 5 314
6 3 315
7 3 315
6 5 316
7 5 316
6 3 317
7 3 317
6 5 318
7 5 318
6 3 319
7 3 319
6 5 320
7 5 320
6 3 321
7 3 321
6 5 322
7 5 322
6 3 323
7 3 323
6 5 324
7 5 324
6 3 325
7 3 325
6 5 326
7 5 326
6 3 327
7 3 327
6 5 328
7 5 328
6 3 329
7 3 329
6 5 330
7 5 330
6 3 331
7 3 331
6 5 332
7 5 332
6 3 333
7 3 333
6 5 334
7 5 334
6 3 335
7 3 335
6 5 336
7 5 336
6 3 337
7 3 337
6 5 338
7 5 338
6 3 339
7 3 339
6 5 340
7 5 340
6 3 341
7 3 341
6 5 342
7 5 342
6 3 343
7 3 343
6 5 344
7 5 344
6 3 345
7 3 345
6 5 346
7 5 346
6 3 347
7 3 347
6 5 348
7 5 348
6 3 349
7 3 349
6 5 350
7 5 350
6 3 351
7 3 351
6 5 352
7 5 352
6 3 353
7 3 353
6 5 354
7 5 354
6 3 355
7 3 355
6 5 356
7 5 356
6 3 357
7 3 357
6 5 358
7 5 358
6 3 359
7 3 359
6 5 360
7 5 360
6 3 361
7 3 361
6 5 362
7 5 362
6 3 363
7 3 363
6 5 364
7 5 364
6 3 365
7 3 365
6 5 366
7 5 366
6 3 367
7 3 367
6 5 368
7 5 368
6 3 369
7 3 369
6 5 370
7 5 370
6 3 371
7 3 371
6 5 372
7 5 372
6 3 373
7 3 373
6 5 374
7 5 374
6 3 375
7 3 375
6 5 376
7 5 376
6 3 377
7 3 377
6 5 378
7 5 378
6 3 379
7 3 379
6 5 380
7 5 380
6 3 381
7 3 381
6 5 382
7 5 382
6 3 383
7 3 383
6 5 384
7 5 384
6 3 385
7 3 385
6 5 386
7 5 386
6 3 387
7 3 387
6 5 388
7 5 388
6 3 389
7 3 389
6 5 390
7 5 390
6 3 391
7 3 391
6 5 392
7 5 392
6 3 393
7 3 393
6 5 394
7 5 394
6 3 395
7 3 395
6 5 396
7 5 396
6 3 397
7 3 397
6 5 398
7 5 398
6 3 399
7 3 399
6 5 400
7 5 400
6 3 401
7 3 401
6 5 402
7 5 402
6 3 403
7 3 403
6 5 404
7 5 404
6 3 405
7 3 405
6 5 406
7 5 406
6 3 407
7 3 407
6 5 408
7 5 408
6 3 409
7 3 409
6 5 410
7 5 410
6 3 411
7 3 411
6 5 412
7 5 412
6 3 413
7 3 413
6 5 414
7 5 414
6 3 415
7 3 415
6 5 416
7 5 416
6 3 417
7 3 417
6 5 418
7 5 418
6 3 419
7 3 419
6 5 420
7 5 420
6 3 421
7 3 421
6 5 422
7 5 422
6 3 423
7 3 423
6 5 424
7 5 424
6 3 425
7 3 425
6 5 426
7 5 426
6 3 427
7 3 427
6 5 428
7 5 428
6 3 429
7 3 429
6 5 430
7 5 430
6 3 431
7 3 431
6 5 432
7 5 432
6 3 433
7 3 433
6 5 434
7 5 434
6 3 435
7 3 435
6 5 436
7 5 436
6 3 437
7 3 437
6 5 438
7 5 438
6 3 439
7 3 439
6 5 440
7 5 440
6 3 441
7 3 441
6 5 442
7 5 442
6 3 443
7 3 443
6 5 444
7 5 444
6 3 445
7 3 445
6 5 446
7 5 446
6 3 447
7 3 447
6 5 448
7 5 448
6 3 449
7 3 449
6 5 450
7 5 450
6 3 451
7 3 451
6 5 452
7 5 452
6 3 453
7 3 453
6 5 454
7 5 454
6 3 455
7 3 455
6 5 456
7 5 456
6 3 457
7 3 457
6 5 458
7 5 458
6 3 459
7 3 459
6 5 460
7 5 460
6 3 461
7 3 461
6 5 462
7 5 462
6 3 463
7 3 463
6 5 464
7 5 464
6 3 465
7 3 465
6 5 466
7 5 466
6 3 467
7 3 467
6 5 468
7 5 468
6 3 469
7 3 469
6 5 470
7 5 470
6 3 471
7 3 471
6 5 472
7 5 472
6 3 473
7 3 473
6 5 474
7 5 474
6 3 475
7 3 475
6 5 476
7 5 476
6 3 477
7 3 477
6 5 478
7 5 478
6 3 479
7 3 479
6 5 480
7 5 480
6 3 481
7 3 481
6 5 482
7 5 482
6 3 483
7 3 483
6 5 484
7 5 484
6 3 485
7 3 485
6 5 486
7 5 486
6 3 487
7 3 487
6 5 488
7 5 488
6 3 489
7 3 489
6 5 490
7 5 490
6 3 491
7 3 491
6 5 492
7 5 492
6 3 493
7 3 493
6 5 494
7 5 494
6 3 495
7 3 495
6 5 496
7 5 496
6 3 497
7 3 497
6 5 498
7 5 498
6 3 499
7 3 499
6 5 500
7 5 500
6 3 501
7 3 501
6 5 502
7 5 502
6 3 503
7 3 503
6 5 504
7 5 504
6 3 505
7 3 505
6 5 506
7 5 506
6 3 507
7 3 507
6 5 508
7 5 508
6 3 509
7 3 509
6 5 510
7 5 510
6 3 511
7 3 511
6 5 512
7 5 512
6 3 513
7 3 513
6 5 514
7 5 514
6 3 515
7 3 515
6 5 516
7 5 516
6 3 517
7 3 517
6 5 518
7 5 518
6 3 519
7 3 519
6 5 520
7 5 520
6 3 521
7 3 521
6 5 522
7 5 522
6 3 523
7 3 523
6 5 524
7 5 524
6 3 525
7 3 525
6 5 526
7 5 526
6 3 527
7 3 527
6 5 528
7 5 528
6 3 529
7 3 529
6 5 530
7 5 530
6 3 531
7 3 531
6 5 532
7 5 532
6 3 533
7 3 533
6 5 534
7 5 534
6 3 535
7 3 535
6 5 536
7 5 536
6 3 537
7 3 537
6 5 538
7 5 538
6 3 539
7 3 539
6 5 540
7 5 540
6 3 541
7 3 541
6 5 542
7 5 542
6 3 543
7 3 543
6 5 544
7 5 544
6 3 545
7 3 545
6 5 546
7 5 546
6 3 547
7 3 547
6 5 548
7 5 548
6 3 549
7 3 549
6 5 550
7 5 550
6 3 551
7 3 551
6 5 552
7 5 552
6 3 553
7 3 553
6 5 554
7 5 554
6 3 555
7 3 555
6 5 556
7 5 556
6 3 557
7 3 557
6 5 558
7 5 558
6 3 559
7 3 559
6 5 560
7 5 560
6 3 561
7 3 561
6 5 562
7 5 562
6 3 563
7 3 563
6 5 564
7 5 564
6 3 565
7 3 565
6 5 566
7 5 566
6 3 567
7 3 567
6 5 568
7 5 568
6 3 569
7 3 569
6 5 570
7 5 570
6 3 571
7 3 571
6 5 572
7 5 572
6 3 573
7 3 573
6 5 574
7 5 574
6 3 575
7 3 575
6 5 576
7 5 576
6 3 577
7 3 577
6 5 578
7 5 578
6 3 579
7 3 579
6 5 580
7 5 580
6 3 581
7 3 581
6 5 582
7 5 582
6 3 583
7 3 583
6 5 584
7 5 584
6 3 585
7 3 585
6 5 586
7 5 586
6 3 587
7 3 587
6 5 588
7 5 588
6 3 589
7 3 589
6 5 590
7 5 590
6 3 591
7 3 591
6 5 592
7 5 592
6 3 593
7 3 593
6 5 594
7 5 594
6 3 595
7 3 595
6 5 596
7 5 596
6 3 597
7 3 597
6 5 598
7 5 598
6 3 599
7 3 599
6 5 600
7 5 600
6 3 601
7 3 601
6 5 602
7 5 602
6 3 603
7 3 603
6 5 604
7 5 604
6 3 605
7 3 605
6 5 606
7 5 606
6 3 607
7 3 607
6 5 608
7 5 608
6 3 609
7 3 609
6 5 610
7 5 610
6 3 611
7 3 611
6 5 612
7 5 612
6 3 613
7 3 613
6 5 614
7 5 614
6 3 615
7 3 615
6 5 616
7 5 616
6 3 617
7 3 617
6 5 618
7 5 618
6 3 619
7 3 619
6 5 620
7 5 620
6 3 621
7 3 621
6 5 622
7 5 622
6 3 623
7 3 623
6 5 624
7 5 624
6 3 625
7 3 625
6 5 626
7 5 626
6 3 627
7 3 627
6 5 628
7 5 628
6 3 629
7 3 629
6 5 630
7 5 630
6 3 631
7 3 631
6 5 632
7 5 632
6 3 633
7 3 633
6 5 634
7 5 634
6 3 635
7 3 635
6 5 636
7 5 636
6 3 637
7 3 637
6 5 638
7 5 638
6 3 639
7 3 639
6 5 640
7 5 640
6 3 641
7 3 641
6 5 642
7 5 642
6 3 643
7 3 643
6 5 644
7 5 644
6 3 645
7 3 645
6 5 646
7 5 646
6 3 647
7 3 647
6 5 648
7 5 648
6 3 649
7 3 649
6 5 650
7 5 650
6 3 651
7 3 651
6 5 652
7 5 652
6 3 653
7 3 653
6 5 654
7 5 654
6 3 655
7 3 655
6 5 656
7 5 656
6 3 657
7 3 657
6 5 658
7 5 658
6 3 659
7 3 659
6 5 660
7 5 660
6 3 661
7 3 661
6 5 662
7 5 662
6 3 663
7 3 663
6 5 664
7 5 664
6 3 665
7 3 665
6 5 666
7 5 666
6 3 667
7 3 667
6 5 668
7 5 668
6 3 669
7 3 669
6 5 670
7 5 670
6 3 671
7 3 671
6 5 672
7 5 672
6 3 673
7 3 673
6 5 674
7 5 674
6 3 675
7 3 675
6 5 676
7 5 676
6 3 677
7 3 677
6 5 678
7 5 678
6 3 679
7 3 679
6 5 680
7 5 680
6 3 681
7 3 681
6 5 682
7 5 682
6 3 683
7 3 683
6 5 684
7 5 684
6 3 685
7 3 685
6 5 686
7 5 686
6 3 687
7 3 687
6 5 688
7 5 688
6 3 689
7 3 689
6 5 690
7 5 690
6 3 691
7 3 691
6 5 692
7 5 692
6 3 693
7 3 693
6 5 694
7 5 694
6 3 695
7 3 695
6 5 696
7 5 696
6 3 697
7 3 697
6 5 698
7 5 698
6 3 699
7 3 699
6 5 700
7 5 700
6 3 701
7 3 701
6 5 702
7 5 702
6 3 703
7 3 703
6 5 704
7 5 704
6 3 705
7 3 705
6 5 706
7 5 706
6 3 707
7 3 707
6 5 708
7 5 708
6 3 709
7 3 709
6 5 710
7 5 710
6 3 711
7 3 711
6 5 712
7 5 712
6 3 713
7 3 713
6 5 714
7 5 714
6 3 715
7 3 715
6 5 716
7 5 716
6 3 717
7 3 717
6 5 718
7 5 718
6 3 719
7 3 719
6 5 720
7 5 720
6 3 721
7 3 721
6 5 722
7 5 722
6 3 723
7 3 723
6 5 724
7 5 724
6 3 725
7 3 725
6 5 726
7 5 726
6 3 727
7 3 727
6 5 728
7 5 728
6 3 729
7 3 729
6 5 730
7 5 730
6 3 731
7 3 731
6 5 732
7 5 732
6 3 733
7 3 733
6 5 734
7 5 734
6 3 735
7 3 735
6 5 736
7 5 736
6 3 737
7 3 737
6 5 738
7 5 738
6 3 739
7 3 739
6 5 740
7 5 740
6 3 741
7 3 741
6 5 742
7 5 742
6 3 743
7 3 743
6 5 744
7 5 744
6 3 745
7 3 745
6 5 746
7 5 746
6 3 747
7 3 747
6 5 748
7 5 748
6 3 749
7 3 749
6 5 750
7 5 750
6 3 751
7 3 751
6 5 752
7 5 752
6 3 753
7 3 753
6 5 754
7 5 754
6 3 755
7 3 755
6 5 756
7 5 756
6 3 757
7 3 757
6 5 758
7 5 758
6 3 759
7 3 759
6 5 760
7 5 760
6 3 761
7 3 761
6 5 762
7 5 762
6 3 763
7 3 763
6 5 764
7 5 764
6 3 765
7 3 765
6 5 766
7 5 766
6 3 767
7 3 767
6 5 768
7 5 768
6 3 769
7 3 769
6 5 770
7 5 770
6 3 771
7 3 771
6 5 772
7 5 772
6 3 773
7 3 773
6 5 774
7 5 774
6 3 775
7 3 775
6 5 776
7 5 776
6 3 777
7 3 777
6 5 778
7 5 778
6 3 779
7 3 779
6 5 780
7 5 780
6 3 781
7 3 781
6 5 782
7 5 782
6 3 783
7 3 783
6 5 784
7 5 784
6 3 785
7 3 785
6 5 786
7 5 786
6 3 787
7 3 787
6 5 788
7 5 788
6 3 789
7 3 789
6 5 790
7 5 790
6 3 791
7 3 791
6 5 792
7 5 792
6 3 793
7 3 793
6 5 794
7 5 794
6 3 795
7 3 795
6 5 796
7 5 796
6 3 797
7 3 797
6 5 798
7 5 798
6 3 799
7 3 799
6 5 800
7 5 800
6 3 801
7 3 801
6 5 802
7 5 802
6 3 803
7 3 803
6 5 804
7 5 804
6 3 805
7 3 805
6 5 806
7 5 806
6 3 807
7 3 807
6 5 808
7 5 808
6 3 809
7 3 809
6 5 810
7 5 810
6 3 811
7 3 811
6 5 812
7 5 812
6 3 813
7 3 813
6 5 814
7 5 814
6 3 815
7 3 815
6 5 816
7 5 816
6 3 817
7 3 817
6 5 818
7 5 818
6 3 819
7 3 819
6 5 820
7 5 820
6 3 821
7 3 821
6 5 822
7 5 822
6 3 823
7 3 823
6 5 824
7 5 824
6 3 825
7 3 825
6 5 826
7 5 826
6 3 827
7 3 827
6 5 828
7 5 828
6 3 829
7 3 829
6 5 830
7 5 830
6 3 831
7 3 831
6 5 832
7 5 832
6 3 833
7 3 833
6 5 834
7 5 834
6 3 835
7 3 835
6 5 836
7 5 836
6 3 837
7 3 837
6 5 838
7 5 838
6 3 839
7 3 839
6 5 840
7 5 840
6 3 841
7 3 841
6 5 842
7 5 842
6 3 843
7 3 843
6 5 844
7 5 844
6 3 845
7 3 845
6 5 846
7 5 846
6 3 847
7 3 847
6 5 848
7 5 848
6 3 849
7 3 849
6 5 850
7 5 850
6 3 851
7 3 851
6 5 852
7 5 852
6 3 853
7 3 853
6 5 854
7 5 854
6 3 855
7 3 855
6 5 856
7 5 856
6 3 857
7 3 857
6 5 858
7 5 858
6 3 859
7 3 859
6 5 860
7 5 860
6 3 861
7 3 861
6 5 862
7 5 862
6 3 863
7 3 863
6 5 864
7 5 864
6 3 865
7 3 865
6 5 866
7 5 866
6 3 867
7 3 867
6 5 868
7 5 868
6 3 869
7 3 869
6 5 870
7 5 870
6 3 871
7 3 871
6 5 872
7 5 872
6 3 873
7 3 873
6 5 874
7 5 874
6 3 875
7 3 875
6 5 876
7 5 876
6 3 877
7 3 877
6 5 878
7 5 878
6 3 879
7 3 879
6 5 880
7 5 880
6 3 881
7 3 881
6 5 882
7 5 882
6 3 883
7 3 883
6 5 884
7 5 884
6 3 885
7 3 885
6 5 886
7 5 886
6 3 887
7 3 887
6 5 888
7 5 888
6 3 889
7 3 889
6 5 890
7 5 890
6 3 891
7 3 891
6 5 892
7 5 892
6 3 893
7 3 893
6 5 894
7 5 894
6 3 895
7 3 895
6 5 896
7 5 896
6 3 897
7 3 897
6 5 898
7 5 898
6 3 899
7 3 899
6 5 900
7 5 900
6 3 901
7 3 901
6 5 902
7 5 902
6 3 903
7 3 903
6 5 904
7 5 904
6 3 905
7 3 905
6 5 906
7 5 906
6 3 907
7 3 907
6 5 908
7 5 908
6 3 909
7 3 909
6 5 910
7 5 910
6 3 911
7 3 911
6 5 912
7 5 912
6 3 913
7 3 913
6 5 914
7 5 914
6 3 915
7 3 915
6 5 916
7 5 916
6 3 917
7 3 917
6 5 918
7 5 918
6 3 919
7 3 919
6 5 920
7 5 920
6 3 921
7 3 921
6 5 922
7 5 922
6 3 923
7 3 923
6 5 924
7 5 924
6 3 925
7 3 925
6 5 926
7 5 926
6 3 927
7 3 927
6 5 928
7 5 928
6 3 929
7 3 929
6 5 930
7 5 930
6 3 931
7 3 931
6 5 932
7 5 932
6 3 933
7 3 933
6 5 934
7 5 934
6 3 935
7 3 935
6 5 936
7 5 936
6 3 937
7 3 937
6 5 938
7 5 938
6 3 939
7 3 939
6 5 940
7 5 940
6 3 941
7 3 941
6 5 942
7 5 942
6 3 943
7 3 943
6 5 944
7 5 944
6 3 945
7 3 945
6 5 946
7 5 946
6 3 947
7 3 947
6 5 948
7 5 948
6 3 949
7 3 949
6 5 950
7 5 950
6 3 951
7 3 951
6 5 952
7 5 952
6 3 953
7 3 953
6 5 954
7 5 954
6 3 955
7 3 955
6 5 956
7 5 956
6 3 957
7 3 957
6 5 958
7 5 958
6 3 959
7 3 959
6 5 960
7 5 960
6 3 961
7 3 961
6 5 962
7 5 962
6 3 963
7 3 963
6 5 964
7 5 964
6 3 965
7 3 965
6 5 966
7 5 966
6 3 967
7 3 967
6 5 968
7 5 968
6 3 969
7 3 969
6 5 970
7 5 970
6 3 971
7 3 971
6 5 972
7 5 972
6 3 973
7 3 973
6 5 974
7 5 974
6 3 975
7 3 975
6 5 976
7 5 976
6 3 977
7 3 977
6 5 978
7 5 978
6 3 979
7 3 979
6 5 980
7 5 980
6 3 981
7 3 981
6 5 982
7 5 982
6 3 983
7 3 983
6 5 984
7 5 984
6 3 985
7 3 985
6 5 986
7 5 986
6 3 987
7 3 987
6 5 988
7 5 988
6 3 989
7 3 989
6 5 990
7 5 990
6 3 991
7 3 991
6 5 992
7 5 992
6 3 993
7 3 993
6 5 994
7 5 994
6 3 995
7 3 995
6 5 996
7 5 996
6 3 997
7 3 997
6 5 998
7 5 998
6 3 999
7 3 999
6 5 1000
7 5 1000
6 3 1001
7 3 1001
6 5 1002
7 5 1002
6 3 1003
7 3 1003
6 5 1004
7 5 1004
6 3 1005
7 3 1005
6 5 1006
7 5 1006
6 3 1007
7 3 1007
6 5 1008
7 5 1008
6 3 1009
7 3 1009
6 5 1010
7 5 1010
6 3 1011
7 3 1011
6 5 1012
7 5 1012
6 3 1013
7 3 1013
6 5 1014
7 5 1014
6 3 1015
7 3 1015
6 5 1016
7 5 1016
6 3 1017
7 3 1017
6 5 1018
7 5 1018
6 3 1019
7 3 1019
6 5 1020
7 5 1020
6 3 1021
7 3 1021
6 5 1022
7 5 1022
6 3 1023
7 3 1023
6 5 1024
7 5 1024
6 3 1025
7 3 1025
6 5 1026
7 5 1026
6 3 1027
7 3 1027
6 5 1028
7 5 1028
6 3 1029
7 3 1029
6 5 1030
7 5 1030
6 3 1031
7 3 1031
6 5 1032
7 5 1032
6 3 1033
7 3 1033
6 5 1034
7 5 1034
6 3 1035
7 3 1035
6 5 1036
7 5 1036
6 3 1037
7 3 1037
6 5 1038
7 5 1038
6 3 1039
7 3 1039
6 5 1040
7 5 1040
6 3 1041
7 3 1041
6 5 1042
7 5 1042
6 3 1043
7 3 1043
6 5 1044
7 5 1044
6 3 1045
7 3 1045
6 5 1046
7 5 1046
6 3 1047
7 3 1047
6 5 1048
7 5 1048
6 3 1049
7 3 1049
6 5 1050
7 5 1050
6 3 1051
7 3 1051
6 5 1052
7 5 1052
6 3 1053
7 3 1053
6 5 1054
7 5 1054
6 3 1055
7 3 1055
6 5 1056
7 5 1056
6 3 1057
7 3 1057
6 5 1058
7 5 1058
6 3 1059
7 3 1059
6 5 1060
7 5 1060
6 3 1061
7 3 1061
6 5 1062
7 5 1062
6 3 1063
7 3 1063
6 5 1064
7 5 1064
6 3 1065
7 3 1065
6 5 1066
7 5 1066
6 3 1067
7 3 1067
6 5 1068
7 5 1068
6 3 1069
7 3 1069
6 5 1070
7 5 1070
6 3 1071
7 3 1071
6 5 1072
7 5 1072
6 3 1073
7 3 1073
6 5 1074
7 5 1074
6 3 1075
7 3 1075
6 5 1076
7 5 1076
6 3 1077
7 3 1077
6 5 1078
7 5 1078
6 3 1079
7 3 1079
6 5 1080
7 5 1080
6 3 1081
7 3 1081
6 5 1082
7 5 1082
6 3 1083
7 3 1083
6 5 1084
7 5 1084
6 3 1085
7 3 1085
6 5 1086
7 5 1086
6 3 1087
7 3 1087
6 5 1088
7 5 1088
6 3 1089
7 3 1089
6 5 1090
7 5 1090
6 3 1091
7 3 1091
6 5 1092
7 5 1092
6 3 1093
7 3 1093
6 5 1094
7 5 1094
6 3 1095
7 3 1095
6 5 1096
7 5 1096
6 3 1097
7 3 1097
6 5 1098
7 5 1098
6 3 1099
7 3 1099
6 5 1100
7 5 1100
6 3 1101
7 3 1101
6 5 1102
7 5 1102
6 3 1103
7 3 1103
6 5 1104
7 5 1104
6 3 1105
7 3 1105
6 5 1106
7 5 1106
6 3 1107
7 3 1107
6 5 1108
7 5 1108
6 3 1109
7 3 1109
6 5 1110
7 5 1110
6 3 1111
7 3 1111
6 5 1112
7 5 1112
6 3 1113
7 3 1113
6 5 1114
7 5 1114
6 3 1115
7 3 1115
6 5 1116
7 5 1116
6 3 1117
7 3 1117
6 5 1118
7 5 1118
6 3 1119
7 3 1119
6 5 1120
7 5 1120
6 3 1121
7 3 1121
6 5 1122
7 5 1122
6 3 1123
7 3 1123
6 5 1124
7 5 1124
6 3 1125
7 3 1125
6 5 1126
7 5 1126
6 3 1127
7 3 1127
6 5 1128
7 5 1128
6 3 1129
7 3 1129
6 5 1130
7 5 1130
6 3 1131
7 3 1131
6 5 1132
7 5 1132
6 3 1133
7 3 1133
6 5 1134
7 5 1134
6 3 1135
7 3 1135
6 5 1136
7 5 1136
6 3 1137
7 3 1137
6 5 1138
7 5 1138
6 3 1139
7 3 1139
6 5 1140
7 5 1140
6 3 1141
7 3 1141
6 5 1142
7 5 1142
6 3 1143
7 3 1143
6 5 1144
7 5 1144
6 3 1145
7 3 1145
6 5 1146
7 5 1146
6 3 1147
7 3 1147
6 5 1148
7 5 1148
6 3 1149
7 3 1149
6 5 1150
7 5 1150
6 3 1151
7 3 1151
6 5 1152
7 5 1152
6 3 1153
7 3 1153
6 5 1154
7 5 1154
6 3 1155
7 3 1155
6 5 1156
7 5 1156
6 3 1157
7 3 1157
6 5 1158
7 5 1158
6 3 1159
7 3 1159
6 5 1160
7 5 1160
6 3 1161
7 3 1161
6 5 1162
7 5 1162
6 3 1163
7 3 1163
6 5 1164
7 5 1164
6 3 1165
7 3 1165
6 5 1166
7 5 1166
6 3 1167
7 3 1167
6 5 1168
7 5 1168
6 3 1169
7 3 1169
6 5 1170
7 5 1170
6 3 1171
7 3 1171
6 5 1172
7 5 1172
6 3 1173
7 3 1173
6 5 1174
7 5 1174
6 3 1175
7 3 1175
6 5 1176
7 5 1176
6 3 1177
7 3 1177
6 5 1178
7 5 1178
6 3 1179
7 3 1179
6 5 1180
7 5 1180
6 3 1181
7 3 1181
6 5 1182
7 5 1182
6 3 1183
7 3 1183
6 5 1184
7 5 1184
6 3 1185
7 3 1185
6 5 1186
7 5 1186
6 3 1187
7 3 1187
6 5 1188
7 5 1188
6 3 1189
7 3 1189
6 5 1190
7 5 1190
6 3 1191
7 3 1191
6 5 1192
7 5 1192
6 3 1193
7 3 1193
6 5 1194
7 5 1194
6 3 1195
7 3 1195
6 5 1196
7 5 1196
6 3 1197
7 3 1197
6 5 1198
7 5 1198
6 3 1199
7 3 1199
6 5 1200
7 5 1200
6 3 1201
7 3 1201
6 5 1202
7 5 1202
6 3 1203
7 3 1203
6 5 1204
7 5 1204
6 3 1205
7 3 1205
6 5 1206
7 5 1206
6 3 1207
7 3 1207
6 5 1208
7 5 1208
6 3 1209
7 3 1209
6 5 1210
7 5 1210
6 3 1211
7 3 1211
6 5 1212
7 5 1212
6 3 1213
7 3 1213
6 5 1214
7 5 1214
6 3 1215
7 3 1215
6 5 1216
7 5 1216
6 3 1217
7 3 1217
6 5 1218
7 5 1218
6 3 1219
7 3 1219
6 5 1220
7 5 1220
6 3 1221
7 3 1221
6 5 1222
7 5 1222
6 3 1223
7 3 1223
6 5 1224
7 5 1224
6 3 1225
7 3 1225
6 5 1226
7 5 1226
6 3 1227
7 3 1227
6 5 1228
7 5 1228
6 3 1229
7 3 1229
6 5 1230
7 5 1230
6 3 1231
7 3 1231
6 5 1232
7 5 1232
6 3 1233
7 3 1233
6 5 1234
7 5 1234
6 3 1235
7 3 1235
6 5 1236
7 5 1236
6 3 1237
7 3 1237
6 5 1238
7 5 1238
6 3 1239
7 3 1239
6 5 1240
7 5 1240
6 3 1241
7 3 1241
6 5 1242
7 5 1242
6 3 1243
7 3 1243
6 5 1244
7 5 1244
6 3 1245
7 3 1245
6 5 1246
7 5 1246
6 3 1247
7 3 1247
6 5 1248
7 5 1248
6 3 1249
7 3 1249
6 5 1250
7 5 1250
6 3 1251
7 3 1251
6 5 1252
7 5 1252
6 3 1253
7 3 1253
6 5 1254
7 5 1254
6 3 1255
7 3 1255
6 5 1256
7 5 1256
6 3 1257
7 3 1257
6 5 1258
7 5 1258
6 3 1259
7 3 1259
6 5 1260
7 5 1260
6 3 1261
7 3 1261
6 5 1262
7 5 1262
6 3 1263
7 3 1263
6 5 1264
7 5 1264
6 3 1265
7 3 1265
6 5 1266
7 5 1266
6 3 1267
7 3 1267
6 5 1268
7 5 1268
6 3 1269
7 3 1269
6 5 1270
7 5 1270
6 3 1271
7 3 1271
6 5 1272
7 5 1272
6 3 1273
7 3 1273
6 5 1274
7 5 1274
6 3 1275
7 3 1275
6 5 1276
7 5 1276
6 3 1277
7 3 1277
6 5 1278
7 5 1278
6 3 1279
7 3 1279
6 5 1280
7 5 1280
6 3 1281
7 3 1281
6 5 1282
7 5 1282
6 3 1283
7 3 1283
6 5 1284
7 5 1284
6 3 1285
7 3 1285
6 5 1286
7 5 1286
6 3 1287
7 3 1287
6 5 1288
7 5 1288
6 3 1289
7 3 1289
6 5 1290
7 5 1290
6 3 1291
7 3 1291
6 5 1292
7 5 1292
6 3 1293
7 3 1293
6 5 1294
7 5 1294
6 3 1295
7 3 1295
6 5 1296
7 5 1296
6 3 1297
7 3 1297
6 5 1298
7 5 1298
6 3 1299
7 3 1299
6 5 1300
7 5 1300
6 3 1301
7 3 1301
6 5 1302
7 5 1302
6 3 1303
7 3 1303
6 5 1304
7 5 1304
6 3 1305
7 3 1305
6 5 1306
7 5 1306
6 3 1307
7 3 1307
6 5 1308
7 5 1308
6 3 1309
7 3 1309
6 5 1310
7 5 1310
6 3 1311
7 3 1311
6 5 1312
7 5 1312
