11 6 1
14 6 1
11 7 2
14 7 2
11 6 3
14 6 3
11 7 4
14 7 4
11 6 5
14 6 5
11 7 6
14 7 6
11 6 7
14 6 7
11 7 8
14 7 8
11 6 9
14 6 9
11 7 10
14 7 10
11 6 11
14 6 11
11 7 12
14 7 12
11 6 13
14 6 13
11 7 14
14 7 14
11 6 15
14 6 15
11 7 16
14 7 16
11 6 17
14 6 17
11 7 18
14 7 18
11 6 19
14 6 19
11 7 20
14 7 20
11 6 21
14 6 21
11 7 22
14 7 22
11 6 23
14 6 23
11 7 24
14 7 24
11 6 25
14 6 25
11 7 26
14 7 26
11 6 27
14 6 27
11 7 28
14 7 28
11 6 29
14 6 29
11 7 30
14 7 30
11 6 31
14 6 31
11 7 32
14 7 32
11 6 33
14 6 33
11 7 34
14 7 34
11 6 35
14 6 35
11 7 36
14 7 36
11 6 37
14 6 37
11 7 38
14 7 38
11 6 39
14 6 39
11 7 40
14 7 40
11 6 41
14 6 41
11 7 42
14 7 42
11 6 43
14 6 43
11 7 44
14 7 44
11 6 45
14 6 45
11 7 46
14 7 46
11 6 47
14 6 47
11 7 48
14 7 48
11 6 49
14 6 49
11 7 50
14 7 50
11 6 51
14 6 51
11 7 52
14 7 52
11 6 53
14 6 53
11 7 54
14 7 54
11 6 55
14 6 55
11 7 56
14 7 56
11 6 57
14 6 57
11 7 58
14 7 58
11 6 59
14 6 59
11 7 60
14 7 60
11 6 61
14 6 61
11 7 62
14 7 62
11 6 63
14 6 63
11 7 64
14 7 64
11 6 65
14 6 65
11 7 66
14 7 66
11 6 67
14 6 67
11 7 68
14 7 68
11 6 69
14 6 69
11 7 70
14 7 70
11 6 71
14 6 71
11 7 72
14 7 72
11 6 73
14 6 73
11 7 74
14 7 74
11 6 75
14 6 75
11 7 76
14 7 76
11 6 77
14 6 77
11 7 78
14 7 78
11 6 79
14 6 79
11 7 80
14 7 80
11 6 81
14 6 81
11 7 82
14 7 82
11 6 83
14 6 83
11 7 84
14 7 84
11 6 85
14 6 85
11 7 86
14 7 86
11 6 87
14 6 87
11 7 88
14 7 88
11 6 89
14 6 89
11 7 90
14 7 90
11 6 91
14 6 91
11 7 92
14 7 92
11 6 93
14 6 93
11 7 94
14 7 94
11 6 95
14 6 95
11 7 96
14 7 96
11 6 97
14 6 97
11 7 98
14 7 98
11 6 99
14 6 99
11 7 100
14 7 100
11 6 101
14 6 101
11 7 102
14 7 102
11 6 103
14 6 103
11 7 104
14 7 104
11 6 105
14 6 105
11 7 106
14 7 106
11 6 107
14 6 107
11 7 108
14 7 108
11 6 109
14 6 109
11 7 110
14 7 110
11 6 111
14 6 111
11 7 112
14 7 112
11 6 113
14 6 113
11 7 114
14 7 114
11 6 115
14 6 115
11 7 116
14 7 116
11 6 117
14 6 117
11 7 118
14 7 118
11 6 119
14 6 119
11 7 120
14 7 120
11 6 121
14 6 121
11 7 122
14 7 122
11 6 123
14 6 123
11 7 124
14 7 124
11 6 125
14 6 125
11 7 126
14 7 126
11 6 127
14 6 127
11 7 128
14 7 128
11 6 129
14 6 129
11 7 130
14 7 130
11 6 131
14 6 131
11 7 132
14 7 132
11 6 133
14 6 133
11 7 134
14 7 134
11 6 135
14 6 135
11 7 136
14 7 136
11 6 137
14 6 137
11 7 138
14 7 138
11 6 139
14 6 139
11 7 140
14 7 140
11 6 141
14 6 141
11 7 142
14 7 142
11 6 143
14 6 143
11 7 144
14 7 144
11 6 145
14 6 145
11 7 146
14 7 146
11 6 147
14 6 147
11 7 148
14 7 148
11 6 149
14 6 149
11 7 150
14 7 150
11 6 151
14 6 151
11 7 152
14 7 152
11 6 153
14 6 153
11 7 154
14 7 154
11 6 155
14 6 155
11 7 156
14 7 156
11 6 157
14 6 157
11 7 158
14 7 158
11 6 159
14 6 159
11 7 160
14 7 160
11 6 161
14 6 161
11 7 162
14 7 162
11 6 163
14 6 163
11 7 164
14 7 164
11 6 165
14 6 165
11 7 166
14 7 166
11 6 167
14 6 167
11 7 168
14 7 168
11 6 169
14 6 169
11 7 170
14 7 170
11 6 171
14 6 171
11 7 172
14 7 172
11 6 173
14 6 173
11 7 174
14 7 174
11 6 175
14 6 175
11 7 176
14 7 176
11 6 177
14 6 177
11 7 178
14 7 178
11 6 179
14 6 179
11 7 180
14 7 180
11 6 181
14 6 181
11 7 182
14 7 182
11 6 183
14 6 183
11 7 184
14 7 184
11 6 185
14 6 185
11 7 186
14 7 186
11 6 187
14 6 187
11 7 188
14 7 188
11 6 189
14 6 189
11 7 190
14 7 190
11 6 191
14 6 191
11 7 192
14 7 192
11 6 193
14 6 193
11 7 194
14 7 194
11 6 195
14 6 195
11 7 196
14 7 196
11 6 197
14 6 197
11 7 198
14 7 198
11 6 199
14 6 199
11 7 200
14 7 200
11 6 201
14 6 201
11 7 202
14 7 202
11 6 203
14 6 203
11 7 204
14 7 204
11 6 205
14 6 205
11 7 206
14 7 206
11 6 207
14 6 207
11 7 208
14 7 208
11 6 209
14 6 209
11 7 210
14 7 210
11 6 211
14 6 211
11 7 212
14 7 212
11 6 213
14 6 213
11 7 214
14 7 214
11 6 215
14 6 215
11 7 216
14 7 216
11 6 217
14 6 217
11 7 218
14 7 218
11 6 219
14 6 219
11 7 220
14 7 220
11 6 221
14 6 221
11 7 222
14 7 222
11 6 223
14 6 223
11 7 224
14 7 224
11 6 225
14 6 225
11 7 226
14 7 226
11 6 227
14 6 227
11 7 228
14 7 228
11 6 229
14 6 229
11 7 230
14 7 230
11 6 231
14 6 231
11 7 232
14 7 232
11 6 233
14 6 233
11 7 234
14 7 234
11 6 235
14 6 235
11 7 236
14 7 236
11 6 237
14 6 237
11 7 238
14 7 238
11 6 239
14 6 239
11 7 240
14 7 240
11 6 241
14 6 241
11 7 242
14 7 242
11 6 243
14 6 243
11 7 244
14 7 244
11 6 245
14 6 245
11 7 246
14 7 246
11 6 247
14 6 247
11 7 248
14 7 248
11 6 249
14 6 249
11 7 250
14 7 250
11 6 251
14 6 251
11 7 252
14 7 252
11 6 253
14 6 253
11 7 254
14 7 254
11 6 255
14 6 255
11 7 256
14 7 256
11 6 257
14 6 257
11 7 258
14 7 258
11 6 259
14 6 259
11 7 260
14 7 260
11 6 261
14 6 261
11 7 262
14 7 262
11 6 263
14 6 263
11 7 264
14 7 264
11 6 265
14 6 265
11 7 266
14 7 266
11 6 267
14 6 267
11 7 268
14 7 268
11 6 269
14 6 269
11 7 270
14 7 270
11 6 271
14 6 271
11 7 272
14 7 272
11 6 273
14 6 273
11 7 274
14 7 274
11 6 275
14 6 275
11 7 276
14 7 276
11 6 277
14 6 277
11 7 278
14 7 278
11 6 279
14 6 279
11 7 280
14 7 280
11 6 281
14 6 281
11 7 282
14 7 282
11 6 283
14 6 283
11 7 284
14 7 284
11 6 285
14 6 285
11 7 286
14 7 286
11 6 287
14 6 287
11 7 288
14 7 288
11 6 289
14 6 289
11 7 290
14 7 290
11 6 291
14 6 291
11 7 292
14 7 292
11 6 293
14 6 293
11 7 294
14 7 294
11 6 295
14 6 295
11 7 296
14 7 296
11 6 297
14 6 297
11 7 298
14 7 298
11 6 299
14 6 299
11 7 300
14 7 300
11 6 301
14 6 301
11 7 302
14 7 302
11 6 303
14 6 303
11 7 304
14 7 304
11 6 305
14 6 305
11 7 306
14 7 306
11 6 307
14 6 307
11 7 308
14 7 308
11 6 309
14 6 309
11 7 310
14 7 310
11 6 311
14 6 311
11 7 312
14 7 312
11 6 313
14 6 313
11 7 314
14 7 314
11 6 315
14 6 315
11 7 316
14 7 316
11 6 317
14 6 317
11 7 318
14 7 318
11 6 319
14 6 319
11 7 320
14 7 320
11 6 321
14 6 321
11 7 322
14 7 322
11 6 323
14 6 323
11 7 324
14 7 324
11 6 325
14 6 325
11 7 326
14 7 326
11 6 327
14 6 327
11 7 328
14 7 328
11 6 329
14 6 329
11 7 330
14 7 330
11 6 331
14 6 331
11 7 332
14 7 332
11 6 333
14 6 333
11 7 334
14 7 334
11 6 335
14 6 335
11 7 336
14 7 336
11 6 337
14 6 337
11 7 338
14 7 338
11 6 339
14 6 339
11 7 340
14 7 340
11 6 341
14 6 341
11 7 342
14 7 342
11 6 343
14 6 343
11 7 344
14 7 344
11 6 345
14 6 345
11 7 346
14 7 346
11 6 347
14 6 347
11 7 348
14 7 348
11 6 349
14 6 349
11 7 350
14 7 350
11 6 351
14 6 351
11 7 352
14 7 352
11 6 353
14 6 353
11 7 354
14 7 354
11 6 355
14 6 355
11 7 356
14 7 356
11 6 357
14 6 357
11 7 358
14 7 358
11 6 359
14 6 359
11 7 360
14 7 360
11 6 361
14 6 361
11 7 362
14 7 362
11 6 363
14 6 363
11 7 364
14 7 364
11 6 365
14 6 365
11 7 366
14 7 366
11 6 367
14 6 367
11 7 368
14 7 368
11 6 369
14 6 369
11 7 370
14 7 370
11 6 371
14 6 371
11 7 372
14 7 372
11 6 373
14 6 373
11 7 374
14 7 374
11 6 375
14 6 375
11 7 376
14 7 376
11 6 377
14 6 377
11 7 378
14 7 378
11 6 379
14 6 379
11 7 380
14 7 380
11 6 381
14 6 381
11 7 382
14 7 382
11 6 383
14 6 383
11 7 384
14 7 384
11 6 385
14 6 385
11 7 386
14 7 386
11 6 387
14 6 387
11 7 388
14 7 388
11 6 389
14 6 389
11 7 390
14 7 390
11 6 391
14 6 391
11 7 392
14 7 392
11 6 393
14 6 393
11 7 394
14 7 394
11 6 395
14 6 395
11 7 396
14 7 396
11 6 397
14 6 397
11 7 398
14 7 398
11 6 399
14 6 399
11 7 400
14 7 400
11 6 401
14 6 401
11 7 402
14 7 402
11 6 403
14 6 403
11 7 404
14 7 404
11 6 405
14 6 405
11 7 406
14 7 406
11 6 407
14 6 407
11 7 408
14 7 408
11 6 409
14 6 409
11 7 410
14 7 410
11 6 411
14 6 411
11 7 412
14 7 412
11 6 413
14 6 413
11 7 414
14 7 414
11 6 415
14 6 415
11 7 416
14 7 416
11 6 417
14 6 417
11 7 418
14 7 418
11 6 419
14 6 419
11 7 420
14 7 420
11 6 421
14 6 421
11 7 422
14 7 422
11 6 423
14 6 423
11 7 424
14 7 424
11 6 425
14 6 425
11 7 426
14 7 426
11 6 427
14 6 427
11 7 428
14 7 428
11 6 429
14 6 429
11 7 430
14 7 430
11 6 431
14 6 431
11 7 432
14 7 432
11 6 433
14 6 433
11 7 434
14 7 434
11 6 435
14 6 435
11 7 436
14 7 436
11 6 437
14 6 437
11 7 438
14 7 438
11 6 439
14 6 439
11 7 440
14 7 440
11 6 441
14 6 441
11 7 442
14 7 442
11 6 443
14 6 443
11 7 444
14 7 444
11 6 445
14 6 445
11 7 446
14 7 446
11 6 447
14 6 447
11 7 448
14 7 448
11 6 449
14 6 449
11 7 450
14 7 450
11 6 451
14 6 451
11 7 452
14 7 452
11 6 453
14 6 453
11 7 454
14 7 454
11 6 455
14 6 455
11 7 456
14 7 456
11 6 457
14 6 457
11 7 458
14 7 458
11 6 459
14 6 459
11 7 460
14 7 460
11 6 461
14 6 461
11 7 462
14 7 462
11 6 463
14 6 463
11 7 464
14 7 464
11 6 465
14 6 465
11 7 466
14 7 466
11 6 467
14 6 467
11 7 468
14 7 468
11 6 469
14 6 469
11 7 470
14 7 470
11 6 471
14 6 471
11 7 472
14 7 472
11 6 473
14 6 473
11 7 474
14 7 474
11 6 475
14 6 475
11 7 476
14 7 476
11 6 477
14 6 477
11 7 478
14 7 478
11 6 479
14 6 479
11 7 480
14 7 480
11 6 481
14 6 481
11 7 482
14 7 482
11 6 483
14 6 483
11 7 484
14 7 484
11 6 485
14 6 485
11 7 486
14 7 486
11 6 487
14 6 487
11 7 488
14 7 488
11 6 489
14 6 489
11 7 490
14 7 490
11 6 491
14 6 491
11 7 492
14 7 492
11 6 493
14 6 493
11 7 494
14 7 494
11 6 495
14 6 495
11 7 496
14 7 496
11 6 497
14 6 497
11 7 498
14 7 498
11 6 499
14 6 499
11 7 500
14 7 500
11 6 501
14 6 501
11 7 502
14 7 502
11 6 503
14 6 503
11 7 504
14 7 504
11 6 505
14 6 505
11 7 506
14 7 506
11 6 507
14 6 507
11 7 508
14 7 508
11 6 509
14 6 509
11 7 510
14 7 510
11 6 511
14 6 511
11 7 512
14 7 512
11 6 513
14 6 513
11 7 514
14 7 514
11 6 515
14 6 515
11 7 516
14 7 516
11 6 517
14 6 517
11 7 518
14 7 518
11 6 519
14 6 519
11 7 520
14 7 520
11 6 521
14 6 521
11 7 522
14 7 522
11 6 523
14 6 523
11 7 524
14 7 524
11 6 525
14 6 525
11 7 526
14 7 526
11 6 527
14 6 527
11 7 528
14 7 528
11 6 529
14 6 529
11 7 530
14 7 530
11 6 531
14 6 531
11 7 532
14 7 532
11 6 533
14 6 533
11 7 534
14 7 534
11 6 535
14 6 535
11 7 536
14 7 536
11 6 537
14 6 537
11 7 538
14 7 538
11 6 539
14 6 539
11 7 540
14 7 540
11 6 541
14 6 541
11 7 542
14 7 542
11 6 543
14 6 543
11 7 544
14 7 544
11 6 545
14 6 545
11 7 546
14 7 546
11 6 547
14 6 547
11 7 548
14 7 548
11 6 549
14 6 549
11 7 550
14 7 550
11 6 551
14 6 551
11 7 552
14 7 552
11 6 553
14 6 553
11 7 554
14 7 554
11 6 555
14 6 555
11 7 556
14 7 556
11 6 557
14 6 557
11 7 558
14 7 558
11 6 559
14 6 559
11 7 560
14 7 560
11 6 561
14 6 561
11 7 562
14 7 562
11 6 563
14 6 563
11 7 564
14 7 564
11 6 565
14 6 565
11 7 566
14 7 566
11 6 567
14 6 567
11 7 568
14 7 568
11 6 569
14 6 569
11 7 570
14 7 570
11 6 571
14 6 571
11 7 572
14 7 572
11 6 573
14 6 573
11 7 574
14 7 574
11 6 575
14 6 575
11 7 576
14 7 576
11 6 577
14 6 577
11 7 578
14 7 578
11 6 579
14 6 579
11 7 580
14 7 580
11 6 581
14 6 581
11 7 582
14 7 582
11 6 583
14 6 583
11 7 584
14 7 584
11 6 585
14 6 585
11 7 586
14 7 586
11 6 587
14 6 587
11 7 588
14 7 588
11 6 589
14 6 589
11 7 590
14 7 590
11 6 591
14 6 591
11 7 592
14 7 592
11 6 593
14 6 593
11 7 594
14 7 594
11 6 595
14 6 595
11 7 596
14 7 596
11 6 597
14 6 597
11 7 598
14 7 598
11 6 599
14 6 599
11 7 600
14 7 600
11 6 601
14 6 601
11 7 602
14 7 602
11 6 603
14 6 603
11 7 604
14 7 604
11 6 605
14 6 605
11 7 606
14 7 606
11 6 607
14 6 607
11 7 608
14 7 608
11 6 609
14 6 609
11 7 610
14 7 610
11 6 611
14 6 611
11 7 612
14 7 612
11 6 613
14 6 613
11 7 614
14 7 614
11 6 615
14 6 615
11 7 616
14 7 616
11 6 617
14 6 617
11 7 618
14 7 618
11 6 619
14 6 619
11 7 620
14 7 620
11 6 621
14 6 621
11 7 622
14 7 622
11 6 623
14 6 623
11 7 624
14 7 624
11 6 625
14 6 625
11 7 626
14 7 626
11 6 627
14 6 627
11 7 628
14 7 628
11 6 629
14 6 629
11 7 630
14 7 630
11 6 631
14 6 631
11 7 632
14 7 632
11 6 633
14 6 633
11 7 634
14 7 634
11 6 635
14 6 635
11 7 636
14 7 636
11 6 637
14 6 637
11 7 638
14 7 638
11 6 639
14 6 639
11 7 640
14 7 640
11 6 641
14 6 641
11 7 642
14 7 642
11 6 643
14 6 643
11 7 644
14 7 644
11 6 645
14 6 645
11 7 646
14 7 646
11 6 647
14 6 647
11 7 648
14 7 648
11 6 649
14 6 649
11 7 650
14 7 650
11 6 651
14 6 651
11 7 652
14 7 652
11 6 653
14 6 653
11 7 654
14 7 654
11 6 655
14 6 655
11 7 656
14 7 656
11 6 657
14 6 657
11 7 658
14 7 658
11 6 659
14 6 659
11 7 660
14 7 660
11 6 661
14 6 661
11 7 662
14 7 662
11 6 663
14 6 663
11 7 664
14 7 664
11 6 665
14 6 665
11 7 666
14 7 666
11 6 667
14 6 667
11 7 668
14 7 668
11 6 669
14 6 669
11 7 670
14 7 670
11 6 671
14 6 671
11 7 672
14 7 672
11 6 673
14 6 673
11 7 674
14 7 674
11 6 675
14 6 675
11 7 676
14 7 676
11 6 677
14 6 677
11 7 678
14 7 678
11 6 679
14 6 679
11 7 680
14 7 680
11 6 681
14 6 681
11 7 682
14 7 682
11 6 683
14 6 683
11 7 684
14 7 684
11 6 685
14 6 685
11 7 686
14 7 686
11 6 687
14 6 687
11 7 688
14 7 688
11 6 689
14 6 689
11 7 690
14 7 690
11 6 691
14 6 691
11 7 692
14 7 692
11 6 693
14 6 693
11 7 694
14 7 694
11 6 695
14 6 695
11 7 696
14 7 696
11 6 697
14 6 697
11 7 698
14 7 698
11 6 699
14 6 699
11 7 700
14 7 700
11 6 701
14 6 701
11 7 702
14 7 702
11 6 703
14 6 703
11 7 704
14 7 704
11 6 705
14 6 705
11 7 706
14 7 706
11 6 707
14 6 707
11 7 708
14 7 708
11 6 709
14 6 709
11 7 710
14 7 710
11 6 711
14 6 711
11 7 712
14 7 712
11 6 713
14 6 713
11 7 714
14 7 714
11 6 715
14 6 715
11 7 716
14 7 716
11 6 717
14 6 717
11 7 718
14 7 718
11 6 719
14 6 719
11 7 720
14 7 720
11 6 721
14 6 721
11 7 722
14 7 722
11 6 723
14 6 723
11 7 724
14 7 724
11 6 725
14 6 725
11 7 726
14 7 726
11 6 727
14 6 727
11 7 728
14 7 728
11 6 729
14 6 729
11 7 730
14 7 730
11 6 731
14 6 731
11 7 732
14 7 732
11 6 733
14 6 733
11 7 734
14 7 734
11 6 735
14 6 735
11 7 736
14 7 736
11 6 737
14 6 737
11 7 738
14 7 738
11 6 739
14 6 739
11 7 740
14 7 740
11 6 741
14 6 741
11 7 742
14 7 742
11 6 743
14 6 743
11 7 744
14 7 744
11 6 745
14 6 745
11 7 746
14 7 746
11 6 747
14 6 747
11 7 748
14 7 748
11 6 749
14 6 749
11 7 750
14 7 750
11 6 751
14 6 751
11 7 752
14 7 752
11 6 753
14 6 753
11 7 754
14 7 754
11 6 755
14 6 755
11 7 756
14 7 756
11 6 757
14 6 757
11 7 758
14 7 758
11 6 759
14 6 759
11 7 760
14 7 760
11 6 761
14 6 761
11 7 762
14 7 762
11 6 763
14 6 763
11 7 764
14 7 764
11 6 765
14 6 765
11 7 766
14 7 766
11 6 767
14 6 767
11 7 768
14 7 768
11 6 769
14 6 769
11 7 770
14 7 770
11 6 771
14 6 771
11 7 772
14 7 772
11 6 773
14 6 773
11 7 774
14 7 774
11 6 775
14 6 775
11 7 776
14 7 776
11 6 777
14 6 777
11 7 778
14 7 778
11 6 779
14 6 779
11 7 780
14 7 780
11 6 781
14 6 781
11 7 782
14 7 782
11 6 783
14 6 783
11 7 784
14 7 784
11 6 785
14 6 785
11 7 786
14 7 786
11 6 787
14 6 787
11 7 788
14 7 788
11 6 789
14 6 789
11 7 790
14 7 790
11 6 791
14 6 791
11 7 792
14 7 792
11 6 793
14 6 793
11 7 794
14 7 794
11 6 795
14 6 795
11 7 796
14 7 796
11 6 797
14 6 797
11 7 798
14 7 798
11 6 799
14 6 799
11 7 800
14 7 800
11 6 801
14 6 801
11 7 802
14 7 802
11 6 803
14 6 803
11 7 804
14 7 804
11 6 805
14 6 805
11 7 806
14 7 806
11 6 807
14 6 807
11 7 808
14 7 808
11 6 809
14 6 809
11 7 810
14 7 810
11 6 811
14 6 811
11 7 812
14 7 812
11 6 813
14 6 813
11 7 814
14 7 814
11 6 815
14 6 815
11 7 816
14 7 816
11 6 817
14 6 817
11 7 818
14 7 818
11 6 819
14 6 819
11 7 820
14 7 820
11 6 821
14 6 821
11 7 822
14 7 822
11 6 823
14 6 823
11 7 824
14 7 824
11 6 825
14 6 825
11 7 826
14 7 826
11 6 827
14 6 827
11 7 828
14 7 828
11 6 829
14 6 829
11 7 830
14 7 830
11 6 831
14 6 831
11 7 832
14 7 832
11 6 833
14 6 833
11 7 834
14 7 834
11 6 835
14 6 835
11 7 836
14 7 836
11 6 837
14 6 837
11 7 838
14 7 838
11 6 839
14 6 839
11 7 840
14 7 840
11 6 841
14 6 841
11 7 842
14 7 842
11 6 843
14 6 843
11 7 844
14 7 844
11 6 845
14 6 845
11 7 846
14 7 846
11 6 847
14 6 847
11 7 848
14 7 848
11 6 849
14 6 849
11 7 850
14 7 850
11 6 851
14 6 851
11 7 852
14 7 852
11 6 853
14 6 853
11 7 854
14 7 854
11 6 855
14 6 855
11 7 856
14 7 856
11 6 857
14 6 857
11 7 858
14 7 858
11 6 859
14 6 859
11 7 860
14 7 860
11 6 861
14 6 861
11 7 862
14 7 862
11 6 863
14 6 863
11 7 864
14 7 864
11 6 865
14 6 865
11 7 866
14 7 866
11 6 867
14 6 867
11 7 868
14 7 868
11 6 869
14 6 869
11 7 870
14 7 870
11 6 871
14 6 871
11 7 872
14 7 872
11 6 873
14 6 873
11 7 874
14 7 874
11 6 875
14 6 875
11 7 876
14 7 876
11 6 877
14 6 877
11 7 878
14 7 878
11 6 879
14 6 879
11 7 880
14 7 880
11 6 881
14 6 881
11 7 882
14 7 882
11 6 883
14 6 883
11 7 884
14 7 884
11 6 885
14 6 885
11 7 886
14 7 886
11 6 887
14 6 887
11 7 888
14 7 888
11 6 889
14 6 889
11 7 890
14 7 890
11 6 891
14 6 891
11 7 892
14 7 892
11 6 893
14 6 893
11 7 894
14 7 894
11 6 895
14 6 895
11 7 896
14 7 896
11 6 897
14 6 897
11 7 898
14 7 898
11 6 899
14 6 899
11 7 900
14 7 900
11 6 901
14 6 901
11 7 902
14 7 902
11 6 903
14 6 903
11 7 904
14 7 904
11 6 905
14 6 905
11 7 906
14 7 906
11 6 907
14 6 907
11 7 908
14 7 908
11 6 909
14 6 909
11 7 910
14 7 910
11 6 911
14 6 911
11 7 912
14 7 912
11 6 913
14 6 913
11 7 914
14 7 914
11 6 915
14 6 915
11 7 916
14 7 916
11 6 917
14 6 917
11 7 918
14 7 918
11 6 919
14 6 919
11 7 920
14 7 920
11 6 921
14 6 921
11 7 922
14 7 922
11 6 923
14 6 923
11 7 924
14 7 924
11 6 925
14 6 925
11 7 926
14 7 926
11 6 927
14 6 927
11 7 928
14 7 928
11 6 929
14 6 929
11 7 930
14 7 930
11 6 931
14 6 931
11 7 932
14 7 932
11 6 933
14 6 933
11 7 934
14 7 934
11 6 935
14 6 935
11 7 936
14 7 936
11 6 937
14 6 937
11 7 938
14 7 938
11 6 939
14 6 939
11 7 940
14 7 940
11 6 941
14 6 941
11 7 942
14 7 942
11 6 943
14 6 943
11 7 944
14 7 944
11 6 945
14 6 945
11 7 946
14 7 946
11 6 947
14 6 947
11 7 948
14 7 948
11 6 949
14 6 949
11 7 950
14 7 950
11 6 951
14 6 951
11 7 952
14 7 952
11 6 953
14 6 953
11 7 954
14 7 954
11 6 955
14 6 955
11 7 956
14 7 956
11 6 957
14 6 957
11 7 958
14 7 958
11 6 959
14 6 959
11 7 960
14 7 960
11 6 961
14 6 961
11 7 962
14 7 962
11 6 963
14 6 963
11 7 964
14 7 964
11 6 965
14 6 965
11 7 966
14 7 966
11 6 967
14 6 967
11 7 968
14 7 968
11 6 969
14 6 969
11 7 970
14 7 970
11 6 971
14 6 971
11 7 972
14 7 972
11 6 973
14 6 973
11 7 974
14 7 974
11 6 975
14 6 975
11 7 976
14 7 976
11 6 977
14 6 977
11 7 978
14 7 978
11 6 979
14 6 979
11 7 980
14 7 980
11 6 981
14 6 981
11 7 982
14 7 982
11 6 983
14 6 983
11 7 984
14 7 984
11 6 985
14 6 985
11 7 986
14 7 986
11 6 987
14 6 987
11 7 988
14 7 988
11 6 989
14 6 989
11 7 990
14 7 990
11 6 991
14 6 991
11 7 992
14 7 992
11 6 993
14 6 993
11 7 994
14 7 994
11 6 995
14 6 995
11 7 996
14 7 996
11 6 997
14 6 997
11 7 998
14 7 998
11 6 999
14 6 999
11 7 1000
14 7 1000
11 6 1001
14 6 1001
11 7 1002
14 7 1002
11 6 1003
14 6 1003
11 7 1004
14 7 1004
11 6 1005
14 6 1005
11 7 1006
14 7 1006
11 6 1007
14 6 1007
11 7 1008
14 7 1008
11 6 1009
14 6 1009
11 7 1010
14 7 1010
11 6 1011
14 6 1011
11 7 1012
14 7 1012
11 6 1013
14 6 1013
11 7 1014
14 7 1014
11 6 1015
14 6 1015
11 7 1016
14 7 1016
11 6 1017
14 6 1017
11 7 1018
14 7 1018
11 6 1019
14 6 1019
11 7 1020
14 7 1020
11 6 1021
14 6 1021
11 7 1022
14 7 1022
11 6 1023
14 6 1023
11 7 1024
14 7 1024
11 6 1025
14 6 1025
11 7 1026
14 7 1026
11 6 1027
14 6 1027
11 7 1028
14 7 1028
11 6 1029
14 6 1029
11 7 1030
14 7 1030
11 6 1031
14 6 1031
11 7 1032
14 7 1032
11 6 1033
14 6 1033
11 7 1034
14 7 1034
11 6 1035
14 6 1035
11 7 1036
14 7 1036
11 6 1037
14 6 1037
11 7 1038
14 7 1038
11 6 1039
14 6 1039
11 7 1040
14 7 1040
11 6 1041
14 6 1041
11 7 1042
14 7 1042
11 6 1043
14 6 1043
11 7 1044
14 7 1044
11 6 1045
14 6 1045
11 7 1046
14 7 1046
11 6 1047
14 6 1047
11 7 1048
14 7 1048
11 6 1049
14 6 1049
11 7 1050
14 7 1050
11 6 1051
14 6 1051
11 7 1052
14 7 1052
11 6 1053
14 6 1053
11 7 1054
14 7 1054
11 6 1055
14 6 1055
11 7 1056
14 7 1056
11 6 1057
14 6 1057
11 7 1058
14 7 1058
11 6 1059
14 6 1059
11 7 1060
14 7 1060
11 6 1061
14 6 1061
11 7 1062
14 7 1062
11 6 1063
14 6 1063
11 7 1064
14 7 1064
11 6 1065
14 6 1065
11 7 1066
14 7 1066
11 6 1067
14 6 1067
11 7 1068
14 7 1068
11 6 1069
14 6 1069
11 7 1070
14 7 1070
11 6 1071
14 6 1071
11 7 1072
14 7 1072
11 6 1073
14 6 1073
11 7 1074
14 7 1074
11 6 1075
14 6 1075
11 7 1076
14 7 1076
11 6 1077
14 6 1077
11 7 1078
14 7 1078
11 6 1079
14 6 1079
11 7 1080
14 7 1080
11 6 1081
14 6 1081
11 7 1082
14 7 1082
11 6 1083
14 6 1083
11 7 1084
14 7 1084
11 6 1085
14 6 1085
11 7 1086
14 7 1086
11 6 1087
14 6 1087
11 7 1088
14 7 1088
11 6 1089
14 6 1089
11 7 1090
14 7 1090
11 6 1091
14 6 1091
11 7 1092
14 7 1092
11 6 1093
14 6 1093
11 7 1094
14 7 1094
11 6 1095
14 6 1095
11 7 1096
14 7 1096
11 6 1097
14 6 1097
11 7 1098
14 7 1098
11 6 1099
14 6 1099
11 7 1100
14 7 1100
11 6 1101
14 6 1101
11 7 1102
14 7 1102
11 6 1103
14 6 1103
11 7 1104
14 7 1104
11 6 1105
14 6 1105
11 7 1106
14 7 1106
11 6 1107
14 6 1107
11 7 1108
14 7 1108
11 6 1109
14 6 1109
11 7 1110
14 7 1110
11 6 1111
14 6 1111
11 7 1112
14 7 1112
11 6 1113
14 6 1113
11 7 1114
14 7 1114
11 6 1115
14 6 1115
11 7 1116
14 7 1116
11 6 1117
14 6 1117
11 7 1118
14 7 1118
11 6 1119
14 6 1119
11 7 1120
14 7 1120
11 6 1121
14 6 1121
11 7 1122
14 7 1122
11 6 1123
14 6 1123
11 7 1124
14 7 1124
11 6 1125
14 6 1125
11 7 1126
14 7 1126
11 6 1127
14 6 1127
11 7 1128
14 7 1128
11 6 1129
14 6 1129
11 7 1130
14 7 1130
11 6 1131
14 6 1131
11 7 1132
14 7 1132
11 6 1133
14 6 1133
11 7 1134
14 7 1134
11 6 1135
14 6 1135
11 7 1136
14 7 1136
11 6 1137
14 6 1137
11 7 1138
14 7 1138
11 6 1139
14 6 1139
11 7 1140
14 7 1140
11 6 1141
14 6 1141
11 7 1142
14 7 1142
11 6 1143
14 6 1143
11 7 1144
14 7 1144
11 6 1145
14 6 1145
11 7 1146
14 7 1146
11 6 1147
14 6 1147
11 7 1148
14 7 1148
11 6 1149
14 6 1149
11 7 1150
14 7 1150
11 6 1151
14 6 1151
11 7 1152
14 7 1152
11 6 1153
14 6 1153
11 7 1154
14 7 1154
11 6 1155
14 6 1155
11 7 1156
14 7 1156
11 6 1157
14 6 1157
11 7 1158
14 7 1158
11 6 1159
14 6 1159
11 7 1160
14 7 1160
11 6 1161
14 6 1161
11 7 1162
14 7 1162
11 6 1163
14 6 1163
11 7 1164
14 7 1164
11 6 1165
14 6 1165
11 7 1166
14 7 1166
11 6 1167
14 6 1167
11 7 1168
14 7 1168
11 6 1169
14 6 1169
11 7 1170
14 7 1170
11 6 1171
14 6 1171
11 7 1172
14 7 1172
11 6 1173
14 6 1173
11 7 1174
14 7 1174
11 6 1175
14 6 1175
11 7 1176
14 7 1176
11 6 1177
14 6 1177
11 7 1178
14 7 1178
11 6 1179
14 6 1179
11 7 1180
14 7 1180
11 6 1181
14 6 1181
11 7 1182
14 7 1182
11 6 1183
14 6 1183
11 7 1184
14 7 1184
11 6 1185
14 6 1185
11 7 1186
14 7 1186
11 6 1187
14 6 1187
11 7 1188
14 7 1188
11 6 1189
14 6 1189
11 7 1190
14 7 1190
11 6 1191
14 6 1191
11 7 1192
14 7 1192
11 6 1193
14 6 1193
11 7 1194
14 7 1194
11 6 1195
14 6 1195
11 7 1196
14 7 1196
11 6 1197
14 6 1197
11 7 1198
14 7 1198
11 6 1199
14 6 1199
11 7 1200
14 7 1200
11 6 1201
14 6 1201
11 7 1202
14 7 1202
11 6 1203
14 6 1203
11 7 1204
14 7 1204
11 6 1205
14 6 1205
11 7 1206
14 7 1206
11 6 1207
14 6 1207
11 7 1208
14 7 1208
11 6 1209
14 6 1209
11 7 1210
14 7 1210
11 6 1211
14 6 1211
11 7 1212
14 7 1212
11 6 1213
14 6 1213
11 7 1214
14 7 1214
11 6 1215
14 6 1215
11 7 1216
14 7 1216
11 6 1217
14 6 1217
11 7 1218
14 7 1218
11 6 1219
14 6 1219
11 7 1220
14 7 1220
11 6 1221
14 6 1221
11 7 1222
14 7 1222
11 6 1223
14 6 1223
11 7 1224
14 7 1224
11 6 1225
14 6 1225
11 7 1226
14 7 1226
11 6 1227
14 6 1227
11 7 1228
14 7 1228
11 6 1229
14 6 1229
11 7 1230
14 7 1230
11 6 1231
14 6 1231
11 7 1232
14 7 1232
11 6 1233
14 6 1233
11 7 1234
14 7 1234
11 6 1235
14 6 1235
11 7 1236
14 7 1236
11 6 1237
14 6 1237
11 7 1238
14 7 1238
11 6 1239
14 6 1239
11 7 1240
14 7 1240
11 6 1241
14 6 1241
11 7 1242
14 7 1242
11 6 1243
14 6 1243
11 7 1244
14 7 1244
11 6 1245
14 6 1245
11 7 1246
14 7 1246
11 6 1247
14 6 1247
11 7 1248
14 7 1248
11 6 1249
14 6 1249
11 7 1250
14 7 1250
11 6 1251
14 6 1251
11 7 1252
14 7 1252
11 6 1253
14 6 1253
11 7 1254
14 7 1254
11 6 1255
14 6 1255
11 7 1256
14 7 1256
11 6 1257
14 6 1257
11 7 1258
14 7 1258
11 6 1259
14 6 1259
11 7 1260
14 7 1260
11 6 1261
14 6 1261
11 7 1262
14 7 1262
11 6 1263
14 6 1263
11 7 1264
14 7 1264
11 6 1265
14 6 1265
11 7 1266
14 7 1266
11 6 1267
14 6 1267
11 7 1268
14 7 1268
11 6 1269
14 6 1269
11 7 1270
14 7 1270
11 6 1271
14 6 1271
11 7 1272
14 7 1272
11 6 1273
14 6 1273
11 7 1274
14 7 1274
11 6 1275
14 6 1275
11 7 1276
14 7 1276
11 6 1277
14 6 1277
11 7 1278
14 7 1278
11 6 1279
14 6 1279
11 7 1280
14 7 1280
11 6 1281
14 6 1281
11 7 1282
14 7 1282
11 6 1283
14 6 1283
11 7 1284
14 7 1284
11 6 1285
14 6 1285
11 7 1286
14 7 1286
11 6 1287
14 6 1287
11 7 1288
14 7 1288
11 6 1289
14 6 1289
11 7 1290
14 7 1290
11 6 1291
14 6 1291
11 7 1292
14 7 1292
11 6 1293
14 6 1293
11 7 1294
14 7 1294
11 6 1295
14 6 1295
11 7 1296
14 7 1296
11 6 1297
14 6 1297
11 7 1298
14 7 1298
11 6 1299
14 6 1299
11 7 1300
14 7 1300
11 6 1301
14 6 1301
11 7 1302
14 7 1302
11 6 1303
14 6 1303
11 7 1304
14 7 1304
11 6 1305
14 6 1305
11 7 1306
14 7 1306
11 6 1307
14 6 1307
11 7 1308
14 7 1308
11 6 1309
14 6 1309
11 7 1310
14 7 1310
11 6 1311
14 6 1311
11 7 1312
14 7 1312
