10 11 1
15 11 1
10 14 2
15 14 2
10 11 3
15 11 3
10 14 4
15 14 4
10 11 5
15 11 5
10 14 6
15 14 6
10 11 7
15 11 7
10 14 8
15 14 8
10 11 9
15 11 9
10 14 10
15 14 10
10 11 11
15 11 11
10 14 12
15 14 12
10 11 13
15 11 13
10 14 14
15 14 14
10 11 15
15 11 15
10 14 16
15 14 16
10 11 17
15 11 17
10 14 18
15 14 18
10 11 19
15 11 19
10 14 20
15 14 20
10 11 21
15 11 21
10 14 22
15 14 22
10 11 23
15 11 23
10 14 24
15 14 24
10 11 25
15 11 25
10 14 26
15 14 26
10 11 27
15 11 27
10 14 28
15 14 28
10 11 29
15 11 29
10 14 30
15 14 30
10 11 31
15 11 31
10 14 32
15 14 32
10 11 33
15 11 33
10 14 34
15 14 34
10 11 35
15 11 35
10 14 36
15 14 36
10 11 37
15 11 37
10 14 38
15 14 38
10 11 39
15 11 39
10 14 40
15 14 40
10 11 41
15 11 41
10 14 42
15 14 42
10 11 43
15 11 43
10 14 44
15 14 44
10 11 45
15 11 45
10 14 46
15 14 46
10 11 47
15 11 47
10 14 48
15 14 48
10 11 49
15 11 49
10 14 50
15 14 50
10 11 51
15 11 51
10 14 52
15 14 52
10 11 53
15 11 53
10 14 54
15 14 54
10 11 55
15 11 55
10 14 56
15 14 56
10 11 57
15 11 57
10 14 58
15 14 58
10 11 59
15 11 59
10 14 60
15 14 60
10 11 61
15 11 61
10 14 62
15 14 62
10 11 63
15 11 63
10 14 64
15 14 64
10 11 65
15 11 65
10 14 66
15 14 66
10 11 67
15 11 67
10 14 68
15 14 68
10 11 69
15 11 69
10 14 70
15 14 70
10 11 71
15 11 71
10 14 72
15 14 72
10 11 73
15 11 73
10 14 74
15 14 74
10 11 75
15 11 75
10 14 76
15 14 76
10 11 77
15 11 77
10 14 78
15 14 78
10 11 79
15 11 79
10 14 80
15 14 80
10 11 81
15 11 81
10 14 82
15 14 82
10 11 83
15 11 83
10 14 84
15 14 84
10 11 85
15 11 85
10 14 86
15 14 86
10 11 87
15 11 87
10 14 88
15 14 88
10 11 89
15 11 89
10 14 90
15 14 90
10 11 91
15 11 91
10 14 92
15 14 92
10 11 93
15 11 93
10 14 94
15 14 94
10 11 95
15 11 95
10 14 96
15 14 96
10 11 97
15 11 97
10 14 98
15 14 98
10 11 99
15 11 99
10 14 100
15 14 100
10 11 101
15 11 101
10 14 102
15 14 102
10 11 103
15 11 103
10 14 104
15 14 104
10 11 105
15 11 105
10 14 106
15 14 106
10 11 107
15 11 107
10 14 108
15 14 108
10 11 109
15 11 109
10 14 110
15 14 110
10 11 111
15 11 111
10 14 112
15 14 112
10 11 113
15 11 113
10 14 114
15 14 114
10 11 115
15 11 115
10 14 116
15 14 116
10 11 117
15 11 117
10 14 118
15 14 118
10 11 119
15 11 119
10 14 120
15 14 120
10 11 121
15 11 121
10 14 122
15 14 122
10 11 123
15 11 123
10 14 124
15 14 124
10 11 125
15 11 125
10 14 126
15 14 126
10 11 127
15 11 127
10 14 128
15 14 128
10 11 129
15 11 129
10 14 130
15 14 130
10 11 131
15 11 131
10 14 132
15 14 132
10 11 133
15 11 133
10 14 134
15 14 134
10 11 135
15 11 135
10 14 136
15 14 136
10 11 137
15 11 137
10 14 138
15 14 138
10 11 139
15 11 139
10 14 140
15 14 140
10 11 141
15 11 141
10 14 142
15 14 142
10 11 143
15 11 143
10 14 144
15 14 144
10 11 145
15 11 145
10 14 146
15 14 146
10 11 147
15 11 147
10 14 148
15 14 148
10 11 149
15 11 149
10 14 150
15 14 150
10 11 151
15 11 151
10 14 152
15 14 152
10 11 153
15 11 153
10 14 154
15 14 154
10 11 155
15 11 155
10 14 156
15 14 156
10 11 157
15 11 157
10 14 158
15 14 158
10 11 159
15 11 159
10 14 160
15 14 160
10 11 161
15 11 161
10 14 162
15 14 162
10 11 163
15 11 163
10 14 164
15 14 164
10 11 165
15 11 165
10 14 166
15 14 166
10 11 167
15 11 167
10 14 168
15 14 168
10 11 169
15 11 169
10 14 170
15 14 170
10 11 171
15 11 171
10 14 172
15 14 172
10 11 173
15 11 173
10 14 174
15 14 174
10 11 175
15 11 175
10 14 176
15 14 176
10 11 177
15 11 177
10 14 178
15 14 178
10 11 179
15 11 179
10 14 180
15 14 180
10 11 181
15 11 181
10 14 182
15 14 182
10 11 183
15 11 183
10 14 184
15 14 184
10 11 185
15 11 185
10 14 186
15 14 186
10 11 187
15 11 187
10 14 188
15 14 188
10 11 189
15 11 189
10 14 190
15 14 190
10 11 191
15 11 191
10 14 192
15 14 192
10 11 193
15 11 193
10 14 194
15 14 194
10 11 195
15 11 195
10 14 196
15 14 196
10 11 197
15 11 197
10 14 198
15 14 198
10 11 199
15 11 199
10 14 200
15 14 200
10 11 201
15 11 201
10 14 202
15 14 202
10 11 203
15 11 203
10 14 204
15 14 204
10 11 205
15 11 205
10 14 206
15 14 206
10 11 207
15 11 207
10 14 208
15 14 208
10 11 209
15 11 209
10 14 210
15 14 210
10 11 211
15 11 211
10 14 212
15 14 212
10 11 213
15 11 213
10 14 214
15 14 214
10 11 215
15 11 215
10 14 216
15 14 216
10 11 217
15 11 217
10 14 218
15 14 218
10 11 219
15 11 219
10 14 220
15 14 220
10 11 221
15 11 221
10 14 222
15 14 222
10 11 223
15 11 223
10 14 224
15 14 224
10 11 225
15 11 225
10 14 226
15 14 226
10 11 227
15 11 227
10 14 228
15 14 228
10 11 229
15 11 229
10 14 230
15 14 230
10 11 231
15 11 231
10 14 232
15 14 232
10 11 233
15 11 233
10 14 234
15 14 234
10 11 235
15 11 235
10 14 236
15 14 236
10 11 237
15 11 237
10 14 238
15 14 238
10 11 239
15 11 239
10 14 240
15 14 240
10 11 241
15 11 241
10 14 242
15 14 242
10 11 243
15 11 243
10 14 244
15 14 244
10 11 245
15 11 245
10 14 246
15 14 246
10 11 247
15 11 247
10 14 248
15 14 248
10 11 249
15 11 249
10 14 250
15 14 250
10 11 251
15 11 251
10 14 252
15 14 252
10 11 253
15 11 253
10 14 254
15 14 254
10 11 255
15 11 255
10 14 256
15 14 256
10 11 257
15 11 257
10 14 258
15 14 258
10 11 259
15 11 259
10 14 260
15 14 260
10 11 261
15 11 261
10 14 262
15 14 262
10 11 263
15 11 263
10 14 264
15 14 264
10 11 265
15 11 265
10 14 266
15 14 266
10 11 267
15 11 267
10 14 268
15 14 268
10 11 269
15 11 269
10 14 270
15 14 270
10 11 271
15 11 271
10 14 272
15 14 272
10 11 273
15 11 273
10 14 274
15 14 274
10 11 275
15 11 275
10 14 276
15 14 276
10 11 277
15 11 277
10 14 278
15 14 278
10 11 279
15 11 279
10 14 280
15 14 280
10 11 281
15 11 281
10 14 282
15 14 282
10 11 283
15 11 283
10 14 284
15 14 284
10 11 285
15 11 285
10 14 286
15 14 286
10 11 287
15 11 287
10 14 288
15 14 288
10 11 289
15 11 289
10 14 290
15 14 290
10 11 291
15 11 291
10 14 292
15 14 292
10 11 293
15 11 293
10 14 294
15 14 294
10 11 295
15 11 295
10 14 296
15 14 296
10 11 297
15 11 297
10 14 298
15 14 298
10 11 299
15 11 299
10 14 300
15 14 300
10 11 301
15 11 301
10 14 302
15 14 302
10 11 303
15 11 303
10 14 304
15 14 304
10 11 305
15 11 305
10 14 306
15 14 306
10 11 307
15 11 307
10 14 308
15 14 308
10 11 309
15 11 309
10 14 310
15 14 310
10 11 311
15 11 311
10 14 312
15 14 312
10 11 313
15 11 313
10 14 314
15 14 314
10 11 315
15 11 315
10 14 316
15 14 316
10 11 317
15 11 317
10 14 318
15 14 318
10 11 319
15 11 319
10 14 320
15 14 320
10 11 321
15 11 321
10 14 322
15 14 322
10 11 323
15 11 323
10 14 324
15 14 324
10 11 325
15 11 325
10 14 326
15 14 326
10 11 327
15 11 327
10 14 328
15 14 328
10 11 329
15 11 329
10 14 330
15 14 330
10 11 331
15 11 331
10 14 332
15 14 332
10 11 333
15 11 333
10 14 334
15 14 334
10 11 335
15 11 335
10 14 336
15 14 336
10 11 337
15 11 337
10 14 338
15 14 338
10 11 339
15 11 339
10 14 340
15 14 340
10 11 341
15 11 341
10 14 342
15 14 342
10 11 343
15 11 343
10 14 344
15 14 344
10 11 345
15 11 345
10 14 346
15 14 346
10 11 347
15 11 347
10 14 348
15 14 348
10 11 349
15 11 349
10 14 350
15 14 350
10 11 351
15 11 351
10 14 352
15 14 352
10 11 353
15 11 353
10 14 354
15 14 354
10 11 355
15 11 355
10 14 356
15 14 356
10 11 357
15 11 357
10 14 358
15 14 358
10 11 359
15 11 359
10 14 360
15 14 360
10 11 361
15 11 361
10 14 362
15 14 362
10 11 363
15 11 363
10 14 364
15 14 364
10 11 365
15 11 365
10 14 366
15 14 366
10 11 367
15 11 367
10 14 368
15 14 368
10 11 369
15 11 369
10 14 370
15 14 370
10 11 371
15 11 371
10 14 372
15 14 372
10 11 373
15 11 373
10 14 374
15 14 374
10 11 375
15 11 375
10 14 376
15 14 376
10 11 377
15 11 377
10 14 378
15 14 378
10 11 379
15 11 379
10 14 380
15 14 380
10 11 381
15 11 381
10 14 382
15 14 382
10 11 383
15 11 383
10 14 384
15 14 384
10 11 385
15 11 385
10 14 386
15 14 386
10 11 387
15 11 387
10 14 388
15 14 388
10 11 389
15 11 389
10 14 390
15 14 390
10 11 391
15 11 391
10 14 392
15 14 392
10 11 393
15 11 393
10 14 394
15 14 394
10 11 395
15 11 395
10 14 396
15 14 396
10 11 397
15 11 397
10 14 398
15 14 398
10 11 399
15 11 399
10 14 400
15 14 400
10 11 401
15 11 401
10 14 402
15 14 402
10 11 403
15 11 403
10 14 404
15 14 404
10 11 405
15 11 405
10 14 406
15 14 406
10 11 407
15 11 407
10 14 408
15 14 408
10 11 409
15 11 409
10 14 410
15 14 410
10 11 411
15 11 411
10 14 412
15 14 412
10 11 413
15 11 413
10 14 414
15 14 414
10 11 415
15 11 415
10 14 416
15 14 416
10 11 417
15 11 417
10 14 418
15 14 418
10 11 419
15 11 419
10 14 420
15 14 420
10 11 421
15 11 421
10 14 422
15 14 422
10 11 423
15 11 423
10 14 424
15 14 424
10 11 425
15 11 425
10 14 426
15 14 426
10 11 427
15 11 427
10 14 428
15 14 428
10 11 429
15 11 429
10 14 430
15 14 430
10 11 431
15 11 431
10 14 432
15 14 432
10 11 433
15 11 433
10 14 434
15 14 434
10 11 435
15 11 435
10 14 436
15 14 436
10 11 437
15 11 437
10 14 438
15 14 438
10 11 439
15 11 439
10 14 440
15 14 440
10 11 441
15 11 441
10 14 442
15 14 442
10 11 443
15 11 443
10 14 444
15 14 444
10 11 445
15 11 445
10 14 446
15 14 446
10 11 447
15 11 447
10 14 448
15 14 448
10 11 449
15 11 449
10 14 450
15 14 450
10 11 451
15 11 451
10 14 452
15 14 452
10 11 453
15 11 453
10 14 454
15 14 454
10 11 455
15 11 455
10 14 456
15 14 456
10 11 457
15 11 457
10 14 458
15 14 458
10 11 459
15 11 459
10 14 460
15 14 460
10 11 461
15 11 461
10 14 462
15 14 462
10 11 463
15 11 463
10 14 464
15 14 464
10 11 465
15 11 465
10 14 466
15 14 466
10 11 467
15 11 467
10 14 468
15 14 468
10 11 469
15 11 469
10 14 470
15 14 470
10 11 471
15 11 471
10 14 472
15 14 472
10 11 473
15 11 473
10 14 474
15 14 474
10 11 475
15 11 475
10 14 476
15 14 476
10 11 477
15 11 477
10 14 478
15 14 478
10 11 479
15 11 479
10 14 480
15 14 480
10 11 481
15 11 481
10 14 482
15 14 482
10 11 483
15 11 483
10 14 484
15 14 484
10 11 485
15 11 485
10 14 486
15 14 486
10 11 487
15 11 487
10 14 488
15 14 488
10 11 489
15 11 489
10 14 490
15 14 490
10 11 491
15 11 491
10 14 492
15 14 492
10 11 493
15 11 493
10 14 494
15 14 494
10 11 495
15 11 495
10 14 496
15 14 496
10 11 497
15 11 497
10 14 498
15 14 498
10 11 499
15 11 499
10 14 500
15 14 500
10 11 501
15 11 501
10 14 502
15 14 502
10 11 503
15 11 503
10 14 504
15 14 504
10 11 505
15 11 505
10 14 506
15 14 506
10 11 507
15 11 507
10 14 508
15 14 508
10 11 509
15 11 509
10 14 510
15 14 510
10 11 511
15 11 511
10 14 512
15 14 512
10 11 513
15 11 513
10 14 514
15 14 514
10 11 515
15 11 515
10 14 516
15 14 516
10 11 517
15 11 517
10 14 518
15 14 518
10 11 519
15 11 519
10 14 520
15 14 520
10 11 521
15 11 521
10 14 522
15 14 522
10 11 523
15 11 523
10 14 524
15 14 524
10 11 525
15 11 525
10 14 526
15 14 526
10 11 527
15 11 527
10 14 528
15 14 528
10 11 529
15 11 529
10 14 530
15 14 530
10 11 531
15 11 531
10 14 532
15 14 532
10 11 533
15 11 533
10 14 534
15 14 534
10 11 535
15 11 535
10 14 536
15 14 536
10 11 537
15 11 537
10 14 538
15 14 538
10 11 539
15 11 539
10 14 540
15 14 540
10 11 541
15 11 541
10 14 542
15 14 542
10 11 543
15 11 543
10 14 544
15 14 544
10 11 545
15 11 545
10 14 546
15 14 546
10 11 547
15 11 547
10 14 548
15 14 548
10 11 549
15 11 549
10 14 550
15 14 550
10 11 551
15 11 551
10 14 552
15 14 552
10 11 553
15 11 553
10 14 554
15 14 554
10 11 555
15 11 555
10 14 556
15 14 556
10 11 557
15 11 557
10 14 558
15 14 558
10 11 559
15 11 559
10 14 560
15 14 560
10 11 561
15 11 561
10 14 562
15 14 562
10 11 563
15 11 563
10 14 564
15 14 564
10 11 565
15 11 565
10 14 566
15 14 566
10 11 567
15 11 567
10 14 568
15 14 568
10 11 569
15 11 569
10 14 570
15 14 570
10 11 571
15 11 571
10 14 572
15 14 572
10 11 573
15 11 573
10 14 574
15 14 574
10 11 575
15 11 575
10 14 576
15 14 576
10 11 577
15 11 577
10 14 578
15 14 578
10 11 579
15 11 579
10 14 580
15 14 580
10 11 581
15 11 581
10 14 582
15 14 582
10 11 583
15 11 583
10 14 584
15 14 584
10 11 585
15 11 585
10 14 586
15 14 586
10 11 587
15 11 587
10 14 588
15 14 588
10 11 589
15 11 589
10 14 590
15 14 590
10 11 591
15 11 591
10 14 592
15 14 592
10 11 593
15 11 593
10 14 594
15 14 594
10 11 595
15 11 595
10 14 596
15 14 596
10 11 597
15 11 597
10 14 598
15 14 598
10 11 599
15 11 599
10 14 600
15 14 600
10 11 601
15 11 601
10 14 602
15 14 602
10 11 603
15 11 603
10 14 604
15 14 604
10 11 605
15 11 605
10 14 606
15 14 606
10 11 607
15 11 607
10 14 608
15 14 608
10 11 609
15 11 609
10 14 610
15 14 610
10 11 611
15 11 611
10 14 612
15 14 612
10 11 613
15 11 613
10 14 614
15 14 614
10 11 615
15 11 615
10 14 616
15 14 616
10 11 617
15 11 617
10 14 618
15 14 618
10 11 619
15 11 619
10 14 620
15 14 620
10 11 621
15 11 621
10 14 622
15 14 622
10 11 623
15 11 623
10 14 624
15 14 624
10 11 625
15 11 625
10 14 626
15 14 626
10 11 627
15 11 627
10 14 628
15 14 628
10 11 629
15 11 629
10 14 630
15 14 630
10 11 631
15 11 631
10 14 632
15 14 632
10 11 633
15 11 633
10 14 634
15 14 634
10 11 635
15 11 635
10 14 636
15 14 636
10 11 637
15 11 637
10 14 638
15 14 638
10 11 639
15 11 639
10 14 640
15 14 640
10 11 641
15 11 641
10 14 642
15 14 642
10 11 643
15 11 643
10 14 644
15 14 644
10 11 645
15 11 645
10 14 646
15 14 646
10 11 647
15 11 647
10 14 648
15 14 648
10 11 649
15 11 649
10 14 650
15 14 650
10 11 651
15 11 651
10 14 652
15 14 652
10 11 653
15 11 653
10 14 654
15 14 654
10 11 655
15 11 655
10 14 656
15 14 656
10 11 657
15 11 657
10 14 658
15 14 658
10 11 659
15 11 659
10 14 660
15 14 660
10 11 661
15 11 661
10 14 662
15 14 662
10 11 663
15 11 663
10 14 664
15 14 664
10 11 665
15 11 665
10 14 666
15 14 666
10 11 667
15 11 667
10 14 668
15 14 668
10 11 669
15 11 669
10 14 670
15 14 670
10 11 671
15 11 671
10 14 672
15 14 672
10 11 673
15 11 673
10 14 674
15 14 674
10 11 675
15 11 675
10 14 676
15 14 676
10 11 677
15 11 677
10 14 678
15 14 678
10 11 679
15 11 679
10 14 680
15 14 680
10 11 681
15 11 681
10 14 682
15 14 682
10 11 683
15 11 683
10 14 684
15 14 684
10 11 685
15 11 685
10 14 686
15 14 686
10 11 687
15 11 687
10 14 688
15 14 688
10 11 689
15 11 689
10 14 690
15 14 690
10 11 691
15 11 691
10 14 692
15 14 692
10 11 693
15 11 693
10 14 694
15 14 694
10 11 695
15 11 695
10 14 696
15 14 696
10 11 697
15 11 697
10 14 698
15 14 698
10 11 699
15 11 699
10 14 700
15 14 700
10 11 701
15 11 701
10 14 702
15 14 702
10 11 703
15 11 703
10 14 704
15 14 704
10 11 705
15 11 705
10 14 706
15 14 706
10 11 707
15 11 707
10 14 708
15 14 708
10 11 709
15 11 709
10 14 710
15 14 710
10 11 711
15 11 711
10 14 712
15 14 712
10 11 713
15 11 713
10 14 714
15 14 714
10 11 715
15 11 715
10 14 716
15 14 716
10 11 717
15 11 717
10 14 718
15 14 718
10 11 719
15 11 719
10 14 720
15 14 720
10 11 721
15 11 721
10 14 722
15 14 722
10 11 723
15 11 723
10 14 724
15 14 724
10 11 725
15 11 725
10 14 726
15 14 726
10 11 727
15 11 727
10 14 728
15 14 728
10 11 729
15 11 729
10 14 730
15 14 730
10 11 731
15 11 731
10 14 732
15 14 732
10 11 733
15 11 733
10 14 734
15 14 734
10 11 735
15 11 735
10 14 736
15 14 736
10 11 737
15 11 737
10 14 738
15 14 738
10 11 739
15 11 739
10 14 740
15 14 740
10 11 741
15 11 741
10 14 742
15 14 742
10 11 743
15 11 743
10 14 744
15 14 744
10 11 745
15 11 745
10 14 746
15 14 746
10 11 747
15 11 747
10 14 748
15 14 748
10 11 749
15 11 749
10 14 750
15 14 750
10 11 751
15 11 751
10 14 752
15 14 752
10 11 753
15 11 753
10 14 754
15 14 754
10 11 755
15 11 755
10 14 756
15 14 756
10 11 757
15 11 757
10 14 758
15 14 758
10 11 759
15 11 759
10 14 760
15 14 760
10 11 761
15 11 761
10 14 762
15 14 762
10 11 763
15 11 763
10 14 764
15 14 764
10 11 765
15 11 765
10 14 766
15 14 766
10 11 767
15 11 767
10 14 768
15 14 768
10 11 769
15 11 769
10 14 770
15 14 770
10 11 771
15 11 771
10 14 772
15 14 772
10 11 773
15 11 773
10 14 774
15 14 774
10 11 775
15 11 775
10 14 776
15 14 776
10 11 777
15 11 777
10 14 778
15 14 778
10 11 779
15 11 779
10 14 780
15 14 780
10 11 781
15 11 781
10 14 782
15 14 782
10 11 783
15 11 783
10 14 784
15 14 784
10 11 785
15 11 785
10 14 786
15 14 786
10 11 787
15 11 787
10 14 788
15 14 788
10 11 789
15 11 789
10 14 790
15 14 790
10 11 791
15 11 791
10 14 792
15 14 792
10 11 793
15 11 793
10 14 794
15 14 794
10 11 795
15 11 795
10 14 796
15 14 796
10 11 797
15 11 797
10 14 798
15 14 798
10 11 799
15 11 799
10 14 800
15 14 800
10 11 801
15 11 801
10 14 802
15 14 802
10 11 803
15 11 803
10 14 804
15 14 804
10 11 805
15 11 805
10 14 806
15 14 806
10 11 807
15 11 807
10 14 808
15 14 808
10 11 809
15 11 809
10 14 810
15 14 810
10 11 811
15 11 811
10 14 812
15 14 812
10 11 813
15 11 813
10 14 814
15 14 814
10 11 815
15 11 815
10 14 816
15 14 816
10 11 817
15 11 817
10 14 818
15 14 818
10 11 819
15 11 819
10 14 820
15 14 820
10 11 821
15 11 821
10 14 822
15 14 822
10 11 823
15 11 823
10 14 824
15 14 824
10 11 825
15 11 825
10 14 826
15 14 826
10 11 827
15 11 827
10 14 828
15 14 828
10 11 829
15 11 829
10 14 830
15 14 830
10 11 831
15 11 831
10 14 832
15 14 832
10 11 833
15 11 833
10 14 834
15 14 834
10 11 835
15 11 835
10 14 836
15 14 836
10 11 837
15 11 837
10 14 838
15 14 838
10 11 839
15 11 839
10 14 840
15 14 840
10 11 841
15 11 841
10 14 842
15 14 842
10 11 843
15 11 843
10 14 844
15 14 844
10 11 845
15 11 845
10 14 846
15 14 846
10 11 847
15 11 847
10 14 848
15 14 848
10 11 849
15 11 849
10 14 850
15 14 850
10 11 851
15 11 851
10 14 852
15 14 852
10 11 853
15 11 853
10 14 854
15 14 854
10 11 855
15 11 855
10 14 856
15 14 856
10 11 857
15 11 857
10 14 858
15 14 858
10 11 859
15 11 859
10 14 860
15 14 860
10 11 861
15 11 861
10 14 862
15 14 862
10 11 863
15 11 863
10 14 864
15 14 864
10 11 865
15 11 865
10 14 866
15 14 866
10 11 867
15 11 867
10 14 868
15 14 868
10 11 869
15 11 869
10 14 870
15 14 870
10 11 871
15 11 871
10 14 872
15 14 872
10 11 873
15 11 873
10 14 874
15 14 874
10 11 875
15 11 875
10 14 876
15 14 876
10 11 877
15 11 877
10 14 878
15 14 878
10 11 879
15 11 879
10 14 880
15 14 880
10 11 881
15 11 881
10 14 882
15 14 882
10 11 883
15 11 883
10 14 884
15 14 884
10 11 885
15 11 885
10 14 886
15 14 886
10 11 887
15 11 887
10 14 888
15 14 888
10 11 889
15 11 889
10 14 890
15 14 890
10 11 891
15 11 891
10 14 892
15 14 892
10 11 893
15 11 893
10 14 894
15 14 894
10 11 895
15 11 895
10 14 896
15 14 896
10 11 897
15 11 897
10 14 898
15 14 898
10 11 899
15 11 899
10 14 900
15 14 900
10 11 901
15 11 901
10 14 902
15 14 902
10 11 903
15 11 903
10 14 904
15 14 904
10 11 905
15 11 905
10 14 906
15 14 906
10 11 907
15 11 907
10 14 908
15 14 908
10 11 909
15 11 909
10 14 910
15 14 910
10 11 911
15 11 911
10 14 912
15 14 912
10 11 913
15 11 913
10 14 914
15 14 914
10 11 915
15 11 915
10 14 916
15 14 916
10 11 917
15 11 917
10 14 918
15 14 918
10 11 919
15 11 919
10 14 920
15 14 920
10 11 921
15 11 921
10 14 922
15 14 922
10 11 923
15 11 923
10 14 924
15 14 924
10 11 925
15 11 925
10 14 926
15 14 926
10 11 927
15 11 927
10 14 928
15 14 928
10 11 929
15 11 929
10 14 930
15 14 930
10 11 931
15 11 931
10 14 932
15 14 932
10 11 933
15 11 933
10 14 934
15 14 934
10 11 935
15 11 935
10 14 936
15 14 936
10 11 937
15 11 937
10 14 938
15 14 938
10 11 939
15 11 939
10 14 940
15 14 940
10 11 941
15 11 941
10 14 942
15 14 942
10 11 943
15 11 943
10 14 944
15 14 944
10 11 945
15 11 945
10 14 946
15 14 946
10 11 947
15 11 947
10 14 948
15 14 948
10 11 949
15 11 949
10 14 950
15 14 950
10 11 951
15 11 951
10 14 952
15 14 952
10 11 953
15 11 953
10 14 954
15 14 954
10 11 955
15 11 955
10 14 956
15 14 956
10 11 957
15 11 957
10 14 958
15 14 958
10 11 959
15 11 959
10 14 960
15 14 960
10 11 961
15 11 961
10 14 962
15 14 962
10 11 963
15 11 963
10 14 964
15 14 964
10 11 965
15 11 965
10 14 966
15 14 966
10 11 967
15 11 967
10 14 968
15 14 968
10 11 969
15 11 969
10 14 970
15 14 970
10 11 971
15 11 971
10 14 972
15 14 972
10 11 973
15 11 973
10 14 974
15 14 974
10 11 975
15 11 975
10 14 976
15 14 976
10 11 977
15 11 977
10 14 978
15 14 978
10 11 979
15 11 979
10 14 980
15 14 980
10 11 981
15 11 981
10 14 982
15 14 982
10 11 983
15 11 983
10 14 984
15 14 984
10 11 985
15 11 985
10 14 986
15 14 986
10 11 987
15 11 987
10 14 988
15 14 988
10 11 989
15 11 989
10 14 990
15 14 990
10 11 991
15 11 991
10 14 992
15 14 992
10 11 993
15 11 993
10 14 994
15 14 994
10 11 995
15 11 995
10 14 996
15 14 996
10 11 997
15 11 997
10 14 998
15 14 998
10 11 999
15 11 999
10 14 1000
15 14 1000
10 11 1001
15 11 1001
10 14 1002
15 14 1002
10 11 1003
15 11 1003
10 14 1004
15 14 1004
10 11 1005
15 11 1005
10 14 1006
15 14 1006
10 11 1007
15 11 1007
10 14 1008
15 14 1008
10 11 1009
15 11 1009
10 14 1010
15 14 1010
10 11 1011
15 11 1011
10 14 1012
15 14 1012
10 11 1013
15 11 1013
10 14 1014
15 14 1014
10 11 1015
15 11 1015
10 14 1016
15 14 1016
10 11 1017
15 11 1017
10 14 1018
15 14 1018
10 11 1019
15 11 1019
10 14 1020
15 14 1020
10 11 1021
15 11 1021
10 14 1022
15 14 1022
10 11 1023
15 11 1023
10 14 1024
15 14 1024
10 11 1025
15 11 1025
10 14 1026
15 14 1026
10 11 1027
15 11 1027
10 14 1028
15 14 1028
10 11 1029
15 11 1029
10 14 1030
15 14 1030
10 11 1031
15 11 1031
10 14 1032
15 14 1032
10 11 1033
15 11 1033
10 14 1034
15 14 1034
10 11 1035
15 11 1035
10 14 1036
15 14 1036
10 11 1037
15 11 1037
10 14 1038
15 14 1038
10 11 1039
15 11 1039
10 14 1040
15 14 1040
10 11 1041
15 11 1041
10 14 1042
15 14 1042
10 11 1043
15 11 1043
10 14 1044
15 14 1044
10 11 1045
15 11 1045
10 14 1046
15 14 1046
10 11 1047
15 11 1047
10 14 1048
15 14 1048
10 11 1049
15 11 1049
10 14 1050
15 14 1050
10 11 1051
15 11 1051
10 14 1052
15 14 1052
10 11 1053
15 11 1053
10 14 1054
15 14 1054
10 11 1055
15 11 1055
10 14 1056
15 14 1056
10 11 1057
15 11 1057
10 14 1058
15 14 1058
10 11 1059
15 11 1059
10 14 1060
15 14 1060
10 11 1061
15 11 1061
10 14 1062
15 14 1062
10 11 1063
15 11 1063
10 14 1064
15 14 1064
10 11 1065
15 11 1065
10 14 1066
15 14 1066
10 11 1067
15 11 1067
10 14 1068
15 14 1068
10 11 1069
15 11 1069
10 14 1070
15 14 1070
10 11 1071
15 11 1071
10 14 1072
15 14 1072
10 11 1073
15 11 1073
10 14 1074
15 14 1074
10 11 1075
15 11 1075
10 14 1076
15 14 1076
10 11 1077
15 11 1077
10 14 1078
15 14 1078
10 11 1079
15 11 1079
10 14 1080
15 14 1080
10 11 1081
15 11 1081
10 14 1082
15 14 1082
10 11 1083
15 11 1083
10 14 1084
15 14 1084
10 11 1085
15 11 1085
10 14 1086
15 14 1086
10 11 1087
15 11 1087
10 14 1088
15 14 1088
10 11 1089
15 11 1089
10 14 1090
15 14 1090
10 11 1091
15 11 1091
10 14 1092
15 14 1092
10 11 1093
15 11 1093
10 14 1094
15 14 1094
10 11 1095
15 11 1095
10 14 1096
15 14 1096
10 11 1097
15 11 1097
10 14 1098
15 14 1098
10 11 1099
15 11 1099
10 14 1100
15 14 1100
10 11 1101
15 11 1101
10 14 1102
15 14 1102
10 11 1103
15 11 1103
10 14 1104
15 14 1104
10 11 1105
15 11 1105
10 14 1106
15 14 1106
10 11 1107
15 11 1107
10 14 1108
15 14 1108
10 11 1109
15 11 1109
10 14 1110
15 14 1110
10 11 1111
15 11 1111
10 14 1112
15 14 1112
10 11 1113
15 11 1113
10 14 1114
15 14 1114
10 11 1115
15 11 1115
10 14 1116
15 14 1116
10 11 1117
15 11 1117
10 14 1118
15 14 1118
10 11 1119
15 11 1119
10 14 1120
15 14 1120
10 11 1121
15 11 1121
10 14 1122
15 14 1122
10 11 1123
15 11 1123
10 14 1124
15 14 1124
10 11 1125
15 11 1125
10 14 1126
15 14 1126
10 11 1127
15 11 1127
10 14 1128
15 14 1128
10 11 1129
15 11 1129
10 14 1130
15 14 1130
10 11 1131
15 11 1131
10 14 1132
15 14 1132
10 11 1133
15 11 1133
10 14 1134
15 14 1134
10 11 1135
15 11 1135
10 14 1136
15 14 1136
10 11 1137
15 11 1137
10 14 1138
15 14 1138
10 11 1139
15 11 1139
10 14 1140
15 14 1140
10 11 1141
15 11 1141
10 14 1142
15 14 1142
10 11 1143
15 11 1143
10 14 1144
15 14 1144
10 11 1145
15 11 1145
10 14 1146
15 14 1146
10 11 1147
15 11 1147
10 14 1148
15 14 1148
10 11 1149
15 11 1149
10 14 1150
15 14 1150
10 11 1151
15 11 1151
10 14 1152
15 14 1152
10 11 1153
15 11 1153
10 14 1154
15 14 1154
10 11 1155
15 11 1155
10 14 1156
15 14 1156
10 11 1157
15 11 1157
10 14 1158
15 14 1158
10 11 1159
15 11 1159
10 14 1160
15 14 1160
10 11 1161
15 11 1161
10 14 1162
15 14 1162
10 11 1163
15 11 1163
10 14 1164
15 14 1164
10 11 1165
15 11 1165
10 14 1166
15 14 1166
10 11 1167
15 11 1167
10 14 1168
15 14 1168
10 11 1169
15 11 1169
10 14 1170
15 14 1170
10 11 1171
15 11 1171
10 14 1172
15 14 1172
10 11 1173
15 11 1173
10 14 1174
15 14 1174
10 11 1175
15 11 1175
10 14 1176
15 14 1176
10 11 1177
15 11 1177
10 14 1178
15 14 1178
10 11 1179
15 11 1179
10 14 1180
15 14 1180
10 11 1181
15 11 1181
10 14 1182
15 14 1182
10 11 1183
15 11 1183
10 14 1184
15 14 1184
10 11 1185
15 11 1185
10 14 1186
15 14 1186
10 11 1187
15 11 1187
10 14 1188
15 14 1188
10 11 1189
15 11 1189
10 14 1190
15 14 1190
10 11 1191
15 11 1191
10 14 1192
15 14 1192
10 11 1193
15 11 1193
10 14 1194
15 14 1194
10 11 1195
15 11 1195
10 14 1196
15 14 1196
10 11 1197
15 11 1197
10 14 1198
15 14 1198
10 11 1199
15 11 1199
10 14 1200
15 14 1200
10 11 1201
15 11 1201
10 14 1202
15 14 1202
10 11 1203
15 11 1203
10 14 1204
15 14 1204
10 11 1205
15 11 1205
10 14 1206
15 14 1206
10 11 1207
15 11 1207
10 14 1208
15 14 1208
10 11 1209
15 11 1209
10 14 1210
15 14 1210
10 11 1211
15 11 1211
10 14 1212
15 14 1212
10 11 1213
15 11 1213
10 14 1214
15 14 1214
10 11 1215
15 11 1215
10 14 1216
15 14 1216
10 11 1217
15 11 1217
10 14 1218
15 14 1218
10 11 1219
15 11 1219
10 14 1220
15 14 1220
10 11 1221
15 11 1221
10 14 1222
15 14 1222
10 11 1223
15 11 1223
10 14 1224
15 14 1224
10 11 1225
15 11 1225
10 14 1226
15 14 1226
10 11 1227
15 11 1227
10 14 1228
15 14 1228
10 11 1229
15 11 1229
10 14 1230
15 14 1230
10 11 1231
15 11 1231
10 14 1232
15 14 1232
10 11 1233
15 11 1233
10 14 1234
15 14 1234
10 11 1235
15 11 1235
10 14 1236
15 14 1236
10 11 1237
15 11 1237
10 14 1238
15 14 1238
10 11 1239
15 11 1239
10 14 1240
15 14 1240
10 11 1241
15 11 1241
10 14 1242
15 14 1242
10 11 1243
15 11 1243
10 14 1244
15 14 1244
10 11 1245
15 11 1245
10 14 1246
15 14 1246
10 11 1247
15 11 1247
10 14 1248
15 14 1248
10 11 1249
15 11 1249
10 14 1250
15 14 1250
10 11 1251
15 11 1251
10 14 1252
15 14 1252
10 11 1253
15 11 1253
10 14 1254
15 14 1254
10 11 1255
15 11 1255
10 14 1256
15 14 1256
10 11 1257
15 11 1257
10 14 1258
15 14 1258
10 11 1259
15 11 1259
10 14 1260
15 14 1260
10 11 1261
15 11 1261
10 14 1262
15 14 1262
10 11 1263
15 11 1263
10 14 1264
15 14 1264
10 11 1265
15 11 1265
10 14 1266
15 14 1266
10 11 1267
15 11 1267
10 14 1268
15 14 1268
10 11 1269
15 11 1269
10 14 1270
15 14 1270
10 11 1271
15 11 1271
10 14 1272
15 14 1272
10 11 1273
15 11 1273
10 14 1274
15 14 1274
10 11 1275
15 11 1275
10 14 1276
15 14 1276
10 11 1277
15 11 1277
10 14 1278
15 14 1278
10 11 1279
15 11 1279
10 14 1280
15 14 1280
10 11 1281
15 11 1281
10 14 1282
15 14 1282
10 11 1283
15 11 1283
10 14 1284
15 14 1284
10 11 1285
15 11 1285
10 14 1286
15 14 1286
10 11 1287
15 11 1287
10 14 1288
15 14 1288
10 11 1289
15 11 1289
10 14 1290
15 14 1290
10 11 1291
15 11 1291
10 14 1292
15 14 1292
10 11 1293
15 11 1293
10 14 1294
15 14 1294
10 11 1295
15 11 1295
10 14 1296
15 14 1296
10 11 1297
15 11 1297
10 14 1298
15 14 1298
10 11 1299
15 11 1299
10 14 1300
15 14 1300
10 11 1301
15 11 1301
10 14 1302
15 14 1302
10 11 1303
15 11 1303
10 14 1304
15 14 1304
10 11 1305
15 11 1305
10 14 1306
15 14 1306
10 11 1307
15 11 1307
10 14 1308
15 14 1308
10 11 1309
15 11 1309
10 14 1310
15 14 1310
10 11 1311
15 11 1311
10 14 1312
15 14 1312
