3 2 1
5 2 1
3 2 2
5 2 2
3 2 3
5 2 3
3 2 4
5 2 4
3 2 5
5 2 5
3 2 6
5 2 6
3 2 7
5 2 7
3 2 8
5 2 8
3 2 9
5 2 9
3 2 10
5 2 10
3 2 11
5 2 11
3 2 12
5 2 12
3 2 13
5 2 13
3 2 14
5 2 14
3 2 15
5 2 15
3 2 16
5 2 16
3 2 17
5 2 17
3 2 18
5 2 18
3 2 19
5 2 19
3 2 20
5 2 20
3 2 21
5 2 21
3 2 22
5 2 22
3 2 23
5 2 23
3 2 24
5 2 24
3 2 25
5 2 25
3 2 26
5 2 26
3 2 27
5 2 27
3 2 28
5 2 28
3 2 29
5 2 29
3 2 30
5 2 30
3 2 31
5 2 31
3 2 32
5 2 32
3 2 33
5 2 33
3 2 34
5 2 34
3 2 35
5 2 35
3 2 36
5 2 36
3 2 37
5 2 37
3 2 38
5 2 38
3 2 39
5 2 39
3 2 40
5 2 40
3 2 41
5 2 41
3 2 42
5 2 42
3 2 43
5 2 43
3 2 44
5 2 44
3 2 45
5 2 45
3 2 46
5 2 46
3 2 47
5 2 47
3 2 48
5 2 48
3 2 49
5 2 49
3 2 50
5 2 50
3 2 51
5 2 51
3 2 52
5 2 52
3 2 53
5 2 53
3 2 54
5 2 54
3 2 55
5 2 55
3 2 56
5 2 56
3 2 57
5 2 57
3 2 58
5 2 58
3 2 59
5 2 59
3 2 60
5 2 60
3 2 61
5 2 61
3 2 62
5 2 62
3 2 63
5 2 63
3 2 64
5 2 64
3 2 65
5 2 65
3 2 66
5 2 66
3 2 67
5 2 67
3 2 68
5 2 68
3 2 69
5 2 69
3 2 70
5 2 70
3 2 71
5 2 71
3 2 72
5 2 72
3 2 73
5 2 73
3 2 74
5 2 74
3 2 75
5 2 75
3 2 76
5 2 76
3 2 77
5 2 77
3 2 78
5 2 78
3 2 79
5 2 79
3 2 80
5 2 80
3 2 81
5 2 81
3 2 82
5 2 82
3 2 83
5 2 83
3 2 84
5 2 84
3 2 85
5 2 85
3 2 86
5 2 86
3 2 87
5 2 87
3 2 88
5 2 88
3 2 89
5 2 89
3 2 90
5 2 90
3 2 91
5 2 91
3 2 92
5 2 92
3 2 93
5 2 93
3 2 94
5 2 94
3 2 95
5 2 95
3 2 96
5 2 96
3 2 97
5 2 97
3 2 98
5 2 98
3 2 99
5 2 99
3 2 100
5 2 100
3 2 101
5 2 101
3 2 102
5 2 102
3 2 103
5 2 103
3 2 104
5 2 104
3 2 105
5 2 105
3 2 106
5 2 106
3 2 107
5 2 107
3 2 108
5 2 108
3 2 109
5 2 109
3 2 110
5 2 110
3 2 111
5 2 111
3 2 112
5 2 112
3 2 113
5 2 113
3 2 114
5 2 114
3 2 115
5 2 115
3 2 116
5 2 116
3 2 117
5 2 117
3 2 118
5 2 118
3 2 119
5 2 119
3 2 120
5 2 120
3 2 121
5 2 121
3 2 122
5 2 122
3 2 123
5 2 123
3 2 124
5 2 124
3 2 125
5 2 125
3 2 126
5 2 126
3 2 127
5 2 127
3 2 128
5 2 128
3 2 129
5 2 129
3 2 130
5 2 130
3 2 131
5 2 131
3 2 132
5 2 132
3 2 133
5 2 133
3 2 134
5 2 134
3 2 135
5 2 135
3 2 136
5 2 136
3 2 137
5 2 137
3 2 138
5 2 138
3 2 139
5 2 139
3 2 140
5 2 140
3 2 141
5 2 141
3 2 142
5 2 142
3 2 143
5 2 143
3 2 144
5 2 144
3 2 145
5 2 145
3 2 146
5 2 146
3 2 147
5 2 147
3 2 148
5 2 148
3 2 149
5 2 149
3 2 150
5 2 150
3 2 151
5 2 151
3 2 152
5 2 152
3 2 153
5 2 153
3 2 154
5 2 154
3 2 155
5 2 155
3 2 156
5 2 156
3 2 157
5 2 157
3 2 158
5 2 158
3 2 159
5 2 159
3 2 160
5 2 160
3 2 161
5 2 161
3 2 162
5 2 162
3 2 163
5 2 163
3 2 164
5 2 164
3 2 165
5 2 165
3 2 166
5 2 166
3 2 167
5 2 167
3 2 168
5 2 168
3 2 169
5 2 169
3 2 170
5 2 170
3 2 171
5 2 171
3 2 172
5 2 172
3 2 173
5 2 173
3 2 174
5 2 174
3 2 175
5 2 175
3 2 176
5 2 176
3 2 177
5 2 177
3 2 178
5 2 178
3 2 179
5 2 179
3 2 180
5 2 180
3 2 181
5 2 181
3 2 182
5 2 182
3 2 183
5 2 183
3 2 184
5 2 184
3 2 185
5 2 185
3 2 186
5 2 186
3 2 187
5 2 187
3 2 188
5 2 188
3 2 189
5 2 189
3 2 190
5 2 190
3 2 191
5 2 191
3 2 192
5 2 192
3 2 193
5 2 193
3 2 194
5 2 194
3 2 195
5 2 195
3 2 196
5 2 196
3 2 197
5 2 197
3 2 198
5 2 198
3 2 199
5 2 199
3 2 200
5 2 200
3 2 201
5 2 201
3 2 202
5 2 202
3 2 203
5 2 203
3 2 204
5 2 204
3 2 205
5 2 205
3 2 206
5 2 206
3 2 207
5 2 207
3 2 208
5 2 208
3 2 209
5 2 209
3 2 210
5 2 210
3 2 211
5 2 211
3 2 212
5 2 212
3 2 213
5 2 213
3 2 214
5 2 214
3 2 215
5 2 215
3 2 216
5 2 216
3 2 217
5 2 217
3 2 218
5 2 218
3 2 219
5 2 219
3 2 220
5 2 220
3 2 221
5 2 221
3 2 222
5 2 222
3 2 223
5 2 223
3 2 224
5 2 224
3 2 225
5 2 225
3 2 226
5 2 226
3 2 227
5 2 227
3 2 228
5 2 228
3 2 229
5 2 229
3 2 230
5 2 230
3 2 231
5 2 231
3 2 232
5 2 232
3 2 233
5 2 233
3 2 234
5 2 234
3 2 235
5 2 235
3 2 236
5 2 236
3 2 237
5 2 237
3 2 238
5 2 238
3 2 239
5 2 239
3 2 240
5 2 240
3 2 241
5 2 241
3 2 242
5 2 242
3 2 243
5 2 243
3 2 244
5 2 244
3 2 245
5 2 245
3 2 246
5 2 246
3 2 247
5 2 247
3 2 248
5 2 248
3 2 249
5 2 249
3 2 250
5 2 250
3 2 251
5 2 251
3 2 252
5 2 252
3 2 253
5 2 253
3 2 254
5 2 254
3 2 255
5 2 255
3 2 256
5 2 256
3 2 257
5 2 257
3 2 258
5 2 258
3 2 259
5 2 259
3 2 260
5 2 260
3 2 261
5 2 261
3 2 262
5 2 262
3 2 263
5 2 263
3 2 264
5 2 264
3 2 265
5 2 265
3 2 266
5 2 266
3 2 267
5 2 267
3 2 268
5 2 268
3 2 269
5 2 269
3 2 270
5 2 270
3 2 271
5 2 271
3 2 272
5 2 272
3 2 273
5 2 273
3 2 274
5 2 274
3 2 275
5 2 275
3 2 276
5 2 276
3 2 277
5 2 277
3 2 278
5 2 278
3 2 279
5 2 279
3 2 280
5 2 280
3 2 281
5 2 281
3 2 282
5 2 282
3 2 283
5 2 283
3 2 284
5 2 284
3 2 285
5 2 285
3 2 286
5 2 286
3 2 287
5 2 287
3 2 288
5 2 288
3 2 289
5 2 289
3 2 290
5 2 290
3 2 291
5 2 291
3 2 292
5 2 292
3 2 293
5 2 293
3 2 294
5 2 294
3 2 295
5 2 295
3 2 296
5 2 296
3 2 297
5 2 297
3 2 298
5 2 298
3 2 299
5 2 299
3 2 300
5 2 300
3 2 301
5 2 301
3 2 302
5 2 302
3 2 303
5 2 303
3 2 304
5 2 304
3 2 305
5 2 305
3 2 306
5 2 306
3 2 307
5 2 307
3 2 308
5 2 308
3 2 309
5 2 309
3 2 310
5 2 310
3 2 311
5 2 311
3 2 312
5 2 312
3 2 313
5 2 313
3 2 314
5 2 314
3 2 315
5 2 315
3 2 316
5 2 316
3 2 317
5 2 317
3 2 318
5 2 318
3 2 319
5 2 319
3 2 320
5 2 320
3 2 321
5 2 321
3 2 322
5 2 322
3 2 323
5 2 323
3 2 324
5 2 324
3 2 325
5 2 325
3 2 326
5 2 326
3 2 327
5 2 327
3 2 328
5 2 328
3 2 329
5 2 329
3 2 330
5 2 330
3 2 331
5 2 331
3 2 332
5 2 332
3 2 333
5 2 333
3 2 334
5 2 334
3 2 335
5 2 335
3 2 336
5 2 336
3 2 337
5 2 337
3 2 338
5 2 338
3 2 339
5 2 339
3 2 340
5 2 340
3 2 341
5 2 341
3 2 342
5 2 342
3 2 343
5 2 343
3 2 344
5 2 344
3 2 345
5 2 345
3 2 346
5 2 346
3 2 347
5 2 347
3 2 348
5 2 348
3 2 349
5 2 349
3 2 350
5 2 350
3 2 351
5 2 351
3 2 352
5 2 352
3 2 353
5 2 353
3 2 354
5 2 354
3 2 355
5 2 355
3 2 356
5 2 356
3 2 357
5 2 357
3 2 358
5 2 358
3 2 359
5 2 359
3 2 360
5 2 360
3 2 361
5 2 361
3 2 362
5 2 362
3 2 363
5 2 363
3 2 364
5 2 364
3 2 365
5 2 365
3 2 366
5 2 366
3 2 367
5 2 367
3 2 368
5 2 368
3 2 369
5 2 369
3 2 370
5 2 370
3 2 371
5 2 371
3 2 372
5 2 372
3 2 373
5 2 373
3 2 374
5 2 374
3 2 375
5 2 375
3 2 376
5 2 376
3 2 377
5 2 377
3 2 378
5 2 378
3 2 379
5 2 379
3 2 380
5 2 380
3 2 381
5 2 381
3 2 382
5 2 382
3 2 383
5 2 383
3 2 384
5 2 384
3 2 385
5 2 385
3 2 386
5 2 386
3 2 387
5 2 387
3 2 388
5 2 388
3 2 389
5 2 389
3 2 390
5 2 390
3 2 391
5 2 391
3 2 392
5 2 392
3 2 393
5 2 393
3 2 394
5 2 394
3 2 395
5 2 395
3 2 396
5 2 396
3 2 397
5 2 397
3 2 398
5 2 398
3 2 399
5 2 399
3 2 400
5 2 400
3 2 401
5 2 401
3 2 402
5 2 402
3 2 403
5 2 403
3 2 404
5 2 404
3 2 405
5 2 405
3 2 406
5 2 406
3 2 407
5 2 407
3 2 408
5 2 408
3 2 409
5 2 409
3 2 410
5 2 410
3 2 411
5 2 411
3 2 412
5 2 412
3 2 413
5 2 413
3 2 414
5 2 414
3 2 415
5 2 415
3 2 416
5 2 416
3 2 417
5 2 417
3 2 418
5 2 418
3 2 419
5 2 419
3 2 420
5 2 420
3 2 421
5 2 421
3 2 422
5 2 422
3 2 423
5 2 423
3 2 424
5 2 424
3 2 425
5 2 425
3 2 426
5 2 426
3 2 427
5 2 427
3 2 428
5 2 428
3 2 429
5 2 429
3 2 430
5 2 430
3 2 431
5 2 431
3 2 432
5 2 432
3 2 433
5 2 433
3 2 434
5 2 434
3 2 435
5 2 435
3 2 436
5 2 436
3 2 437
5 2 437
3 2 438
5 2 438
3 2 439
5 2 439
3 2 440
5 2 440
3 2 441
5 2 441
3 2 442
5 2 442
3 2 443
5 2 443
3 2 444
5 2 444
3 2 445
5 2 445
3 2 446
5 2 446
3 2 447
5 2 447
3 2 448
5 2 448
3 2 449
5 2 449
3 2 450
5 2 450
3 2 451
5 2 451
3 2 452
5 2 452
3 2 453
5 2 453
3 2 454
5 2 454
3 2 455
5 2 455
3 2 456
5 2 456
3 2 457
5 2 457
3 2 458
5 2 458
3 2 459
5 2 459
3 2 460
5 2 460
3 2 461
5 2 461
3 2 462
5 2 462
3 2 463
5 2 463
3 2 464
5 2 464
3 2 465
5 2 465
3 2 466
5 2 466
3 2 467
5 2 467
3 2 468
5 2 468
3 2 469
5 2 469
3 2 470
5 2 470
3 2 471
5 2 471
3 2 472
5 2 472
3 2 473
5 2 473
3 2 474
5 2 474
3 2 475
5 2 475
3 2 476
5 2 476
3 2 477
5 2 477
3 2 478
5 2 478
3 2 479
5 2 479
3 2 480
5 2 480
3 2 481
5 2 481
3 2 482
5 2 482
3 2 483
5 2 483
3 2 484
5 2 484
3 2 485
5 2 485
3 2 486
5 2 486
3 2 487
5 2 487
3 2 488
5 2 488
3 2 489
5 2 489
3 2 490
5 2 490
3 2 491
5 2 491
3 2 492
5 2 492
3 2 493
5 2 493
3 2 494
5 2 494
3 2 495
5 2 495
3 2 496
5 2 496
3 2 497
5 2 497
3 2 498
5 2 498
3 2 499
5 2 499
3 2 500
5 2 500
3 2 501
5 2 501
3 2 502
5 2 502
3 2 503
5 2 503
3 2 504
5 2 504
3 2 505
5 2 505
3 2 506
5 2 506
3 2 507
5 2 507
3 2 508
5 2 508
3 2 509
5 2 509
3 2 510
5 2 510
3 2 511
5 2 511
3 2 512
5 2 512
3 2 513
5 2 513
3 2 514
5 2 514
3 2 515
5 2 515
3 2 516
5 2 516
3 2 517
5 2 517
3 2 518
5 2 518
3 2 519
5 2 519
3 2 520
5 2 520
3 2 521
5 2 521
3 2 522
5 2 522
3 2 523
5 2 523
3 2 524
5 2 524
3 2 525
5 2 525
3 2 526
5 2 526
3 2 527
5 2 527
3 2 528
5 2 528
3 2 529
5 2 529
3 2 530
5 2 530
3 2 531
5 2 531
3 2 532
5 2 532
3 2 533
5 2 533
3 2 534
5 2 534
3 2 535
5 2 535
3 2 536
5 2 536
3 2 537
5 2 537
3 2 538
5 2 538
3 2 539
5 2 539
3 2 540
5 2 540
3 2 541
5 2 541
3 2 542
5 2 542
3 2 543
5 2 543
3 2 544
5 2 544
3 2 545
5 2 545
3 2 546
5 2 546
3 2 547
5 2 547
3 2 548
5 2 548
3 2 549
5 2 549
3 2 550
5 2 550
3 2 551
5 2 551
3 2 552
5 2 552
3 2 553
5 2 553
3 2 554
5 2 554
3 2 555
5 2 555
3 2 556
5 2 556
3 2 557
5 2 557
3 2 558
5 2 558
3 2 559
5 2 559
3 2 560
5 2 560
3 2 561
5 2 561
3 2 562
5 2 562
3 2 563
5 2 563
3 2 564
5 2 564
3 2 565
5 2 565
3 2 566
5 2 566
3 2 567
5 2 567
3 2 568
5 2 568
3 2 569
5 2 569
3 2 570
5 2 570
3 2 571
5 2 571
3 2 572
5 2 572
3 2 573
5 2 573
3 2 574
5 2 574
3 2 575
5 2 575
3 2 576
5 2 576
3 2 577
5 2 577
3 2 578
5 2 578
3 2 579
5 2 579
3 2 580
5 2 580
3 2 581
5 2 581
3 2 582
5 2 582
3 2 583
5 2 583
3 2 584
5 2 584
3 2 585
5 2 585
3 2 586
5 2 586
3 2 587
5 2 587
3 2 588
5 2 588
3 2 589
5 2 589
3 2 590
5 2 590
3 2 591
5 2 591
3 2 592
5 2 592
3 2 593
5 2 593
3 2 594
5 2 594
3 2 595
5 2 595
3 2 596
5 2 596
3 2 597
5 2 597
3 2 598
5 2 598
3 2 599
5 2 599
3 2 600
5 2 600
3 2 601
5 2 601
3 2 602
5 2 602
3 2 603
5 2 603
3 2 604
5 2 604
3 2 605
5 2 605
3 2 606
5 2 606
3 2 607
5 2 607
3 2 608
5 2 608
3 2 609
5 2 609
3 2 610
5 2 610
3 2 611
5 2 611
3 2 612
5 2 612
3 2 613
5 2 613
3 2 614
5 2 614
3 2 615
5 2 615
3 2 616
5 2 616
3 2 617
5 2 617
3 2 618
5 2 618
3 2 619
5 2 619
3 2 620
5 2 620
3 2 621
5 2 621
3 2 622
5 2 622
3 2 623
5 2 623
3 2 624
5 2 624
3 2 625
5 2 625
3 2 626
5 2 626
3 2 627
5 2 627
3 2 628
5 2 628
3 2 629
5 2 629
3 2 630
5 2 630
3 2 631
5 2 631
3 2 632
5 2 632
3 2 633
5 2 633
3 2 634
5 2 634
3 2 635
5 2 635
3 2 636
5 2 636
3 2 637
5 2 637
3 2 638
5 2 638
3 2 639
5 2 639
3 2 640
5 2 640
3 2 641
5 2 641
3 2 642
5 2 642
3 2 643
5 2 643
3 2 644
5 2 644
3 2 645
5 2 645
3 2 646
5 2 646
3 2 647
5 2 647
3 2 648
5 2 648
3 2 649
5 2 649
3 2 650
5 2 650
3 2 651
5 2 651
3 2 652
5 2 652
3 2 653
5 2 653
3 2 654
5 2 654
3 2 655
5 2 655
3 2 656
5 2 656
