4 9 1
8 9 1
4 12 2
8 12 2
4 9 3
8 9 3
4 12 4
8 12 4
4 9 5
8 9 5
4 12 6
8 12 6
4 9 7
8 9 7
4 12 8
8 12 8
4 9 9
8 9 9
4 12 10
8 12 10
4 9 11
8 9 11
4 12 12
8 12 12
4 9 13
8 9 13
4 12 14
8 12 14
4 9 15
8 9 15
4 12 16
8 12 16
4 9 17
8 9 17
4 12 18
8 12 18
4 9 19
8 9 19
4 12 20
8 12 20
4 9 21
8 9 21
4 12 22
8 12 22
4 9 23
8 9 23
4 12 24
8 12 24
4 9 25
8 9 25
4 12 26
8 12 26
4 9 27
8 9 27
4 12 28
8 12 28
4 9 29
8 9 29
4 12 30
8 12 30
4 9 31
8 9 31
4 12 32
8 12 32
4 9 33
8 9 33
4 12 34
8 12 34
4 9 35
8 9 35
4 12 36
8 12 36
4 9 37
8 9 37
4 12 38
8 12 38
4 9 39
8 9 39
4 12 40
8 12 40
4 9 41
8 9 41
4 12 42
8 12 42
4 9 43
8 9 43
4 12 44
8 12 44
4 9 45
8 9 45
4 12 46
8 12 46
4 9 47
8 9 47
4 12 48
8 12 48
4 9 49
8 9 49
4 12 50
8 12 50
4 9 51
8 9 51
4 12 52
8 12 52
4 9 53
8 9 53
4 12 54
8 12 54
4 9 55
8 9 55
4 12 56
8 12 56
4 9 57
8 9 57
4 12 58
8 12 58
4 9 59
8 9 59
4 12 60
8 12 60
4 9 61
8 9 61
4 12 62
8 12 62
4 9 63
8 9 63
4 12 64
8 12 64
4 9 65
8 9 65
4 12 66
8 12 66
4 9 67
8 9 67
4 12 68
8 12 68
4 9 69
8 9 69
4 12 70
8 12 70
4 9 71
8 9 71
4 12 72
8 12 72
4 9 73
8 9 73
4 12 74
8 12 74
4 9 75
8 9 75
4 12 76
8 12 76
4 9 77
8 9 77
4 12 78
8 12 78
4 9 79
8 9 79
4 12 80
8 12 80
4 9 81
8 9 81
4 12 82
8 12 82
4 9 83
8 9 83
4 12 84
8 12 84
4 9 85
8 9 85
4 12 86
8 12 86
4 9 87
8 9 87
4 12 88
8 12 88
4 9 89
8 9 89
4 12 90
8 12 90
4 9 91
8 9 91
4 12 92
8 12 92
4 9 93
8 9 93
4 12 94
8 12 94
4 9 95
8 9 95
4 12 96
8 12 96
4 9 97
8 9 97
4 12 98
8 12 98
4 9 99
8 9 99
4 12 100
8 12 100
4 9 101
8 9 101
4 12 102
8 12 102
4 9 103
8 9 103
4 12 104
8 12 104
4 9 105
8 9 105
4 12 106
8 12 106
4 9 107
8 9 107
4 12 108
8 12 108
4 9 109
8 9 109
4 12 110
8 12 110
4 9 111
8 9 111
4 12 112
8 12 112
4 9 113
8 9 113
4 12 114
8 12 114
4 9 115
8 9 115
4 12 116
8 12 116
4 9 117
8 9 117
4 12 118
8 12 118
4 9 119
8 9 119
4 12 120
8 12 120
4 9 121
8 9 121
4 12 122
8 12 122
4 9 123
8 9 123
4 12 124
8 12 124
4 9 125
8 9 125
4 12 126
8 12 126
4 9 127
8 9 127
4 12 128
8 12 128
4 9 129
8 9 129
4 12 130
8 12 130
4 9 131
8 9 131
4 12 132
8 12 132
4 9 133
8 9 133
4 12 134
8 12 134
4 9 135
8 9 135
4 12 136
8 12 136
4 9 137
8 9 137
4 12 138
8 12 138
4 9 139
8 9 139
4 12 140
8 12 140
4 9 141
8 9 141
4 12 142
8 12 142
4 9 143
8 9 143
4 12 144
8 12 144
4 9 145
8 9 145
4 12 146
8 12 146
4 9 147
8 9 147
4 12 148
8 12 148
4 9 149
8 9 149
4 12 150
8 12 150
4 9 151
8 9 151
4 12 152
8 12 152
4 9 153
8 9 153
4 12 154
8 12 154
4 9 155
8 9 155
4 12 156
8 12 156
4 9 157
8 9 157
4 12 158
8 12 158
4 9 159
8 9 159
4 12 160
8 12 160
4 9 161
8 9 161
4 12 162
8 12 162
4 9 163
8 9 163
4 12 164
8 12 164
4 9 165
8 9 165
4 12 166
8 12 166
4 9 167
8 9 167
4 12 168
8 12 168
4 9 169
8 9 169
4 12 170
8 12 170
4 9 171
8 9 171
4 12 172
8 12 172
4 9 173
8 9 173
4 12 174
8 12 174
4 9 175
8 9 175
4 12 176
8 12 176
4 9 177
8 9 177
4 12 178
8 12 178
4 9 179
8 9 179
4 12 180
8 12 180
4 9 181
8 9 181
4 12 182
8 12 182
4 9 183
8 9 183
4 12 184
8 12 184
4 9 185
8 9 185
4 12 186
8 12 186
4 9 187
8 9 187
4 12 188
8 12 188
4 9 189
8 9 189
4 12 190
8 12 190
4 9 191
8 9 191
4 12 192
8 12 192
4 9 193
8 9 193
4 12 194
8 12 194
4 9 195
8 9 195
4 12 196
8 12 196
4 9 197
8 9 197
4 12 198
8 12 198
4 9 199
8 9 199
4 12 200
8 12 200
4 9 201
8 9 201
4 12 202
8 12 202
4 9 203
8 9 203
4 12 204
8 12 204
4 9 205
8 9 205
4 12 206
8 12 206
4 9 207
8 9 207
4 12 208
8 12 208
4 9 209
8 9 209
4 12 210
8 12 210
4 9 211
8 9 211
4 12 212
8 12 212
4 9 213
8 9 213
4 12 214
8 12 214
4 9 215
8 9 215
4 12 216
8 12 216
4 9 217
8 9 217
4 12 218
8 12 218
4 9 219
8 9 219
4 12 220
8 12 220
4 9 221
8 9 221
4 12 222
8 12 222
4 9 223
8 9 223
4 12 224
8 12 224
4 9 225
8 9 225
4 12 226
8 12 226
4 9 227
8 9 227
4 12 228
8 12 228
4 9 229
8 9 229
4 12 230
8 12 230
4 9 231
8 9 231
4 12 232
8 12 232
4 9 233
8 9 233
4 12 234
8 12 234
4 9 235
8 9 235
4 12 236
8 12 236
4 9 237
8 9 237
4 12 238
8 12 238
4 9 239
8 9 239
4 12 240
8 12 240
4 9 241
8 9 241
4 12 242
8 12 242
4 9 243
8 9 243
4 12 244
8 12 244
4 9 245
8 9 245
4 12 246
8 12 246
4 9 247
8 9 247
4 12 248
8 12 248
4 9 249
8 9 249
4 12 250
8 12 250
4 9 251
8 9 251
4 12 252
8 12 252
4 9 253
8 9 253
4 12 254
8 12 254
4 9 255
8 9 255
4 12 256
8 12 256
4 9 257
8 9 257
4 12 258
8 12 258
4 9 259
8 9 259
4 12 260
8 12 260
4 9 261
8 9 261
4 12 262
8 12 262
4 9 263
8 9 263
4 12 264
8 12 264
4 9 265
8 9 265
4 12 266
8 12 266
4 9 267
8 9 267
4 12 268
8 12 268
4 9 269
8 9 269
4 12 270
8 12 270
4 9 271
8 9 271
4 12 272
8 12 272
4 9 273
8 9 273
4 12 274
8 12 274
4 9 275
8 9 275
4 12 276
8 12 276
4 9 277
8 9 277
4 12 278
8 12 278
4 9 279
8 9 279
4 12 280
8 12 280
4 9 281
8 9 281
4 12 282
8 12 282
4 9 283
8 9 283
4 12 284
8 12 284
4 9 285
8 9 285
4 12 286
8 12 286
4 9 287
8 9 287
4 12 288
8 12 288
4 9 289
8 9 289
4 12 290
8 12 290
4 9 291
8 9 291
4 12 292
8 12 292
4 9 293
8 9 293
4 12 294
8 12 294
4 9 295
8 9 295
4 12 296
8 12 296
4 9 297
8 9 297
4 12 298
8 12 298
4 9 299
8 9 299
4 12 300
8 12 300
4 9 301
8 9 301
4 12 302
8 12 302
4 9 303
8 9 303
4 12 304
8 12 304
4 9 305
8 9 305
4 12 306
8 12 306
4 9 307
8 9 307
4 12 308
8 12 308
4 9 309
8 9 309
4 12 310
8 12 310
4 9 311
8 9 311
4 12 312
8 12 312
4 9 313
8 9 313
4 12 314
8 12 314
4 9 315
8 9 315
4 12 316
8 12 316
4 9 317
8 9 317
4 12 318
8 12 318
4 9 319
8 9 319
4 12 320
8 12 320
4 9 321
8 9 321
4 12 322
8 12 322
4 9 323
8 9 323
4 12 324
8 12 324
4 9 325
8 9 325
4 12 326
8 12 326
4 9 327
8 9 327
4 12 328
8 12 328
4 9 329
8 9 329
4 12 330
8 12 330
4 9 331
8 9 331
4 12 332
8 12 332
4 9 333
8 9 333
4 12 334
8 12 334
4 9 335
8 9 335
4 12 336
8 12 336
4 9 337
8 9 337
4 12 338
8 12 338
4 9 339
8 9 339
4 12 340
8 12 340
4 9 341
8 9 341
4 12 342
8 12 342
4 9 343
8 9 343
4 12 344
8 12 344
4 9 345
8 9 345
4 12 346
8 12 346
4 9 347
8 9 347
4 12 348
8 12 348
4 9 349
8 9 349
4 12 350
8 12 350
4 9 351
8 9 351
4 12 352
8 12 352
4 9 353
8 9 353
4 12 354
8 12 354
4 9 355
8 9 355
4 12 356
8 12 356
4 9 357
8 9 357
4 12 358
8 12 358
4 9 359
8 9 359
4 12 360
8 12 360
4 9 361
8 9 361
4 12 362
8 12 362
4 9 363
8 9 363
4 12 364
8 12 364
4 9 365
8 9 365
4 12 366
8 12 366
4 9 367
8 9 367
4 12 368
8 12 368
4 9 369
8 9 369
4 12 370
8 12 370
4 9 371
8 9 371
4 12 372
8 12 372
4 9 373
8 9 373
4 12 374
8 12 374
4 9 375
8 9 375
4 12 376
8 12 376
4 9 377
8 9 377
4 12 378
8 12 378
4 9 379
8 9 379
4 12 380
8 12 380
4 9 381
8 9 381
4 12 382
8 12 382
4 9 383
8 9 383
4 12 384
8 12 384
4 9 385
8 9 385
4 12 386
8 12 386
4 9 387
8 9 387
4 12 388
8 12 388
4 9 389
8 9 389
4 12 390
8 12 390
4 9 391
8 9 391
4 12 392
8 12 392
4 9 393
8 9 393
4 12 394
8 12 394
4 9 395
8 9 395
4 12 396
8 12 396
4 9 397
8 9 397
4 12 398
8 12 398
4 9 399
8 9 399
4 12 400
8 12 400
4 9 401
8 9 401
4 12 402
8 12 402
4 9 403
8 9 403
4 12 404
8 12 404
4 9 405
8 9 405
4 12 406
8 12 406
4 9 407
8 9 407
4 12 408
8 12 408
4 9 409
8 9 409
4 12 410
8 12 410
4 9 411
8 9 411
4 12 412
8 12 412
4 9 413
8 9 413
4 12 414
8 12 414
4 9 415
8 9 415
4 12 416
8 12 416
4 9 417
8 9 417
4 12 418
8 12 418
4 9 419
8 9 419
4 12 420
8 12 420
4 9 421
8 9 421
4 12 422
8 12 422
4 9 423
8 9 423
4 12 424
8 12 424
4 9 425
8 9 425
4 12 426
8 12 426
4 9 427
8 9 427
4 12 428
8 12 428
4 9 429
8 9 429
4 12 430
8 12 430
4 9 431
8 9 431
4 12 432
8 12 432
4 9 433
8 9 433
4 12 434
8 12 434
4 9 435
8 9 435
4 12 436
8 12 436
4 9 437
8 9 437
4 12 438
8 12 438
4 9 439
8 9 439
4 12 440
8 12 440
4 9 441
8 9 441
4 12 442
8 12 442
4 9 443
8 9 443
4 12 444
8 12 444
4 9 445
8 9 445
4 12 446
8 12 446
4 9 447
8 9 447
4 12 448
8 12 448
4 9 449
8 9 449
4 12 450
8 12 450
4 9 451
8 9 451
4 12 452
8 12 452
4 9 453
8 9 453
4 12 454
8 12 454
4 9 455
8 9 455
4 12 456
8 12 456
4 9 457
8 9 457
4 12 458
8 12 458
4 9 459
8 9 459
4 12 460
8 12 460
4 9 461
8 9 461
4 12 462
8 12 462
4 9 463
8 9 463
4 12 464
8 12 464
4 9 465
8 9 465
4 12 466
8 12 466
4 9 467
8 9 467
4 12 468
8 12 468
4 9 469
8 9 469
4 12 470
8 12 470
4 9 471
8 9 471
4 12 472
8 12 472
4 9 473
8 9 473
4 12 474
8 12 474
4 9 475
8 9 475
4 12 476
8 12 476
4 9 477
8 9 477
4 12 478
8 12 478
4 9 479
8 9 479
4 12 480
8 12 480
4 9 481
8 9 481
4 12 482
8 12 482
4 9 483
8 9 483
4 12 484
8 12 484
4 9 485
8 9 485
4 12 486
8 12 486
4 9 487
8 9 487
4 12 488
8 12 488
4 9 489
8 9 489
4 12 490
8 12 490
4 9 491
8 9 491
4 12 492
8 12 492
4 9 493
8 9 493
4 12 494
8 12 494
4 9 495
8 9 495
4 12 496
8 12 496
4 9 497
8 9 497
4 12 498
8 12 498
4 9 499
8 9 499
4 12 500
8 12 500
4 9 501
8 9 501
4 12 502
8 12 502
4 9 503
8 9 503
4 12 504
8 12 504
4 9 505
8 9 505
4 12 506
8 12 506
4 9 507
8 9 507
4 12 508
8 12 508
4 9 509
8 9 509
4 12 510
8 12 510
4 9 511
8 9 511
4 12 512
8 12 512
4 9 513
8 9 513
4 12 514
8 12 514
4 9 515
8 9 515
4 12 516
8 12 516
4 9 517
8 9 517
4 12 518
8 12 518
4 9 519
8 9 519
4 12 520
8 12 520
4 9 521
8 9 521
4 12 522
8 12 522
4 9 523
8 9 523
4 12 524
8 12 524
4 9 525
8 9 525
4 12 526
8 12 526
4 9 527
8 9 527
4 12 528
8 12 528
4 9 529
8 9 529
4 12 530
8 12 530
4 9 531
8 9 531
4 12 532
8 12 532
4 9 533
8 9 533
4 12 534
8 12 534
4 9 535
8 9 535
4 12 536
8 12 536
4 9 537
8 9 537
4 12 538
8 12 538
4 9 539
8 9 539
4 12 540
8 12 540
4 9 541
8 9 541
4 12 542
8 12 542
4 9 543
8 9 543
4 12 544
8 12 544
4 9 545
8 9 545
4 12 546
8 12 546
4 9 547
8 9 547
4 12 548
8 12 548
4 9 549
8 9 549
4 12 550
8 12 550
4 9 551
8 9 551
4 12 552
8 12 552
4 9 553
8 9 553
4 12 554
8 12 554
4 9 555
8 9 555
4 12 556
8 12 556
4 9 557
8 9 557
4 12 558
8 12 558
4 9 559
8 9 559
4 12 560
8 12 560
4 9 561
8 9 561
4 12 562
8 12 562
4 9 563
8 9 563
4 12 564
8 12 564
4 9 565
8 9 565
4 12 566
8 12 566
4 9 567
8 9 567
4 12 568
8 12 568
4 9 569
8 9 569
4 12 570
8 12 570
4 9 571
8 9 571
4 12 572
8 12 572
4 9 573
8 9 573
4 12 574
8 12 574
4 9 575
8 9 575
4 12 576
8 12 576
4 9 577
8 9 577
4 12 578
8 12 578
4 9 579
8 9 579
4 12 580
8 12 580
4 9 581
8 9 581
4 12 582
8 12 582
4 9 583
8 9 583
4 12 584
8 12 584
4 9 585
8 9 585
4 12 586
8 12 586
4 9 587
8 9 587
4 12 588
8 12 588
4 9 589
8 9 589
4 12 590
8 12 590
4 9 591
8 9 591
4 12 592
8 12 592
4 9 593
8 9 593
4 12 594
8 12 594
4 9 595
8 9 595
4 12 596
8 12 596
4 9 597
8 9 597
4 12 598
8 12 598
4 9 599
8 9 599
4 12 600
8 12 600
4 9 601
8 9 601
4 12 602
8 12 602
4 9 603
8 9 603
4 12 604
8 12 604
4 9 605
8 9 605
4 12 606
8 12 606
4 9 607
8 9 607
4 12 608
8 12 608
4 9 609
8 9 609
4 12 610
8 12 610
4 9 611
8 9 611
4 12 612
8 12 612
4 9 613
8 9 613
4 12 614
8 12 614
4 9 615
8 9 615
4 12 616
8 12 616
4 9 617
8 9 617
4 12 618
8 12 618
4 9 619
8 9 619
4 12 620
8 12 620
4 9 621
8 9 621
4 12 622
8 12 622
4 9 623
8 9 623
4 12 624
8 12 624
4 9 625
8 9 625
4 12 626
8 12 626
4 9 627
8 9 627
4 12 628
8 12 628
4 9 629
8 9 629
4 12 630
8 12 630
4 9 631
8 9 631
4 12 632
8 12 632
4 9 633
8 9 633
4 12 634
8 12 634
4 9 635
8 9 635
4 12 636
8 12 636
4 9 637
8 9 637
4 12 638
8 12 638
4 9 639
8 9 639
4 12 640
8 12 640
4 9 641
8 9 641
4 12 642
8 12 642
4 9 643
8 9 643
4 12 644
8 12 644
4 9 645
8 9 645
4 12 646
8 12 646
4 9 647
8 9 647
4 12 648
8 12 648
4 9 649
8 9 649
4 12 650
8 12 650
4 9 651
8 9 651
4 12 652
8 12 652
4 9 653
8 9 653
4 12 654
8 12 654
4 9 655
8 9 655
4 12 656
8 12 656
