0 4 1
1 4 1
0 8 2
1 8 2
0 4 3
1 4 3
0 8 4
1 8 4
0 4 5
1 4 5
0 8 6
1 8 6
0 4 7
1 4 7
0 8 8
1 8 8
0 4 9
1 4 9
0 8 10
1 8 10
0 4 11
1 4 11
0 8 12
1 8 12
0 4 13
1 4 13
0 8 14
1 8 14
0 4 15
1 4 15
0 8 16
1 8 16
0 4 17
1 4 17
0 8 18
1 8 18
0 4 19
1 4 19
0 8 20
1 8 20
0 4 21
1 4 21
0 8 22
1 8 22
0 4 23
1 4 23
0 8 24
1 8 24
0 4 25
1 4 25
0 8 26
1 8 26
0 4 27
1 4 27
0 8 28
1 8 28
0 4 29
1 4 29
0 8 30
1 8 30
0 4 31
1 4 31
0 8 32
1 8 32
0 4 33
1 4 33
0 8 34
1 8 34
0 4 35
1 4 35
0 8 36
1 8 36
0 4 37
1 4 37
0 8 38
1 8 38
0 4 39
1 4 39
0 8 40
1 8 40
0 4 41
1 4 41
0 8 42
1 8 42
0 4 43
1 4 43
0 8 44
1 8 44
0 4 45
1 4 45
0 8 46
1 8 46
0 4 47
1 4 47
0 8 48
1 8 48
0 4 49
1 4 49
0 8 50
1 8 50
0 4 51
1 4 51
0 8 52
1 8 52
0 4 53
1 4 53
0 8 54
1 8 54
0 4 55
1 4 55
0 8 56
1 8 56
0 4 57
1 4 57
0 8 58
1 8 58
0 4 59
1 4 59
0 8 60
1 8 60
0 4 61
1 4 61
0 8 62
1 8 62
0 4 63
1 4 63
0 8 64
1 8 64
0 4 65
1 4 65
0 8 66
1 8 66
0 4 67
1 4 67
0 8 68
1 8 68
0 4 69
1 4 69
0 8 70
1 8 70
0 4 71
1 4 71
0 8 72
1 8 72
0 4 73
1 4 73
0 8 74
1 8 74
0 4 75
1 4 75
0 8 76
1 8 76
0 4 77
1 4 77
0 8 78
1 8 78
0 4 79
1 4 79
0 8 80
1 8 80
0 4 81
1 4 81
0 8 82
1 8 82
0 4 83
1 4 83
0 8 84
1 8 84
0 4 85
1 4 85
0 8 86
1 8 86
0 4 87
1 4 87
0 8 88
1 8 88
0 4 89
1 4 89
0 8 90
1 8 90
0 4 91
1 4 91
0 8 92
1 8 92
0 4 93
1 4 93
0 8 94
1 8 94
0 4 95
1 4 95
0 8 96
1 8 96
0 4 97
1 4 97
0 8 98
1 8 98
0 4 99
1 4 99
0 8 100
1 8 100
0 4 101
1 4 101
0 8 102
1 8 102
0 4 103
1 4 103
0 8 104
1 8 104
0 4 105
1 4 105
0 8 106
1 8 106
0 4 107
1 4 107
0 8 108
1 8 108
0 4 109
1 4 109
0 8 110
1 8 110
0 4 111
1 4 111
0 8 112
1 8 112
0 4 113
1 4 113
0 8 114
1 8 114
0 4 115
1 4 115
0 8 116
1 8 116
0 4 117
1 4 117
0 8 118
1 8 118
0 4 119
1 4 119
0 8 120
1 8 120
0 4 121
1 4 121
0 8 122
1 8 122
0 4 123
1 4 123
0 8 124
1 8 124
0 4 125
1 4 125
0 8 126
1 8 126
0 4 127
1 4 127
0 8 128
1 8 128
0 4 129
1 4 129
0 8 130
1 8 130
0 4 131
1 4 131
0 8 132
1 8 132
0 4 133
1 4 133
0 8 134
1 8 134
0 4 135
1 4 135
0 8 136
1 8 136
0 4 137
1 4 137
0 8 138
1 8 138
0 4 139
1 4 139
0 8 140
1 8 140
0 4 141
1 4 141
0 8 142
1 8 142
0 4 143
1 4 143
0 8 144
1 8 144
0 4 145
1 4 145
0 8 146
1 8 146
0 4 147
1 4 147
0 8 148
1 8 148
0 4 149
1 4 149
0 8 150
1 8 150
0 4 151
1 4 151
0 8 152
1 8 152
0 4 153
1 4 153
0 8 154
1 8 154
0 4 155
1 4 155
0 8 156
1 8 156
0 4 157
1 4 157
0 8 158
1 8 158
0 4 159
1 4 159
0 8 160
1 8 160
0 4 161
1 4 161
0 8 162
1 8 162
0 4 163
1 4 163
0 8 164
1 8 164
0 4 165
1 4 165
0 8 166
1 8 166
0 4 167
1 4 167
0 8 168
1 8 168
0 4 169
1 4 169
0 8 170
1 8 170
0 4 171
1 4 171
0 8 172
1 8 172
0 4 173
1 4 173
0 8 174
1 8 174
0 4 175
1 4 175
0 8 176
1 8 176
0 4 177
1 4 177
0 8 178
1 8 178
0 4 179
1 4 179
0 8 180
1 8 180
0 4 181
1 4 181
0 8 182
1 8 182
0 4 183
1 4 183
0 8 184
1 8 184
0 4 185
1 4 185
0 8 186
1 8 186
0 4 187
1 4 187
0 8 188
1 8 188
0 4 189
1 4 189
0 8 190
1 8 190
0 4 191
1 4 191
0 8 192
1 8 192
0 4 193
1 4 193
0 8 194
1 8 194
0 4 195
1 4 195
0 8 196
1 8 196
0 4 197
1 4 197
0 8 198
1 8 198
0 4 199
1 4 199
0 8 200
1 8 200
0 4 201
1 4 201
0 8 202
1 8 202
0 4 203
1 4 203
0 8 204
1 8 204
0 4 205
1 4 205
0 8 206
1 8 206
0 4 207
1 4 207
0 8 208
1 8 208
0 4 209
1 4 209
0 8 210
1 8 210
0 4 211
1 4 211
0 8 212
1 8 212
0 4 213
1 4 213
0 8 214
1 8 214
0 4 215
1 4 215
0 8 216
1 8 216
0 4 217
1 4 217
0 8 218
1 8 218
0 4 219
1 4 219
0 8 220
1 8 220
0 4 221
1 4 221
0 8 222
1 8 222
0 4 223
1 4 223
0 8 224
1 8 224
0 4 225
1 4 225
0 8 226
1 8 226
0 4 227
1 4 227
0 8 228
1 8 228
0 4 229
1 4 229
0 8 230
1 8 230
0 4 231
1 4 231
0 8 232
1 8 232
0 4 233
1 4 233
0 8 234
1 8 234
0 4 235
1 4 235
0 8 236
1 8 236
0 4 237
1 4 237
0 8 238
1 8 238
0 4 239
1 4 239
0 8 240
1 8 240
0 4 241
1 4 241
0 8 242
1 8 242
0 4 243
1 4 243
0 8 244
1 8 244
0 4 245
1 4 245
0 8 246
1 8 246
0 4 247
1 4 247
0 8 248
1 8 248
0 4 249
1 4 249
0 8 250
1 8 250
0 4 251
1 4 251
0 8 252
1 8 252
0 4 253
1 4 253
0 8 254
1 8 254
0 4 255
1 4 255
0 8 256
1 8 256
0 4 257
1 4 257
0 8 258
1 8 258
0 4 259
1 4 259
0 8 260
1 8 260
0 4 261
1 4 261
0 8 262
1 8 262
0 4 263
1 4 263
0 8 264
1 8 264
0 4 265
1 4 265
0 8 266
1 8 266
0 4 267
1 4 267
0 8 268
1 8 268
0 4 269
1 4 269
0 8 270
1 8 270
0 4 271
1 4 271
0 8 272
1 8 272
0 4 273
1 4 273
0 8 274
1 8 274
0 4 275
1 4 275
0 8 276
1 8 276
0 4 277
1 4 277
0 8 278
1 8 278
0 4 279
1 4 279
0 8 280
1 8 280
0 4 281
1 4 281
0 8 282
1 8 282
0 4 283
1 4 283
0 8 284
1 8 284
0 4 285
1 4 285
0 8 286
1 8 286
0 4 287
1 4 287
0 8 288
1 8 288
0 4 289
1 4 289
0 8 290
1 8 290
0 4 291
1 4 291
0 8 292
1 8 292
0 4 293
1 4 293
0 8 294
1 8 294
0 4 295
1 4 295
0 8 296
1 8 296
0 4 297
1 4 297
0 8 298
1 8 298
0 4 299
1 4 299
0 8 300
1 8 300
0 4 301
1 4 301
0 8 302
1 8 302
0 4 303
1 4 303
0 8 304
1 8 304
0 4 305
1 4 305
0 8 306
1 8 306
0 4 307
1 4 307
0 8 308
1 8 308
0 4 309
1 4 309
0 8 310
1 8 310
0 4 311
1 4 311
0 8 312
1 8 312
0 4 313
1 4 313
0 8 314
1 8 314
0 4 315
1 4 315
0 8 316
1 8 316
0 4 317
1 4 317
0 8 318
1 8 318
0 4 319
1 4 319
0 8 320
1 8 320
0 4 321
1 4 321
0 8 322
1 8 322
0 4 323
1 4 323
0 8 324
1 8 324
0 4 325
1 4 325
0 8 326
1 8 326
0 4 327
1 4 327
0 8 328
1 8 328
0 4 329
1 4 329
0 8 330
1 8 330
0 4 331
1 4 331
0 8 332
1 8 332
0 4 333
1 4 333
0 8 334
1 8 334
0 4 335
1 4 335
0 8 336
1 8 336
0 4 337
1 4 337
0 8 338
1 8 338
0 4 339
1 4 339
0 8 340
1 8 340
0 4 341
1 4 341
0 8 342
1 8 342
0 4 343
1 4 343
0 8 344
1 8 344
0 4 345
1 4 345
0 8 346
1 8 346
0 4 347
1 4 347
0 8 348
1 8 348
0 4 349
1 4 349
0 8 350
1 8 350
0 4 351
1 4 351
0 8 352
1 8 352
0 4 353
1 4 353
0 8 354
1 8 354
0 4 355
1 4 355
0 8 356
1 8 356
0 4 357
1 4 357
0 8 358
1 8 358
0 4 359
1 4 359
0 8 360
1 8 360
0 4 361
1 4 361
0 8 362
1 8 362
0 4 363
1 4 363
0 8 364
1 8 364
0 4 365
1 4 365
0 8 366
1 8 366
0 4 367
1 4 367
0 8 368
1 8 368
0 4 369
1 4 369
0 8 370
1 8 370
0 4 371
1 4 371
0 8 372
1 8 372
0 4 373
1 4 373
0 8 374
1 8 374
0 4 375
1 4 375
0 8 376
1 8 376
0 4 377
1 4 377
0 8 378
1 8 378
0 4 379
1 4 379
0 8 380
1 8 380
0 4 381
1 4 381
0 8 382
1 8 382
0 4 383
1 4 383
0 8 384
1 8 384
0 4 385
1 4 385
0 8 386
1 8 386
0 4 387
1 4 387
0 8 388
1 8 388
0 4 389
1 4 389
0 8 390
1 8 390
0 4 391
1 4 391
0 8 392
1 8 392
0 4 393
1 4 393
0 8 394
1 8 394
0 4 395
1 4 395
0 8 396
1 8 396
0 4 397
1 4 397
0 8 398
1 8 398
0 4 399
1 4 399
0 8 400
1 8 400
0 4 401
1 4 401
0 8 402
1 8 402
0 4 403
1 4 403
0 8 404
1 8 404
0 4 405
1 4 405
0 8 406
1 8 406
0 4 407
1 4 407
0 8 408
1 8 408
0 4 409
1 4 409
0 8 410
1 8 410
0 4 411
1 4 411
0 8 412
1 8 412
0 4 413
1 4 413
0 8 414
1 8 414
0 4 415
1 4 415
0 8 416
1 8 416
0 4 417
1 4 417
0 8 418
1 8 418
0 4 419
1 4 419
0 8 420
1 8 420
0 4 421
1 4 421
0 8 422
1 8 422
0 4 423
1 4 423
0 8 424
1 8 424
0 4 425
1 4 425
0 8 426
1 8 426
0 4 427
1 4 427
0 8 428
1 8 428
0 4 429
1 4 429
0 8 430
1 8 430
0 4 431
1 4 431
0 8 432
1 8 432
0 4 433
1 4 433
0 8 434
1 8 434
0 4 435
1 4 435
0 8 436
1 8 436
0 4 437
1 4 437
0 8 438
1 8 438
0 4 439
1 4 439
0 8 440
1 8 440
0 4 441
1 4 441
0 8 442
1 8 442
0 4 443
1 4 443
0 8 444
1 8 444
0 4 445
1 4 445
0 8 446
1 8 446
0 4 447
1 4 447
0 8 448
1 8 448
0 4 449
1 4 449
0 8 450
1 8 450
0 4 451
1 4 451
0 8 452
1 8 452
0 4 453
1 4 453
0 8 454
1 8 454
0 4 455
1 4 455
0 8 456
1 8 456
0 4 457
1 4 457
0 8 458
1 8 458
0 4 459
1 4 459
0 8 460
1 8 460
0 4 461
1 4 461
0 8 462
1 8 462
0 4 463
1 4 463
0 8 464
1 8 464
0 4 465
1 4 465
0 8 466
1 8 466
0 4 467
1 4 467
0 8 468
1 8 468
0 4 469
1 4 469
0 8 470
1 8 470
0 4 471
1 4 471
0 8 472
1 8 472
0 4 473
1 4 473
0 8 474
1 8 474
0 4 475
1 4 475
0 8 476
1 8 476
0 4 477
1 4 477
0 8 478
1 8 478
0 4 479
1 4 479
0 8 480
1 8 480
0 4 481
1 4 481
0 8 482
1 8 482
0 4 483
1 4 483
0 8 484
1 8 484
0 4 485
1 4 485
0 8 486
1 8 486
0 4 487
1 4 487
0 8 488
1 8 488
0 4 489
1 4 489
0 8 490
1 8 490
0 4 491
1 4 491
0 8 492
1 8 492
0 4 493
1 4 493
0 8 494
1 8 494
0 4 495
1 4 495
0 8 496
1 8 496
0 4 497
1 4 497
0 8 498
1 8 498
0 4 499
1 4 499
0 8 500
1 8 500
0 4 501
1 4 501
0 8 502
1 8 502
0 4 503
1 4 503
0 8 504
1 8 504
0 4 505
1 4 505
0 8 506
1 8 506
0 4 507
1 4 507
0 8 508
1 8 508
0 4 509
1 4 509
0 8 510
1 8 510
0 4 511
1 4 511
0 8 512
1 8 512
0 4 513
1 4 513
0 8 514
1 8 514
0 4 515
1 4 515
0 8 516
1 8 516
0 4 517
1 4 517
0 8 518
1 8 518
0 4 519
1 4 519
0 8 520
1 8 520
0 4 521
1 4 521
0 8 522
1 8 522
0 4 523
1 4 523
0 8 524
1 8 524
0 4 525
1 4 525
0 8 526
1 8 526
0 4 527
1 4 527
0 8 528
1 8 528
0 4 529
1 4 529
0 8 530
1 8 530
0 4 531
1 4 531
0 8 532
1 8 532
0 4 533
1 4 533
0 8 534
1 8 534
0 4 535
1 4 535
0 8 536
1 8 536
0 4 537
1 4 537
0 8 538
1 8 538
0 4 539
1 4 539
0 8 540
1 8 540
0 4 541
1 4 541
0 8 542
1 8 542
0 4 543
1 4 543
0 8 544
1 8 544
0 4 545
1 4 545
0 8 546
1 8 546
0 4 547
1 4 547
0 8 548
1 8 548
0 4 549
1 4 549
0 8 550
1 8 550
0 4 551
1 4 551
0 8 552
1 8 552
0 4 553
1 4 553
0 8 554
1 8 554
0 4 555
1 4 555
0 8 556
1 8 556
0 4 557
1 4 557
0 8 558
1 8 558
0 4 559
1 4 559
0 8 560
1 8 560
0 4 561
1 4 561
0 8 562
1 8 562
0 4 563
1 4 563
0 8 564
1 8 564
0 4 565
1 4 565
0 8 566
1 8 566
0 4 567
1 4 567
0 8 568
1 8 568
0 4 569
1 4 569
0 8 570
1 8 570
0 4 571
1 4 571
0 8 572
1 8 572
0 4 573
1 4 573
0 8 574
1 8 574
0 4 575
1 4 575
0 8 576
1 8 576
0 4 577
1 4 577
0 8 578
1 8 578
0 4 579
1 4 579
0 8 580
1 8 580
0 4 581
1 4 581
0 8 582
1 8 582
0 4 583
1 4 583
0 8 584
1 8 584
0 4 585
1 4 585
0 8 586
1 8 586
0 4 587
1 4 587
0 8 588
1 8 588
0 4 589
1 4 589
0 8 590
1 8 590
0 4 591
1 4 591
0 8 592
1 8 592
0 4 593
1 4 593
0 8 594
1 8 594
0 4 595
1 4 595
0 8 596
1 8 596
0 4 597
1 4 597
0 8 598
1 8 598
0 4 599
1 4 599
0 8 600
1 8 600
0 4 601
1 4 601
0 8 602
1 8 602
0 4 603
1 4 603
0 8 604
1 8 604
0 4 605
1 4 605
0 8 606
1 8 606
0 4 607
1 4 607
0 8 608
1 8 608
0 4 609
1 4 609
0 8 610
1 8 610
0 4 611
1 4 611
0 8 612
1 8 612
0 4 613
1 4 613
0 8 614
1 8 614
0 4 615
1 4 615
0 8 616
1 8 616
0 4 617
1 4 617
0 8 618
1 8 618
0 4 619
1 4 619
0 8 620
1 8 620
0 4 621
1 4 621
0 8 622
1 8 622
0 4 623
1 4 623
0 8 624
1 8 624
0 4 625
1 4 625
0 8 626
1 8 626
0 4 627
1 4 627
0 8 628
1 8 628
0 4 629
1 4 629
0 8 630
1 8 630
0 4 631
1 4 631
0 8 632
1 8 632
0 4 633
1 4 633
0 8 634
1 8 634
0 4 635
1 4 635
0 8 636
1 8 636
0 4 637
1 4 637
0 8 638
1 8 638
0 4 639
1 4 639
0 8 640
1 8 640
0 4 641
1 4 641
0 8 642
1 8 642
0 4 643
1 4 643
0 8 644
1 8 644
0 4 645
1 4 645
0 8 646
1 8 646
0 4 647
1 4 647
0 8 648
1 8 648
0 4 649
1 4 649
0 8 650
1 8 650
0 4 651
1 4 651
0 8 652
1 8 652
0 4 653
1 4 653
0 8 654
1 8 654
0 4 655
1 4 655
0 8 656
1 8 656
