2 0 1
2 1 2
2 0 3
2 1 4
2 0 5
2 1 6
2 0 7
2 1 8
2 0 9
2 1 10
2 0 11
2 1 12
2 0 13
2 1 14
2 0 15
2 1 16
2 0 17
2 1 18
2 0 19
2 1 20
2 0 21
2 1 22
2 0 23
2 1 24
2 0 25
2 1 26
2 0 27
2 1 28
2 0 29
2 1 30
2 0 31
2 1 32
2 0 33
2 1 34
2 0 35
2 1 36
2 0 37
2 1 38
2 0 39
2 1 40
2 0 41
2 1 42
2 0 43
2 1 44
2 0 45
2 1 46
2 0 47
2 1 48
2 0 49
2 1 50
2 0 51
2 1 52
2 0 53
2 1 54
2 0 55
2 1 56
2 0 57
2 1 58
2 0 59
2 1 60
2 0 61
2 1 62
2 0 63
2 1 64
2 0 65
2 1 66
2 0 67
2 1 68
2 0 69
2 1 70
2 0 71
2 1 72
2 0 73
2 1 74
2 0 75
2 1 76
2 0 77
2 1 78
2 0 79
2 1 80
2 0 81
2 1 82
2 0 83
2 1 84
2 0 85
2 1 86
2 0 87
2 1 88
2 0 89
2 1 90
2 0 91
2 1 92
2 0 93
2 1 94
2 0 95
2 1 96
2 0 97
2 1 98
2 0 99
2 1 100
2 0 101
2 1 102
2 0 103
2 1 104
2 0 105
2 1 106
2 0 107
2 1 108
2 0 109
2 1 110
2 0 111
2 1 112
2 0 113
2 1 114
2 0 115
2 1 116
2 0 117
2 1 118
2 0 119
2 1 120
2 0 121
2 1 122
2 0 123
2 1 124
2 0 125
2 1 126
2 0 127
2 1 128
2 0 129
2 1 130
2 0 131
2 1 132
2 0 133
2 1 134
2 0 135
2 1 136
2 0 137
2 1 138
2 0 139
2 1 140
2 0 141
2 1 142
2 0 143
2 1 144
2 0 145
2 1 146
2 0 147
2 1 148
2 0 149
2 1 150
2 0 151
2 1 152
2 0 153
2 1 154
2 0 155
2 1 156
2 0 157
2 1 158
2 0 159
2 1 160
2 0 161
2 1 162
2 0 163
2 1 164
2 0 165
2 1 166
2 0 167
2 1 168
2 0 169
2 1 170
2 0 171
2 1 172
2 0 173
2 1 174
2 0 175
2 1 176
2 0 177
2 1 178
2 0 179
2 1 180
2 0 181
2 1 182
2 0 183
2 1 184
2 0 185
2 1 186
2 0 187
2 1 188
2 0 189
2 1 190
2 0 191
2 1 192
2 0 193
2 1 194
2 0 195
2 1 196
2 0 197
2 1 198
2 0 199
2 1 200
2 0 201
2 1 202
2 0 203
2 1 204
2 0 205
2 1 206
2 0 207
2 1 208
2 0 209
2 1 210
2 0 211
2 1 212
2 0 213
2 1 214
2 0 215
2 1 216
2 0 217
2 1 218
2 0 219
2 1 220
2 0 221
2 1 222
2 0 223
2 1 224
2 0 225
2 1 226
2 0 227
2 1 228
2 0 229
2 1 230
2 0 231
2 1 232
2 0 233
2 1 234
2 0 235
2 1 236
2 0 237
2 1 238
2 0 239
2 1 240
2 0 241
2 1 242
2 0 243
2 1 244
2 0 245
2 1 246
2 0 247
2 1 248
2 0 249
2 1 250
2 0 251
2 1 252
2 0 253
2 1 254
2 0 255
2 1 256
2 0 257
2 1 258
2 0 259
2 1 260
2 0 261
2 1 262
2 0 263
2 1 264
2 0 265
2 1 266
2 0 267
2 1 268
2 0 269
2 1 270
2 0 271
2 1 272
2 0 273
2 1 274
2 0 275
2 1 276
2 0 277
2 1 278
2 0 279
2 1 280
2 0 281
2 1 282
2 0 283
2 1 284
2 0 285
2 1 286
2 0 287
2 1 288
2 0 289
2 1 290
2 0 291
2 1 292
2 0 293
2 1 294
2 0 295
2 1 296
2 0 297
2 1 298
2 0 299
2 1 300
2 0 301
2 1 302
2 0 303
2 1 304
2 0 305
2 1 306
2 0 307
2 1 308
2 0 309
2 1 310
2 0 311
2 1 312
2 0 313
2 1 314
2 0 315
2 1 316
2 0 317
2 1 318
2 0 319
2 1 320
2 0 321
2 1 322
2 0 323
2 1 324
2 0 325
2 1 326
2 0 327
2 1 328
2 0 329
2 1 330
2 0 331
2 1 332
2 0 333
2 1 334
2 0 335
2 1 336
2 0 337
2 1 338
2 0 339
2 1 340
2 0 341
2 1 342
2 0 343
2 1 344
2 0 345
2 1 346
2 0 347
2 1 348
2 0 349
2 1 350
2 0 351
2 1 352
2 0 353
2 1 354
2 0 355
2 1 356
2 0 357
2 1 358
2 0 359
2 1 360
2 0 361
2 1 362
2 0 363
2 1 364
2 0 365
2 1 366
2 0 367
2 1 368
2 0 369
2 1 370
2 0 371
2 1 372
2 0 373
2 1 374
2 0 375
2 1 376
2 0 377
2 1 378
2 0 379
2 1 380
2 0 381
2 1 382
2 0 383
2 1 384
2 0 385
2 1 386
2 0 387
2 1 388
2 0 389
2 1 390
2 0 391
2 1 392
2 0 393
2 1 394
2 0 395
2 1 396
2 0 397
2 1 398
2 0 399
2 1 400
2 0 401
2 1 402
2 0 403
2 1 404
2 0 405
2 1 406
2 0 407
2 1 408
2 0 409
2 1 410
2 0 411
2 1 412
2 0 413
2 1 414
2 0 415
2 1 416
2 0 417
2 1 418
2 0 419
2 1 420
2 0 421
2 1 422
2 0 423
2 1 424
2 0 425
2 1 426
2 0 427
2 1 428
2 0 429
2 1 430
2 0 431
2 1 432
2 0 433
2 1 434
2 0 435
2 1 436
2 0 437
2 1 438
2 0 439
2 1 440
2 0 441
2 1 442
2 0 443
2 1 444
2 0 445
2 1 446
2 0 447
2 1 448
2 0 449
2 1 450
2 0 451
2 1 452
2 0 453
2 1 454
2 0 455
2 1 456
2 0 457
2 1 458
2 0 459
2 1 460
2 0 461
2 1 462
2 0 463
2 1 464
2 0 465
2 1 466
2 0 467
2 1 468
2 0 469
2 1 470
2 0 471
2 1 472
2 0 473
2 1 474
2 0 475
2 1 476
2 0 477
2 1 478
2 0 479
2 1 480
2 0 481
2 1 482
2 0 483
2 1 484
2 0 485
2 1 486
2 0 487
2 1 488
2 0 489
2 1 490
2 0 491
2 1 492
2 0 493
2 1 494
2 0 495
2 1 496
2 0 497
2 1 498
2 0 499
2 1 500
2 0 501
2 1 502
2 0 503
2 1 504
2 0 505
2 1 506
2 0 507
2 1 508
2 0 509
2 1 510
2 0 511
2 1 512
2 0 513
2 1 514
2 0 515
2 1 516
2 0 517
2 1 518
2 0 519
2 1 520
2 0 521
2 1 522
2 0 523
2 1 524
2 0 525
2 1 526
2 0 527
2 1 528
2 0 529
2 1 530
2 0 531
2 1 532
2 0 533
2 1 534
2 0 535
2 1 536
2 0 537
2 1 538
2 0 539
2 1 540
2 0 541
2 1 542
2 0 543
2 1 544
2 0 545
2 1 546
2 0 547
2 1 548
2 0 549
2 1 550
2 0 551
2 1 552
2 0 553
2 1 554
2 0 555
2 1 556
2 0 557
2 1 558
2 0 559
2 1 560
2 0 561
2 1 562
2 0 563
2 1 564
2 0 565
2 1 566
2 0 567
2 1 568
2 0 569
2 1 570
2 0 571
2 1 572
2 0 573
2 1 574
2 0 575
2 1 576
2 0 577
2 1 578
2 0 579
2 1 580
2 0 581
2 1 582
2 0 583
2 1 584
2 0 585
2 1 586
2 0 587
2 1 588
2 0 589
2 1 590
2 0 591
2 1 592
2 0 593
2 1 594
2 0 595
2 1 596
2 0 597
2 1 598
2 0 599
2 1 600
2 0 601
2 1 602
2 0 603
2 1 604
2 0 605
2 1 606
2 0 607
2 1 608
2 0 609
2 1 610
2 0 611
2 1 612
2 0 613
2 1 614
2 0 615
2 1 616
2 0 617
2 1 618
2 0 619
2 1 620
2 0 621
2 1 622
2 0 623
2 1 624
2 0 625
2 1 626
2 0 627
2 1 628
2 0 629
2 1 630
2 0 631
2 1 632
2 0 633
2 1 634
2 0 635
2 1 636
2 0 637
2 1 638
2 0 639
2 1 640
2 0 641
2 1 642
2 0 643
2 1 644
2 0 645
2 1 646
2 0 647
2 1 648
2 0 649
2 1 650
2 0 651
2 1 652
2 0 653
2 1 654
2 0 655
2 1 656
2 0 657
2 1 658
2 0 659
2 1 660
2 0 661
2 1 662
2 0 663
2 1 664
2 0 665
2 1 666
2 0 667
2 1 668
2 0 669
2 1 670
2 0 671
2 1 672
2 0 673
2 1 674
2 0 675
2 1 676
2 0 677
2 1 678
2 0 679
2 1 680
2 0 681
2 1 682
2 0 683
2 1 684
2 0 685
2 1 686
2 0 687
2 1 688
2 0 689
2 1 690
2 0 691
2 1 692
2 0 693
2 1 694
2 0 695
2 1 696
2 0 697
2 1 698
2 0 699
2 1 700
2 0 701
2 1 702
2 0 703
2 1 704
2 0 705
2 1 706
2 0 707
2 1 708
2 0 709
2 1 710
2 0 711
2 1 712
2 0 713
2 1 714
2 0 715
2 1 716
2 0 717
2 1 718
2 0 719
2 1 720
2 0 721
2 1 722
2 0 723
2 1 724
2 0 725
2 1 726
2 0 727
2 1 728
2 0 729
2 1 730
2 0 731
2 1 732
2 0 733
2 1 734
2 0 735
2 1 736
2 0 737
2 1 738
2 0 739
2 1 740
2 0 741
2 1 742
2 0 743
2 1 744
2 0 745
2 1 746
2 0 747
2 1 748
2 0 749
2 1 750
2 0 751
2 1 752
2 0 753
2 1 754
2 0 755
2 1 756
2 0 757
2 1 758
2 0 759
2 1 760
2 0 761
2 1 762
2 0 763
2 1 764
2 0 765
2 1 766
2 0 767
2 1 768
2 0 769
2 1 770
2 0 771
2 1 772
2 0 773
2 1 774
2 0 775
2 1 776
2 0 777
2 1 778
2 0 779
2 1 780
2 0 781
2 1 782
2 0 783
2 1 784
2 0 785
2 1 786
2 0 787
2 1 788
2 0 789
2 1 790
2 0 791
2 1 792
2 0 793
2 1 794
2 0 795
2 1 796
2 0 797
2 1 798
2 0 799
2 1 800
2 0 801
2 1 802
2 0 803
2 1 804
2 0 805
2 1 806
2 0 807
2 1 808
2 0 809
2 1 810
2 0 811
2 1 812
2 0 813
2 1 814
2 0 815
2 1 816
2 0 817
2 1 818
2 0 819
2 1 820
2 0 821
2 1 822
2 0 823
2 1 824
2 0 825
2 1 826
2 0 827
2 1 828
2 0 829
2 1 830
2 0 831
2 1 832
2 0 833
2 1 834
2 0 835
2 1 836
2 0 837
2 1 838
2 0 839
2 1 840
2 0 841
2 1 842
2 0 843
2 1 844
2 0 845
2 1 846
2 0 847
2 1 848
2 0 849
2 1 850
2 0 851
2 1 852
2 0 853
2 1 854
2 0 855
2 1 856
2 0 857
2 1 858
2 0 859
2 1 860
2 0 861
2 1 862
2 0 863
2 1 864
2 0 865
2 1 866
2 0 867
2 1 868
2 0 869
2 1 870
2 0 871
2 1 872
2 0 873
2 1 874
2 0 875
2 1 876
2 0 877
2 1 878
2 0 879
2 1 880
2 0 881
2 1 882
2 0 883
2 1 884
2 0 885
2 1 886
2 0 887
2 1 888
2 0 889
2 1 890
2 0 891
2 1 892
2 0 893
2 1 894
2 0 895
2 1 896
2 0 897
2 1 898
2 0 899
2 1 900
2 0 901
2 1 902
2 0 903
2 1 904
2 0 905
2 1 906
2 0 907
2 1 908
2 0 909
2 1 910
2 0 911
2 1 912
2 0 913
2 1 914
2 0 915
2 1 916
2 0 917
2 1 918
2 0 919
2 1 920
2 0 921
2 1 922
2 0 923
2 1 924
2 0 925
2 1 926
2 0 927
2 1 928
2 0 929
2 1 930
2 0 931
2 1 932
2 0 933
2 1 934
2 0 935
2 1 936
2 0 937
2 1 938
2 0 939
2 1 940
2 0 941
2 1 942
2 0 943
2 1 944
2 0 945
2 1 946
2 0 947
2 1 948
2 0 949
2 1 950
2 0 951
2 1 952
2 0 953
2 1 954
2 0 955
2 1 956
2 0 957
2 1 958
2 0 959
2 1 960
2 0 961
2 1 962
2 0 963
2 1 964
2 0 965
2 1 966
2 0 967
2 1 968
2 0 969
2 1 970
2 0 971
2 1 972
2 0 973
2 1 974
2 0 975
2 1 976
2 0 977
2 1 978
2 0 979
2 1 980
2 0 981
2 1 982
2 0 983
2 1 984
2 0 985
2 1 986
2 0 987
2 1 988
2 0 989
2 1 990
2 0 991
2 1 992
2 0 993
2 1 994
2 0 995
2 1 996
2 0 997
2 1 998
2 0 999
2 1 1000
2 0 1001
2 1 1002
2 0 1003
2 1 1004
2 0 1005
2 1 1006
2 0 1007
2 1 1008
2 0 1009
2 1 1010
2 0 1011
2 1 1012
2 0 1013
2 1 1014
2 0 1015
2 1 1016
2 0 1017
2 1 1018
2 0 1019
2 1 1020
2 0 1021
2 1 1022
2 0 1023
2 1 1024
2 0 1025
2 1 1026
2 0 1027
2 1 1028
2 0 1029
2 1 1030
2 0 1031
2 1 1032
2 0 1033
2 1 1034
2 0 1035
2 1 1036
2 0 1037
2 1 1038
2 0 1039
2 1 1040
2 0 1041
2 1 1042
2 0 1043
2 1 1044
2 0 1045
2 1 1046
2 0 1047
2 1 1048
2 0 1049
2 1 1050
2 0 1051
2 1 1052
2 0 1053
2 1 1054
2 0 1055
2 1 1056
2 0 1057
2 1 1058
2 0 1059
2 1 1060
2 0 1061
2 1 1062
2 0 1063
2 1 1064
2 0 1065
2 1 1066
2 0 1067
2 1 1068
2 0 1069
2 1 1070
2 0 1071
2 1 1072
2 0 1073
2 1 1074
2 0 1075
2 1 1076
2 0 1077
2 1 1078
2 0 1079
2 1 1080
2 0 1081
2 1 1082
2 0 1083
2 1 1084
2 0 1085
2 1 1086
2 0 1087
2 1 1088
2 0 1089
2 1 1090
2 0 1091
2 1 1092
2 0 1093
2 1 1094
2 0 1095
2 1 1096
2 0 1097
2 1 1098
2 0 1099
2 1 1100
2 0 1101
2 1 1102
2 0 1103
2 1 1104
2 0 1105
2 1 1106
2 0 1107
2 1 1108
2 0 1109
2 1 1110
2 0 1111
2 1 1112
2 0 1113
2 1 1114
2 0 1115
2 1 1116
2 0 1117
2 1 1118
2 0 1119
2 1 1120
2 0 1121
2 1 1122
2 0 1123
2 1 1124
2 0 1125
2 1 1126
2 0 1127
2 1 1128
2 0 1129
2 1 1130
2 0 1131
2 1 1132
2 0 1133
2 1 1134
2 0 1135
2 1 1136
2 0 1137
2 1 1138
2 0 1139
2 1 1140
2 0 1141
2 1 1142
2 0 1143
2 1 1144
2 0 1145
2 1 1146
2 0 1147
2 1 1148
2 0 1149
2 1 1150
2 0 1151
2 1 1152
2 0 1153
2 1 1154
2 0 1155
2 1 1156
2 0 1157
2 1 1158
2 0 1159
2 1 1160
2 0 1161
2 1 1162
2 0 1163
2 1 1164
2 0 1165
2 1 1166
2 0 1167
2 1 1168
2 0 1169
2 1 1170
2 0 1171
2 1 1172
2 0 1173
2 1 1174
2 0 1175
2 1 1176
2 0 1177
2 1 1178
2 0 1179
2 1 1180
2 0 1181
2 1 1182
2 0 1183
2 1 1184
2 0 1185
2 1 1186
2 0 1187
2 1 1188
2 0 1189
2 1 1190
2 0 1191
2 1 1192
2 0 1193
2 1 1194
2 0 1195
2 1 1196
2 0 1197
2 1 1198
2 0 1199
2 1 1200
2 0 1201
2 1 1202
2 0 1203
2 1 1204
2 0 1205
2 1 1206
2 0 1207
2 1 1208
2 0 1209
2 1 1210
2 0 1211
2 1 1212
2 0 1213
2 1 1214
2 0 1215
2 1 1216
2 0 1217
2 1 1218
2 0 1219
2 1 1220
2 0 1221
2 1 1222
2 0 1223
2 1 1224
2 0 1225
2 1 1226
2 0 1227
2 1 1228
2 0 1229
2 1 1230
2 0 1231
2 1 1232
2 0 1233
2 1 1234
2 0 1235
2 1 1236
2 0 1237
2 1 1238
2 0 1239
2 1 1240
2 0 1241
2 1 1242
2 0 1243
2 1 1244
2 0 1245
2 1 1246
2 0 1247
2 1 1248
2 0 1249
2 1 1250
2 0 1251
2 1 1252
2 0 1253
2 1 1254
2 0 1255
2 1 1256
2 0 1257
2 1 1258
2 0 1259
2 1 1260
2 0 1261
2 1 1262
2 0 1263
2 1 1264
2 0 1265
2 1 1266
2 0 1267
2 1 1268
2 0 1269
2 1 1270
2 0 1271
2 1 1272
2 0 1273
2 1 1274
2 0 1275
2 1 1276
2 0 1277
2 1 1278
2 0 1279
2 1 1280
2 0 1281
2 1 1282
2 0 1283
2 1 1284
2 0 1285
2 1 1286
2 0 1287
2 1 1288
2 0 1289
2 1 1290
2 0 1291
2 1 1292
2 0 1293
2 1 1294
2 0 1295
2 1 1296
2 0 1297
2 1 1298
2 0 1299
2 1 1300
2 0 1301
2 1 1302
2 0 1303
2 1 1304
2 0 1305
2 1 1306
2 0 1307
2 1 1308
2 0 1309
2 1 1310
2 0 1311
2 1 1312
