0 1 1
5 1 1
0 1 2
5 1 2
0 1 3
5 1 3
0 1 4
5 1 4
0 1 5
5 1 5
0 1 6
5 1 6
0 1 7
5 1 7
0 1 8
5 1 8
0 1 9
5 1 9
0 1 10
5 1 10
0 1 11
5 1 11
0 1 12
5 1 12
0 1 13
5 1 13
0 1 14
5 1 14
0 1 15
5 1 15
0 1 16
5 1 16
0 1 17
5 1 17
0 1 18
5 1 18
0 1 19
5 1 19
0 1 20
5 1 20
0 1 21
5 1 21
0 1 22
5 1 22
0 1 23
5 1 23
0 1 24
5 1 24
0 1 25
5 1 25
0 1 26
5 1 26
0 1 27
5 1 27
0 1 28
5 1 28
0 1 29
5 1 29
0 1 30
5 1 30
0 1 31
5 1 31
0 1 32
5 1 32
0 1 33
5 1 33
0 1 34
5 1 34
0 1 35
5 1 35
0 1 36
5 1 36
0 1 37
5 1 37
0 1 38
5 1 38
0 1 39
5 1 39
0 1 40
5 1 40
0 1 41
5 1 41
0 1 42
5 1 42
0 1 43
5 1 43
0 1 44
5 1 44
0 1 45
5 1 45
0 1 46
5 1 46
0 1 47
5 1 47
0 1 48
5 1 48
0 1 49
5 1 49
0 1 50
5 1 50
0 1 51
5 1 51
0 1 52
5 1 52
0 1 53
5 1 53
0 1 54
5 1 54
0 1 55
5 1 55
0 1 56
5 1 56
0 1 57
5 1 57
0 1 58
5 1 58
0 1 59
5 1 59
0 1 60
5 1 60
0 1 61
5 1 61
0 1 62
5 1 62
0 1 63
5 1 63
0 1 64
5 1 64
0 1 65
5 1 65
0 1 66
5 1 66
0 1 67
5 1 67
0 1 68
5 1 68
0 1 69
5 1 69
0 1 70
5 1 70
0 1 71
5 1 71
0 1 72
5 1 72
0 1 73
5 1 73
0 1 74
5 1 74
0 1 75
5 1 75
0 1 76
5 1 76
0 1 77
5 1 77
0 1 78
5 1 78
0 1 79
5 1 79
0 1 80
5 1 80
0 1 81
5 1 81
0 1 82
5 1 82
0 1 83
5 1 83
0 1 84
5 1 84
0 1 85
5 1 85
0 1 86
5 1 86
0 1 87
5 1 87
0 1 88
5 1 88
0 1 89
5 1 89
0 1 90
5 1 90
0 1 91
5 1 91
0 1 92
5 1 92
0 1 93
5 1 93
0 1 94
5 1 94
0 1 95
5 1 95
0 1 96
5 1 96
0 1 97
5 1 97
0 1 98
5 1 98
0 1 99
5 1 99
0 1 100
5 1 100
0 1 101
5 1 101
0 1 102
5 1 102
0 1 103
5 1 103
0 1 104
5 1 104
0 1 105
5 1 105
0 1 106
5 1 106
0 1 107
5 1 107
0 1 108
5 1 108
0 1 109
5 1 109
0 1 110
5 1 110
0 1 111
5 1 111
0 1 112
5 1 112
0 1 113
5 1 113
0 1 114
5 1 114
0 1 115
5 1 115
0 1 116
5 1 116
0 1 117
5 1 117
0 1 118
5 1 118
0 1 119
5 1 119
0 1 120
5 1 120
0 1 121
5 1 121
0 1 122
5 1 122
0 1 123
5 1 123
0 1 124
5 1 124
0 1 125
5 1 125
0 1 126
5 1 126
0 1 127
5 1 127
0 1 128
5 1 128
0 1 129
5 1 129
0 1 130
5 1 130
0 1 131
5 1 131
0 1 132
5 1 132
0 1 133
5 1 133
0 1 134
5 1 134
0 1 135
5 1 135
0 1 136
5 1 136
0 1 137
5 1 137
0 1 138
5 1 138
0 1 139
5 1 139
0 1 140
5 1 140
0 1 141
5 1 141
0 1 142
5 1 142
0 1 143
5 1 143
0 1 144
5 1 144
0 1 145
5 1 145
0 1 146
5 1 146
0 1 147
5 1 147
0 1 148
5 1 148
0 1 149
5 1 149
0 1 150
5 1 150
0 1 151
5 1 151
0 1 152
5 1 152
0 1 153
5 1 153
0 1 154
5 1 154
0 1 155
5 1 155
0 1 156
5 1 156
0 1 157
5 1 157
0 1 158
5 1 158
0 1 159
5 1 159
0 1 160
5 1 160
0 1 161
5 1 161
0 1 162
5 1 162
0 1 163
5 1 163
0 1 164
5 1 164
0 1 165
5 1 165
0 1 166
5 1 166
0 1 167
5 1 167
0 1 168
5 1 168
0 1 169
5 1 169
0 1 170
5 1 170
0 1 171
5 1 171
0 1 172
5 1 172
0 1 173
5 1 173
0 1 174
5 1 174
0 1 175
5 1 175
0 1 176
5 1 176
0 1 177
5 1 177
0 1 178
5 1 178
0 1 179
5 1 179
0 1 180
5 1 180
0 1 181
5 1 181
0 1 182
5 1 182
0 1 183
5 1 183
0 1 184
5 1 184
0 1 185
5 1 185
0 1 186
5 1 186
0 1 187
5 1 187
0 1 188
5 1 188
0 1 189
5 1 189
0 1 190
5 1 190
0 1 191
5 1 191
0 1 192
5 1 192
0 1 193
5 1 193
0 1 194
5 1 194
0 1 195
5 1 195
0 1 196
5 1 196
0 1 197
5 1 197
0 1 198
5 1 198
0 1 199
5 1 199
0 1 200
5 1 200
0 1 201
5 1 201
0 1 202
5 1 202
0 1 203
5 1 203
0 1 204
5 1 204
0 1 205
5 1 205
0 1 206
5 1 206
0 1 207
5 1 207
0 1 208
5 1 208
0 1 209
5 1 209
0 1 210
5 1 210
0 1 211
5 1 211
0 1 212
5 1 212
0 1 213
5 1 213
0 1 214
5 1 214
0 1 215
5 1 215
0 1 216
5 1 216
0 1 217
5 1 217
0 1 218
5 1 218
0 1 219
5 1 219
0 1 220
5 1 220
0 1 221
5 1 221
0 1 222
5 1 222
0 1 223
5 1 223
0 1 224
5 1 224
0 1 225
5 1 225
0 1 226
5 1 226
0 1 227
5 1 227
0 1 228
5 1 228
0 1 229
5 1 229
0 1 230
5 1 230
0 1 231
5 1 231
0 1 232
5 1 232
0 1 233
5 1 233
0 1 234
5 1 234
0 1 235
5 1 235
0 1 236
5 1 236
0 1 237
5 1 237
0 1 238
5 1 238
0 1 239
5 1 239
0 1 240
5 1 240
0 1 241
5 1 241
0 1 242
5 1 242
0 1 243
5 1 243
0 1 244
5 1 244
0 1 245
5 1 245
0 1 246
5 1 246
0 1 247
5 1 247
0 1 248
5 1 248
0 1 249
5 1 249
0 1 250
5 1 250
0 1 251
5 1 251
0 1 252
5 1 252
0 1 253
5 1 253
0 1 254
5 1 254
0 1 255
5 1 255
0 1 256
5 1 256
0 1 257
5 1 257
0 1 258
5 1 258
0 1 259
5 1 259
0 1 260
5 1 260
0 1 261
5 1 261
0 1 262
5 1 262
0 1 263
5 1 263
0 1 264
5 1 264
0 1 265
5 1 265
0 1 266
5 1 266
0 1 267
5 1 267
0 1 268
5 1 268
0 1 269
5 1 269
0 1 270
5 1 270
0 1 271
5 1 271
0 1 272
5 1 272
0 1 273
5 1 273
0 1 274
5 1 274
0 1 275
5 1 275
0 1 276
5 1 276
0 1 277
5 1 277
0 1 278
5 1 278
0 1 279
5 1 279
0 1 280
5 1 280
0 1 281
5 1 281
0 1 282
5 1 282
0 1 283
5 1 283
0 1 284
5 1 284
0 1 285
5 1 285
0 1 286
5 1 286
0 1 287
5 1 287
0 1 288
5 1 288
0 1 289
5 1 289
0 1 290
5 1 290
0 1 291
5 1 291
0 1 292
5 1 292
0 1 293
5 1 293
0 1 294
5 1 294
0 1 295
5 1 295
0 1 296
5 1 296
0 1 297
5 1 297
0 1 298
5 1 298
0 1 299
5 1 299
0 1 300
5 1 300
0 1 301
5 1 301
0 1 302
5 1 302
0 1 303
5 1 303
0 1 304
5 1 304
0 1 305
5 1 305
0 1 306
5 1 306
0 1 307
5 1 307
0 1 308
5 1 308
0 1 309
5 1 309
0 1 310
5 1 310
0 1 311
5 1 311
0 1 312
5 1 312
0 1 313
5 1 313
0 1 314
5 1 314
0 1 315
5 1 315
0 1 316
5 1 316
0 1 317
5 1 317
0 1 318
5 1 318
0 1 319
5 1 319
0 1 320
5 1 320
0 1 321
5 1 321
0 1 322
5 1 322
0 1 323
5 1 323
0 1 324
5 1 324
0 1 325
5 1 325
0 1 326
5 1 326
0 1 327
5 1 327
0 1 328
5 1 328
