4 0 1
4 5 2
4 0 3
4 5 4
4 0 5
4 5 6
4 0 7
4 5 8
4 0 9
4 5 10
4 0 11
4 5 12
4 0 13
4 5 14
4 0 15
4 5 16
4 0 17
4 5 18
4 0 19
4 5 20
4 0 21
4 5 22
4 0 23
4 5 24
4 0 25
4 5 26
4 0 27
4 5 28
4 0 29
4 5 30
4 0 31
4 5 32
4 0 33
4 5 34
4 0 35
4 5 36
4 0 37
4 5 38
4 0 39
4 5 40
4 0 41
4 5 42
4 0 43
4 5 44
4 0 45
4 5 46
4 0 47
4 5 48
4 0 49
4 5 50
4 0 51
4 5 52
4 0 53
4 5 54
4 0 55
4 5 56
4 0 57
4 5 58
4 0 59
4 5 60
4 0 61
4 5 62
4 0 63
4 5 64
4 0 65
4 5 66
4 0 67
4 5 68
4 0 69
4 5 70
4 0 71
4 5 72
4 0 73
4 5 74
4 0 75
4 5 76
4 0 77
4 5 78
4 0 79
4 5 80
4 0 81
4 5 82
4 0 83
4 5 84
4 0 85
4 5 86
4 0 87
4 5 88
4 0 89
4 5 90
4 0 91
4 5 92
4 0 93
4 5 94
4 0 95
4 5 96
4 0 97
4 5 98
4 0 99
4 5 100
4 0 101
4 5 102
4 0 103
4 5 104
4 0 105
4 5 106
4 0 107
4 5 108
4 0 109
4 5 110
4 0 111
4 5 112
4 0 113
4 5 114
4 0 115
4 5 116
4 0 117
4 5 118
4 0 119
4 5 120
4 0 121
4 5 122
4 0 123
4 5 124
4 0 125
4 5 126
4 0 127
4 5 128
4 0 129
4 5 130
4 0 131
4 5 132
4 0 133
4 5 134
4 0 135
4 5 136
4 0 137
4 5 138
4 0 139
4 5 140
4 0 141
4 5 142
4 0 143
4 5 144
4 0 145
4 5 146
4 0 147
4 5 148
4 0 149
4 5 150
4 0 151
4 5 152
4 0 153
4 5 154
4 0 155
4 5 156
4 0 157
4 5 158
4 0 159
4 5 160
4 0 161
4 5 162
4 0 163
4 5 164
4 0 165
4 5 166
4 0 167
4 5 168
4 0 169
4 5 170
4 0 171
4 5 172
4 0 173
4 5 174
4 0 175
4 5 176
4 0 177
4 5 178
4 0 179
4 5 180
4 0 181
4 5 182
4 0 183
4 5 184
4 0 185
4 5 186
4 0 187
4 5 188
4 0 189
4 5 190
4 0 191
4 5 192
4 0 193
4 5 194
4 0 195
4 5 196
4 0 197
4 5 198
4 0 199
4 5 200
4 0 201
4 5 202
4 0 203
4 5 204
4 0 205
4 5 206
4 0 207
4 5 208
4 0 209
4 5 210
4 0 211
4 5 212
4 0 213
4 5 214
4 0 215
4 5 216
4 0 217
4 5 218
4 0 219
4 5 220
4 0 221
4 5 222
4 0 223
4 5 224
4 0 225
4 5 226
4 0 227
4 5 228
4 0 229
4 5 230
4 0 231
4 5 232
4 0 233
4 5 234
4 0 235
4 5 236
4 0 237
4 5 238
4 0 239
4 5 240
4 0 241
4 5 242
4 0 243
4 5 244
4 0 245
4 5 246
4 0 247
4 5 248
4 0 249
4 5 250
4 0 251
4 5 252
4 0 253
4 5 254
4 0 255
4 5 256
4 0 257
4 5 258
4 0 259
4 5 260
4 0 261
4 5 262
4 0 263
4 5 264
4 0 265
4 5 266
4 0 267
4 5 268
4 0 269
4 5 270
4 0 271
4 5 272
4 0 273
4 5 274
4 0 275
4 5 276
4 0 277
4 5 278
4 0 279
4 5 280
4 0 281
4 5 282
4 0 283
4 5 284
4 0 285
4 5 286
4 0 287
4 5 288
4 0 289
4 5 290
4 0 291
4 5 292
4 0 293
4 5 294
4 0 295
4 5 296
4 0 297
4 5 298
4 0 299
4 5 300
4 0 301
4 5 302
4 0 303
4 5 304
4 0 305
4 5 306
4 0 307
4 5 308
4 0 309
4 5 310
4 0 311
4 5 312
4 0 313
4 5 314
4 0 315
4 5 316
4 0 317
4 5 318
4 0 319
4 5 320
4 0 321
4 5 322
4 0 323
4 5 324
4 0 325
4 5 326
4 0 327
4 5 328
