7 9 1
8 9 1
7 10 2
8 10 2
7 9 3
8 9 3
7 10 4
8 10 4
7 9 5
8 9 5
7 10 6
8 10 6
7 9 7
8 9 7
7 10 8
8 10 8
7 9 9
8 9 9
7 10 10
8 10 10
7 9 11
8 9 11
7 10 12
8 10 12
7 9 13
8 9 13
7 10 14
8 10 14
7 9 15
8 9 15
7 10 16
8 10 16
7 9 17
8 9 17
7 10 18
8 10 18
7 9 19
8 9 19
7 10 20
8 10 20
7 9 21
8 9 21
7 10 22
8 10 22
7 9 23
8 9 23
7 10 24
8 10 24
7 9 25
8 9 25
7 10 26
8 10 26
7 9 27
8 9 27
7 10 28
8 10 28
7 9 29
8 9 29
7 10 30
8 10 30
7 9 31
8 9 31
7 10 32
8 10 32
7 9 33
8 9 33
7 10 34
8 10 34
7 9 35
8 9 35
7 10 36
8 10 36
7 9 37
8 9 37
7 10 38
8 10 38
7 9 39
8 9 39
7 10 40
8 10 40
7 9 41
8 9 41
7 10 42
8 10 42
7 9 43
8 9 43
7 10 44
8 10 44
7 9 45
8 9 45
7 10 46
8 10 46
7 9 47
8 9 47
7 10 48
8 10 48
7 9 49
8 9 49
7 10 50
8 10 50
7 9 51
8 9 51
7 10 52
8 10 52
7 9 53
8 9 53
7 10 54
8 10 54
7 9 55
8 9 55
7 10 56
8 10 56
7 9 57
8 9 57
7 10 58
8 10 58
7 9 59
8 9 59
7 10 60
8 10 60
7 9 61
8 9 61
7 10 62
8 10 62
7 9 63
8 9 63
7 10 64
8 10 64
7 9 65
8 9 65
7 10 66
8 10 66
7 9 67
8 9 67
7 10 68
8 10 68
7 9 69
8 9 69
7 10 70
8 10 70
7 9 71
8 9 71
7 10 72
8 10 72
7 9 73
8 9 73
7 10 74
8 10 74
7 9 75
8 9 75
7 10 76
8 10 76
7 9 77
8 9 77
7 10 78
8 10 78
7 9 79
8 9 79
7 10 80
8 10 80
7 9 81
8 9 81
7 10 82
8 10 82
7 9 83
8 9 83
7 10 84
8 10 84
7 9 85
8 9 85
7 10 86
8 10 86
7 9 87
8 9 87
7 10 88
8 10 88
7 9 89
8 9 89
7 10 90
8 10 90
7 9 91
8 9 91
7 10 92
8 10 92
7 9 93
8 9 93
7 10 94
8 10 94
7 9 95
8 9 95
7 10 96
8 10 96
7 9 97
8 9 97
7 10 98
8 10 98
7 9 99
8 9 99
7 10 100
8 10 100
7 9 101
8 9 101
7 10 102
8 10 102
7 9 103
8 9 103
7 10 104
8 10 104
7 9 105
8 9 105
7 10 106
8 10 106
7 9 107
8 9 107
7 10 108
8 10 108
7 9 109
8 9 109
7 10 110
8 10 110
7 9 111
8 9 111
7 10 112
8 10 112
7 9 113
8 9 113
7 10 114
8 10 114
7 9 115
8 9 115
7 10 116
8 10 116
7 9 117
8 9 117
7 10 118
8 10 118
7 9 119
8 9 119
7 10 120
8 10 120
7 9 121
8 9 121
7 10 122
8 10 122
7 9 123
8 9 123
7 10 124
8 10 124
7 9 125
8 9 125
7 10 126
8 10 126
7 9 127
8 9 127
7 10 128
8 10 128
7 9 129
8 9 129
7 10 130
8 10 130
7 9 131
8 9 131
7 10 132
8 10 132
7 9 133
8 9 133
7 10 134
8 10 134
7 9 135
8 9 135
7 10 136
8 10 136
7 9 137
8 9 137
7 10 138
8 10 138
7 9 139
8 9 139
7 10 140
8 10 140
7 9 141
8 9 141
7 10 142
8 10 142
7 9 143
8 9 143
7 10 144
8 10 144
7 9 145
8 9 145
7 10 146
8 10 146
7 9 147
8 9 147
7 10 148
8 10 148
7 9 149
8 9 149
7 10 150
8 10 150
7 9 151
8 9 151
7 10 152
8 10 152
7 9 153
8 9 153
7 10 154
8 10 154
7 9 155
8 9 155
7 10 156
8 10 156
7 9 157
8 9 157
7 10 158
8 10 158
7 9 159
8 9 159
7 10 160
8 10 160
7 9 161
8 9 161
7 10 162
8 10 162
7 9 163
8 9 163
7 10 164
8 10 164
7 9 165
8 9 165
7 10 166
8 10 166
7 9 167
8 9 167
7 10 168
8 10 168
7 9 169
8 9 169
7 10 170
8 10 170
7 9 171
8 9 171
7 10 172
8 10 172
7 9 173
8 9 173
7 10 174
8 10 174
7 9 175
8 9 175
7 10 176
8 10 176
7 9 177
8 9 177
7 10 178
8 10 178
7 9 179
8 9 179
7 10 180
8 10 180
7 9 181
8 9 181
7 10 182
8 10 182
7 9 183
8 9 183
7 10 184
8 10 184
7 9 185
8 9 185
7 10 186
8 10 186
7 9 187
8 9 187
7 10 188
8 10 188
7 9 189
8 9 189
7 10 190
8 10 190
7 9 191
8 9 191
7 10 192
8 10 192
7 9 193
8 9 193
7 10 194
8 10 194
7 9 195
8 9 195
7 10 196
8 10 196
7 9 197
8 9 197
7 10 198
8 10 198
7 9 199
8 9 199
7 10 200
8 10 200
7 9 201
8 9 201
7 10 202
8 10 202
7 9 203
8 9 203
7 10 204
8 10 204
7 9 205
8 9 205
7 10 206
8 10 206
7 9 207
8 9 207
7 10 208
8 10 208
7 9 209
8 9 209
7 10 210
8 10 210
7 9 211
8 9 211
7 10 212
8 10 212
7 9 213
8 9 213
7 10 214
8 10 214
7 9 215
8 9 215
7 10 216
8 10 216
7 9 217
8 9 217
7 10 218
8 10 218
7 9 219
8 9 219
7 10 220
8 10 220
7 9 221
8 9 221
7 10 222
8 10 222
7 9 223
8 9 223
7 10 224
8 10 224
7 9 225
8 9 225
7 10 226
8 10 226
7 9 227
8 9 227
7 10 228
8 10 228
7 9 229
8 9 229
7 10 230
8 10 230
7 9 231
8 9 231
7 10 232
8 10 232
7 9 233
8 9 233
7 10 234
8 10 234
7 9 235
8 9 235
7 10 236
8 10 236
7 9 237
8 9 237
7 10 238
8 10 238
7 9 239
8 9 239
7 10 240
8 10 240
7 9 241
8 9 241
7 10 242
8 10 242
7 9 243
8 9 243
7 10 244
8 10 244
7 9 245
8 9 245
7 10 246
8 10 246
7 9 247
8 9 247
7 10 248
8 10 248
7 9 249
8 9 249
7 10 250
8 10 250
7 9 251
8 9 251
7 10 252
8 10 252
7 9 253
8 9 253
7 10 254
8 10 254
7 9 255
8 9 255
7 10 256
8 10 256
7 9 257
8 9 257
7 10 258
8 10 258
7 9 259
8 9 259
7 10 260
8 10 260
7 9 261
8 9 261
7 10 262
8 10 262
7 9 263
8 9 263
7 10 264
8 10 264
7 9 265
8 9 265
7 10 266
8 10 266
7 9 267
8 9 267
7 10 268
8 10 268
7 9 269
8 9 269
7 10 270
8 10 270
7 9 271
8 9 271
7 10 272
8 10 272
7 9 273
8 9 273
7 10 274
8 10 274
7 9 275
8 9 275
7 10 276
8 10 276
7 9 277
8 9 277
7 10 278
8 10 278
7 9 279
8 9 279
7 10 280
8 10 280
7 9 281
8 9 281
7 10 282
8 10 282
7 9 283
8 9 283
7 10 284
8 10 284
7 9 285
8 9 285
7 10 286
8 10 286
7 9 287
8 9 287
7 10 288
8 10 288
7 9 289
8 9 289
7 10 290
8 10 290
7 9 291
8 9 291
7 10 292
8 10 292
7 9 293
8 9 293
7 10 294
8 10 294
7 9 295
8 9 295
7 10 296
8 10 296
7 9 297
8 9 297
7 10 298
8 10 298
7 9 299
8 9 299
7 10 300
8 10 300
7 9 301
8 9 301
7 10 302
8 10 302
7 9 303
8 9 303
7 10 304
8 10 304
7 9 305
8 9 305
7 10 306
8 10 306
7 9 307
8 9 307
7 10 308
8 10 308
7 9 309
8 9 309
7 10 310
8 10 310
7 9 311
8 9 311
7 10 312
8 10 312
7 9 313
8 9 313
7 10 314
8 10 314
7 9 315
8 9 315
7 10 316
8 10 316
7 9 317
8 9 317
7 10 318
8 10 318
7 9 319
8 9 319
7 10 320
8 10 320
7 9 321
8 9 321
7 10 322
8 10 322
7 9 323
8 9 323
7 10 324
8 10 324
7 9 325
8 9 325
7 10 326
8 10 326
7 9 327
8 9 327
7 10 328
8 10 328
7 9 329
8 9 329
7 10 330
8 10 330
7 9 331
8 9 331
7 10 332
8 10 332
7 9 333
8 9 333
7 10 334
8 10 334
7 9 335
8 9 335
7 10 336
8 10 336
7 9 337
8 9 337
7 10 338
8 10 338
7 9 339
8 9 339
7 10 340
8 10 340
7 9 341
8 9 341
7 10 342
8 10 342
7 9 343
8 9 343
7 10 344
8 10 344
7 9 345
8 9 345
7 10 346
8 10 346
7 9 347
8 9 347
7 10 348
8 10 348
7 9 349
8 9 349
7 10 350
8 10 350
7 9 351
8 9 351
7 10 352
8 10 352
7 9 353
8 9 353
7 10 354
8 10 354
7 9 355
8 9 355
7 10 356
8 10 356
7 9 357
8 9 357
7 10 358
8 10 358
7 9 359
8 9 359
7 10 360
8 10 360
7 9 361
8 9 361
7 10 362
8 10 362
7 9 363
8 9 363
7 10 364
8 10 364
7 9 365
8 9 365
7 10 366
8 10 366
7 9 367
8 9 367
7 10 368
8 10 368
7 9 369
8 9 369
7 10 370
8 10 370
7 9 371
8 9 371
7 10 372
8 10 372
7 9 373
8 9 373
7 10 374
8 10 374
7 9 375
8 9 375
7 10 376
8 10 376
7 9 377
8 9 377
7 10 378
8 10 378
7 9 379
8 9 379
7 10 380
8 10 380
7 9 381
8 9 381
7 10 382
8 10 382
7 9 383
8 9 383
7 10 384
8 10 384
7 9 385
8 9 385
7 10 386
8 10 386
7 9 387
8 9 387
7 10 388
8 10 388
7 9 389
8 9 389
7 10 390
8 10 390
7 9 391
8 9 391
7 10 392
8 10 392
7 9 393
8 9 393
7 10 394
8 10 394
7 9 395
8 9 395
7 10 396
8 10 396
7 9 397
8 9 397
7 10 398
8 10 398
7 9 399
8 9 399
7 10 400
8 10 400
7 9 401
8 9 401
7 10 402
8 10 402
7 9 403
8 9 403
7 10 404
8 10 404
7 9 405
8 9 405
7 10 406
8 10 406
7 9 407
8 9 407
7 10 408
8 10 408
7 9 409
8 9 409
7 10 410
8 10 410
7 9 411
8 9 411
7 10 412
8 10 412
7 9 413
8 9 413
7 10 414
8 10 414
7 9 415
8 9 415
7 10 416
8 10 416
7 9 417
8 9 417
7 10 418
8 10 418
7 9 419
8 9 419
7 10 420
8 10 420
7 9 421
8 9 421
7 10 422
8 10 422
7 9 423
8 9 423
7 10 424
8 10 424
7 9 425
8 9 425
7 10 426
8 10 426
7 9 427
8 9 427
7 10 428
8 10 428
7 9 429
8 9 429
7 10 430
8 10 430
7 9 431
8 9 431
7 10 432
8 10 432
7 9 433
8 9 433
7 10 434
8 10 434
7 9 435
8 9 435
7 10 436
8 10 436
7 9 437
8 9 437
7 10 438
8 10 438
7 9 439
8 9 439
7 10 440
8 10 440
7 9 441
8 9 441
7 10 442
8 10 442
7 9 443
8 9 443
7 10 444
8 10 444
7 9 445
8 9 445
7 10 446
8 10 446
7 9 447
8 9 447
7 10 448
8 10 448
7 9 449
8 9 449
7 10 450
8 10 450
7 9 451
8 9 451
7 10 452
8 10 452
7 9 453
8 9 453
7 10 454
8 10 454
7 9 455
8 9 455
7 10 456
8 10 456
7 9 457
8 9 457
7 10 458
8 10 458
7 9 459
8 9 459
7 10 460
8 10 460
7 9 461
8 9 461
7 10 462
8 10 462
7 9 463
8 9 463
7 10 464
8 10 464
7 9 465
8 9 465
7 10 466
8 10 466
7 9 467
8 9 467
7 10 468
8 10 468
7 9 469
8 9 469
7 10 470
8 10 470
7 9 471
8 9 471
7 10 472
8 10 472
7 9 473
8 9 473
7 10 474
8 10 474
7 9 475
8 9 475
7 10 476
8 10 476
7 9 477
8 9 477
7 10 478
8 10 478
7 9 479
8 9 479
7 10 480
8 10 480
7 9 481
8 9 481
7 10 482
8 10 482
7 9 483
8 9 483
7 10 484
8 10 484
7 9 485
8 9 485
7 10 486
8 10 486
7 9 487
8 9 487
7 10 488
8 10 488
7 9 489
8 9 489
7 10 490
8 10 490
7 9 491
8 9 491
7 10 492
8 10 492
7 9 493
8 9 493
7 10 494
8 10 494
7 9 495
8 9 495
7 10 496
8 10 496
7 9 497
8 9 497
7 10 498
8 10 498
7 9 499
8 9 499
7 10 500
8 10 500
7 9 501
8 9 501
7 10 502
8 10 502
7 9 503
8 9 503
7 10 504
8 10 504
7 9 505
8 9 505
7 10 506
8 10 506
7 9 507
8 9 507
7 10 508
8 10 508
7 9 509
8 9 509
7 10 510
8 10 510
7 9 511
8 9 511
7 10 512
8 10 512
7 9 513
8 9 513
7 10 514
8 10 514
7 9 515
8 9 515
7 10 516
8 10 516
7 9 517
8 9 517
7 10 518
8 10 518
7 9 519
8 9 519
7 10 520
8 10 520
7 9 521
8 9 521
7 10 522
8 10 522
7 9 523
8 9 523
7 10 524
8 10 524
7 9 525
8 9 525
7 10 526
8 10 526
7 9 527
8 9 527
7 10 528
8 10 528
7 9 529
8 9 529
7 10 530
8 10 530
7 9 531
8 9 531
7 10 532
8 10 532
7 9 533
8 9 533
7 10 534
8 10 534
7 9 535
8 9 535
7 10 536
8 10 536
7 9 537
8 9 537
7 10 538
8 10 538
7 9 539
8 9 539
7 10 540
8 10 540
7 9 541
8 9 541
7 10 542
8 10 542
7 9 543
8 9 543
7 10 544
8 10 544
7 9 545
8 9 545
7 10 546
8 10 546
7 9 547
8 9 547
7 10 548
8 10 548
7 9 549
8 9 549
7 10 550
8 10 550
7 9 551
8 9 551
7 10 552
8 10 552
7 9 553
8 9 553
7 10 554
8 10 554
7 9 555
8 9 555
7 10 556
8 10 556
7 9 557
8 9 557
7 10 558
8 10 558
7 9 559
8 9 559
7 10 560
8 10 560
7 9 561
8 9 561
7 10 562
8 10 562
7 9 563
8 9 563
7 10 564
8 10 564
7 9 565
8 9 565
7 10 566
8 10 566
7 9 567
8 9 567
7 10 568
8 10 568
7 9 569
8 9 569
7 10 570
8 10 570
7 9 571
8 9 571
7 10 572
8 10 572
7 9 573
8 9 573
7 10 574
8 10 574
7 9 575
8 9 575
7 10 576
8 10 576
7 9 577
8 9 577
7 10 578
8 10 578
7 9 579
8 9 579
7 10 580
8 10 580
7 9 581
8 9 581
7 10 582
8 10 582
7 9 583
8 9 583
7 10 584
8 10 584
7 9 585
8 9 585
7 10 586
8 10 586
7 9 587
8 9 587
7 10 588
8 10 588
7 9 589
8 9 589
7 10 590
8 10 590
7 9 591
8 9 591
7 10 592
8 10 592
7 9 593
8 9 593
7 10 594
8 10 594
7 9 595
8 9 595
7 10 596
8 10 596
7 9 597
8 9 597
7 10 598
8 10 598
7 9 599
8 9 599
7 10 600
8 10 600
7 9 601
8 9 601
7 10 602
8 10 602
7 9 603
8 9 603
7 10 604
8 10 604
7 9 605
8 9 605
7 10 606
8 10 606
7 9 607
8 9 607
7 10 608
8 10 608
7 9 609
8 9 609
7 10 610
8 10 610
7 9 611
8 9 611
7 10 612
8 10 612
7 9 613
8 9 613
7 10 614
8 10 614
7 9 615
8 9 615
7 10 616
8 10 616
7 9 617
8 9 617
7 10 618
8 10 618
7 9 619
8 9 619
7 10 620
8 10 620
7 9 621
8 9 621
7 10 622
8 10 622
7 9 623
8 9 623
7 10 624
8 10 624
7 9 625
8 9 625
7 10 626
8 10 626
7 9 627
8 9 627
7 10 628
8 10 628
7 9 629
8 9 629
7 10 630
8 10 630
7 9 631
8 9 631
7 10 632
8 10 632
7 9 633
8 9 633
7 10 634
8 10 634
7 9 635
8 9 635
7 10 636
8 10 636
7 9 637
8 9 637
7 10 638
8 10 638
7 9 639
8 9 639
7 10 640
8 10 640
7 9 641
8 9 641
7 10 642
8 10 642
7 9 643
8 9 643
7 10 644
8 10 644
7 9 645
8 9 645
7 10 646
8 10 646
7 9 647
8 9 647
7 10 648
8 10 648
7 9 649
8 9 649
7 10 650
8 10 650
7 9 651
8 9 651
7 10 652
8 10 652
7 9 653
8 9 653
7 10 654
8 10 654
7 9 655
8 9 655
7 10 656
8 10 656
7 9 657
8 9 657
7 10 658
8 10 658
7 9 659
8 9 659
7 10 660
8 10 660
7 9 661
8 9 661
7 10 662
8 10 662
7 9 663
8 9 663
7 10 664
8 10 664
7 9 665
8 9 665
7 10 666
8 10 666
7 9 667
8 9 667
7 10 668
8 10 668
7 9 669
8 9 669
7 10 670
8 10 670
7 9 671
8 9 671
7 10 672
8 10 672
7 9 673
8 9 673
7 10 674
8 10 674
7 9 675
8 9 675
7 10 676
8 10 676
7 9 677
8 9 677
7 10 678
8 10 678
7 9 679
8 9 679
7 10 680
8 10 680
7 9 681
8 9 681
7 10 682
8 10 682
7 9 683
8 9 683
7 10 684
8 10 684
7 9 685
8 9 685
7 10 686
8 10 686
7 9 687
8 9 687
7 10 688
8 10 688
7 9 689
8 9 689
7 10 690
8 10 690
7 9 691
8 9 691
7 10 692
8 10 692
7 9 693
8 9 693
7 10 694
8 10 694
7 9 695
8 9 695
7 10 696
8 10 696
7 9 697
8 9 697
7 10 698
8 10 698
7 9 699
8 9 699
7 10 700
8 10 700
7 9 701
8 9 701
7 10 702
8 10 702
7 9 703
8 9 703
7 10 704
8 10 704
7 9 705
8 9 705
7 10 706
8 10 706
7 9 707
8 9 707
7 10 708
8 10 708
7 9 709
8 9 709
7 10 710
8 10 710
7 9 711
8 9 711
7 10 712
8 10 712
7 9 713
8 9 713
7 10 714
8 10 714
7 9 715
8 9 715
7 10 716
8 10 716
7 9 717
8 9 717
7 10 718
8 10 718
7 9 719
8 9 719
7 10 720
8 10 720
7 9 721
8 9 721
7 10 722
8 10 722
7 9 723
8 9 723
7 10 724
8 10 724
7 9 725
8 9 725
7 10 726
8 10 726
7 9 727
8 9 727
7 10 728
8 10 728
7 9 729
8 9 729
7 10 730
8 10 730
7 9 731
8 9 731
7 10 732
8 10 732
7 9 733
8 9 733
7 10 734
8 10 734
7 9 735
8 9 735
7 10 736
8 10 736
7 9 737
8 9 737
7 10 738
8 10 738
7 9 739
8 9 739
7 10 740
8 10 740
7 9 741
8 9 741
7 10 742
8 10 742
7 9 743
8 9 743
7 10 744
8 10 744
7 9 745
8 9 745
7 10 746
8 10 746
7 9 747
8 9 747
7 10 748
8 10 748
7 9 749
8 9 749
7 10 750
8 10 750
7 9 751
8 9 751
7 10 752
8 10 752
7 9 753
8 9 753
7 10 754
8 10 754
7 9 755
8 9 755
7 10 756
8 10 756
7 9 757
8 9 757
7 10 758
8 10 758
7 9 759
8 9 759
7 10 760
8 10 760
7 9 761
8 9 761
7 10 762
8 10 762
7 9 763
8 9 763
7 10 764
8 10 764
7 9 765
8 9 765
7 10 766
8 10 766
7 9 767
8 9 767
7 10 768
8 10 768
7 9 769
8 9 769
7 10 770
8 10 770
7 9 771
8 9 771
7 10 772
8 10 772
7 9 773
8 9 773
7 10 774
8 10 774
7 9 775
8 9 775
7 10 776
8 10 776
7 9 777
8 9 777
7 10 778
8 10 778
7 9 779
8 9 779
7 10 780
8 10 780
7 9 781
8 9 781
7 10 782
8 10 782
7 9 783
8 9 783
7 10 784
8 10 784
7 9 785
8 9 785
7 10 786
8 10 786
7 9 787
8 9 787
7 10 788
8 10 788
7 9 789
8 9 789
7 10 790
8 10 790
7 9 791
8 9 791
7 10 792
8 10 792
7 9 793
8 9 793
7 10 794
8 10 794
7 9 795
8 9 795
7 10 796
8 10 796
7 9 797
8 9 797
7 10 798
8 10 798
7 9 799
8 9 799
7 10 800
8 10 800
7 9 801
8 9 801
7 10 802
8 10 802
7 9 803
8 9 803
7 10 804
8 10 804
7 9 805
8 9 805
7 10 806
8 10 806
7 9 807
8 9 807
7 10 808
8 10 808
7 9 809
8 9 809
7 10 810
8 10 810
7 9 811
8 9 811
7 10 812
8 10 812
7 9 813
8 9 813
7 10 814
8 10 814
7 9 815
8 9 815
7 10 816
8 10 816
7 9 817
8 9 817
7 10 818
8 10 818
7 9 819
8 9 819
7 10 820
8 10 820
7 9 821
8 9 821
7 10 822
8 10 822
7 9 823
8 9 823
7 10 824
8 10 824
7 9 825
8 9 825
7 10 826
8 10 826
7 9 827
8 9 827
7 10 828
8 10 828
7 9 829
8 9 829
7 10 830
8 10 830
7 9 831
8 9 831
7 10 832
8 10 832
7 9 833
8 9 833
7 10 834
8 10 834
7 9 835
8 9 835
7 10 836
8 10 836
7 9 837
8 9 837
7 10 838
8 10 838
7 9 839
8 9 839
7 10 840
8 10 840
7 9 841
8 9 841
7 10 842
8 10 842
7 9 843
8 9 843
7 10 844
8 10 844
7 9 845
8 9 845
7 10 846
8 10 846
7 9 847
8 9 847
7 10 848
8 10 848
7 9 849
8 9 849
7 10 850
8 10 850
7 9 851
8 9 851
7 10 852
8 10 852
7 9 853
8 9 853
7 10 854
8 10 854
7 9 855
8 9 855
7 10 856
8 10 856
7 9 857
8 9 857
7 10 858
8 10 858
7 9 859
8 9 859
7 10 860
8 10 860
7 9 861
8 9 861
7 10 862
8 10 862
7 9 863
8 9 863
7 10 864
8 10 864
7 9 865
8 9 865
7 10 866
8 10 866
7 9 867
8 9 867
7 10 868
8 10 868
7 9 869
8 9 869
7 10 870
8 10 870
7 9 871
8 9 871
7 10 872
8 10 872
7 9 873
8 9 873
7 10 874
8 10 874
7 9 875
8 9 875
7 10 876
8 10 876
7 9 877
8 9 877
7 10 878
8 10 878
7 9 879
8 9 879
7 10 880
8 10 880
7 9 881
8 9 881
7 10 882
8 10 882
7 9 883
8 9 883
7 10 884
8 10 884
7 9 885
8 9 885
7 10 886
8 10 886
7 9 887
8 9 887
7 10 888
8 10 888
7 9 889
8 9 889
7 10 890
8 10 890
7 9 891
8 9 891
7 10 892
8 10 892
7 9 893
8 9 893
7 10 894
8 10 894
7 9 895
8 9 895
7 10 896
8 10 896
7 9 897
8 9 897
7 10 898
8 10 898
7 9 899
8 9 899
7 10 900
8 10 900
7 9 901
8 9 901
7 10 902
8 10 902
7 9 903
8 9 903
7 10 904
8 10 904
7 9 905
8 9 905
7 10 906
8 10 906
7 9 907
8 9 907
7 10 908
8 10 908
7 9 909
8 9 909
7 10 910
8 10 910
7 9 911
8 9 911
7 10 912
8 10 912
7 9 913
8 9 913
7 10 914
8 10 914
7 9 915
8 9 915
7 10 916
8 10 916
7 9 917
8 9 917
7 10 918
8 10 918
7 9 919
8 9 919
7 10 920
8 10 920
7 9 921
8 9 921
7 10 922
8 10 922
7 9 923
8 9 923
7 10 924
8 10 924
7 9 925
8 9 925
7 10 926
8 10 926
7 9 927
8 9 927
7 10 928
8 10 928
7 9 929
8 9 929
7 10 930
8 10 930
7 9 931
8 9 931
7 10 932
8 10 932
7 9 933
8 9 933
7 10 934
8 10 934
7 9 935
8 9 935
7 10 936
8 10 936
7 9 937
8 9 937
7 10 938
8 10 938
7 9 939
8 9 939
7 10 940
8 10 940
7 9 941
8 9 941
7 10 942
8 10 942
7 9 943
8 9 943
7 10 944
8 10 944
7 9 945
8 9 945
7 10 946
8 10 946
7 9 947
8 9 947
7 10 948
8 10 948
7 9 949
8 9 949
7 10 950
8 10 950
7 9 951
8 9 951
7 10 952
8 10 952
7 9 953
8 9 953
7 10 954
8 10 954
7 9 955
8 9 955
7 10 956
8 10 956
7 9 957
8 9 957
7 10 958
8 10 958
7 9 959
8 9 959
7 10 960
8 10 960
7 9 961
8 9 961
7 10 962
8 10 962
7 9 963
8 9 963
7 10 964
8 10 964
7 9 965
8 9 965
7 10 966
8 10 966
7 9 967
8 9 967
7 10 968
8 10 968
7 9 969
8 9 969
7 10 970
8 10 970
7 9 971
8 9 971
7 10 972
8 10 972
7 9 973
8 9 973
7 10 974
8 10 974
7 9 975
8 9 975
7 10 976
8 10 976
7 9 977
8 9 977
7 10 978
8 10 978
7 9 979
8 9 979
7 10 980
8 10 980
7 9 981
8 9 981
7 10 982
8 10 982
7 9 983
8 9 983
7 10 984
8 10 984
7 9 985
8 9 985
7 10 986
8 10 986
7 9 987
8 9 987
7 10 988
8 10 988
7 9 989
8 9 989
7 10 990
8 10 990
7 9 991
8 9 991
7 10 992
8 10 992
7 9 993
8 9 993
7 10 994
8 10 994
7 9 995
8 9 995
7 10 996
8 10 996
7 9 997
8 9 997
7 10 998
8 10 998
7 9 999
8 9 999
7 10 1000
8 10 1000
7 9 1001
8 9 1001
7 10 1002
8 10 1002
7 9 1003
8 9 1003
7 10 1004
8 10 1004
7 9 1005
8 9 1005
7 10 1006
8 10 1006
7 9 1007
8 9 1007
7 10 1008
8 10 1008
7 9 1009
8 9 1009
7 10 1010
8 10 1010
7 9 1011
8 9 1011
7 10 1012
8 10 1012
7 9 1013
8 9 1013
7 10 1014
8 10 1014
7 9 1015
8 9 1015
7 10 1016
8 10 1016
7 9 1017
8 9 1017
7 10 1018
8 10 1018
7 9 1019
8 9 1019
7 10 1020
8 10 1020
7 9 1021
8 9 1021
7 10 1022
8 10 1022
7 9 1023
8 9 1023
7 10 1024
8 10 1024
7 9 1025
8 9 1025
7 10 1026
8 10 1026
7 9 1027
8 9 1027
7 10 1028
8 10 1028
7 9 1029
8 9 1029
7 10 1030
8 10 1030
7 9 1031
8 9 1031
7 10 1032
8 10 1032
7 9 1033
8 9 1033
7 10 1034
8 10 1034
7 9 1035
8 9 1035
7 10 1036
8 10 1036
7 9 1037
8 9 1037
7 10 1038
8 10 1038
7 9 1039
8 9 1039
7 10 1040
8 10 1040
7 9 1041
8 9 1041
7 10 1042
8 10 1042
7 9 1043
8 9 1043
7 10 1044
8 10 1044
7 9 1045
8 9 1045
7 10 1046
8 10 1046
7 9 1047
8 9 1047
7 10 1048
8 10 1048
7 9 1049
8 9 1049
7 10 1050
8 10 1050
7 9 1051
8 9 1051
7 10 1052
8 10 1052
7 9 1053
8 9 1053
7 10 1054
8 10 1054
7 9 1055
8 9 1055
7 10 1056
8 10 1056
7 9 1057
8 9 1057
7 10 1058
8 10 1058
7 9 1059
8 9 1059
7 10 1060
8 10 1060
7 9 1061
8 9 1061
7 10 1062
8 10 1062
7 9 1063
8 9 1063
7 10 1064
8 10 1064
7 9 1065
8 9 1065
7 10 1066
8 10 1066
7 9 1067
8 9 1067
7 10 1068
8 10 1068
7 9 1069
8 9 1069
7 10 1070
8 10 1070
7 9 1071
8 9 1071
7 10 1072
8 10 1072
7 9 1073
8 9 1073
7 10 1074
8 10 1074
7 9 1075
8 9 1075
7 10 1076
8 10 1076
7 9 1077
8 9 1077
7 10 1078
8 10 1078
7 9 1079
8 9 1079
7 10 1080
8 10 1080
7 9 1081
8 9 1081
7 10 1082
8 10 1082
7 9 1083
8 9 1083
7 10 1084
8 10 1084
7 9 1085
8 9 1085
7 10 1086
8 10 1086
7 9 1087
8 9 1087
7 10 1088
8 10 1088
7 9 1089
8 9 1089
7 10 1090
8 10 1090
7 9 1091
8 9 1091
7 10 1092
8 10 1092
7 9 1093
8 9 1093
7 10 1094
8 10 1094
7 9 1095
8 9 1095
7 10 1096
8 10 1096
7 9 1097
8 9 1097
7 10 1098
8 10 1098
7 9 1099
8 9 1099
7 10 1100
8 10 1100
7 9 1101
8 9 1101
7 10 1102
8 10 1102
7 9 1103
8 9 1103
7 10 1104
8 10 1104
7 9 1105
8 9 1105
7 10 1106
8 10 1106
7 9 1107
8 9 1107
7 10 1108
8 10 1108
7 9 1109
8 9 1109
7 10 1110
8 10 1110
7 9 1111
8 9 1111
7 10 1112
8 10 1112
7 9 1113
8 9 1113
7 10 1114
8 10 1114
7 9 1115
8 9 1115
7 10 1116
8 10 1116
7 9 1117
8 9 1117
7 10 1118
8 10 1118
7 9 1119
8 9 1119
7 10 1120
8 10 1120
7 9 1121
8 9 1121
7 10 1122
8 10 1122
7 9 1123
8 9 1123
7 10 1124
8 10 1124
7 9 1125
8 9 1125
7 10 1126
8 10 1126
7 9 1127
8 9 1127
7 10 1128
8 10 1128
7 9 1129
8 9 1129
7 10 1130
8 10 1130
7 9 1131
8 9 1131
7 10 1132
8 10 1132
7 9 1133
8 9 1133
7 10 1134
8 10 1134
7 9 1135
8 9 1135
7 10 1136
8 10 1136
7 9 1137
8 9 1137
7 10 1138
8 10 1138
7 9 1139
8 9 1139
7 10 1140
8 10 1140
7 9 1141
8 9 1141
7 10 1142
8 10 1142
7 9 1143
8 9 1143
7 10 1144
8 10 1144
7 9 1145
8 9 1145
7 10 1146
8 10 1146
7 9 1147
8 9 1147
7 10 1148
8 10 1148
7 9 1149
8 9 1149
7 10 1150
8 10 1150
7 9 1151
8 9 1151
7 10 1152
8 10 1152
7 9 1153
8 9 1153
7 10 1154
8 10 1154
7 9 1155
8 9 1155
7 10 1156
8 10 1156
7 9 1157
8 9 1157
7 10 1158
8 10 1158
7 9 1159
8 9 1159
7 10 1160
8 10 1160
7 9 1161
8 9 1161
7 10 1162
8 10 1162
7 9 1163
8 9 1163
7 10 1164
8 10 1164
7 9 1165
8 9 1165
7 10 1166
8 10 1166
7 9 1167
8 9 1167
7 10 1168
8 10 1168
7 9 1169
8 9 1169
7 10 1170
8 10 1170
7 9 1171
8 9 1171
7 10 1172
8 10 1172
7 9 1173
8 9 1173
7 10 1174
8 10 1174
7 9 1175
8 9 1175
7 10 1176
8 10 1176
7 9 1177
8 9 1177
7 10 1178
8 10 1178
7 9 1179
8 9 1179
7 10 1180
8 10 1180
7 9 1181
8 9 1181
7 10 1182
8 10 1182
7 9 1183
8 9 1183
7 10 1184
8 10 1184
7 9 1185
8 9 1185
7 10 1186
8 10 1186
7 9 1187
8 9 1187
7 10 1188
8 10 1188
7 9 1189
8 9 1189
7 10 1190
8 10 1190
7 9 1191
8 9 1191
7 10 1192
8 10 1192
7 9 1193
8 9 1193
7 10 1194
8 10 1194
7 9 1195
8 9 1195
7 10 1196
8 10 1196
7 9 1197
8 9 1197
7 10 1198
8 10 1198
7 9 1199
8 9 1199
7 10 1200
8 10 1200
7 9 1201
8 9 1201
7 10 1202
8 10 1202
7 9 1203
8 9 1203
7 10 1204
8 10 1204
7 9 1205
8 9 1205
7 10 1206
8 10 1206
7 9 1207
8 9 1207
7 10 1208
8 10 1208
7 9 1209
8 9 1209
7 10 1210
8 10 1210
7 9 1211
8 9 1211
7 10 1212
8 10 1212
7 9 1213
8 9 1213
7 10 1214
8 10 1214
7 9 1215
8 9 1215
7 10 1216
8 10 1216
7 9 1217
8 9 1217
7 10 1218
8 10 1218
7 9 1219
8 9 1219
7 10 1220
8 10 1220
7 9 1221
8 9 1221
7 10 1222
8 10 1222
7 9 1223
8 9 1223
7 10 1224
8 10 1224
7 9 1225
8 9 1225
7 10 1226
8 10 1226
7 9 1227
8 9 1227
7 10 1228
8 10 1228
7 9 1229
8 9 1229
7 10 1230
8 10 1230
7 9 1231
8 9 1231
7 10 1232
8 10 1232
7 9 1233
8 9 1233
7 10 1234
8 10 1234
7 9 1235
8 9 1235
7 10 1236
8 10 1236
7 9 1237
8 9 1237
7 10 1238
8 10 1238
7 9 1239
8 9 1239
7 10 1240
8 10 1240
7 9 1241
8 9 1241
7 10 1242
8 10 1242
7 9 1243
8 9 1243
7 10 1244
8 10 1244
7 9 1245
8 9 1245
7 10 1246
8 10 1246
7 9 1247
8 9 1247
7 10 1248
8 10 1248
7 9 1249
8 9 1249
7 10 1250
8 10 1250
7 9 1251
8 9 1251
7 10 1252
8 10 1252
7 9 1253
8 9 1253
7 10 1254
8 10 1254
7 9 1255
8 9 1255
7 10 1256
8 10 1256
7 9 1257
8 9 1257
7 10 1258
8 10 1258
7 9 1259
8 9 1259
7 10 1260
8 10 1260
7 9 1261
8 9 1261
7 10 1262
8 10 1262
7 9 1263
8 9 1263
7 10 1264
8 10 1264
7 9 1265
8 9 1265
7 10 1266
8 10 1266
7 9 1267
8 9 1267
7 10 1268
8 10 1268
7 9 1269
8 9 1269
7 10 1270
8 10 1270
7 9 1271
8 9 1271
7 10 1272
8 10 1272
7 9 1273
8 9 1273
7 10 1274
8 10 1274
7 9 1275
8 9 1275
7 10 1276
8 10 1276
7 9 1277
8 9 1277
7 10 1278
8 10 1278
7 9 1279
8 9 1279
7 10 1280
8 10 1280
7 9 1281
8 9 1281
7 10 1282
8 10 1282
7 9 1283
8 9 1283
7 10 1284
8 10 1284
7 9 1285
8 9 1285
7 10 1286
8 10 1286
7 9 1287
8 9 1287
7 10 1288
8 10 1288
7 9 1289
8 9 1289
7 10 1290
8 10 1290
7 9 1291
8 9 1291
7 10 1292
8 10 1292
7 9 1293
8 9 1293
7 10 1294
8 10 1294
7 9 1295
8 9 1295
7 10 1296
8 10 1296
7 9 1297
8 9 1297
7 10 1298
8 10 1298
7 9 1299
8 9 1299
7 10 1300
8 10 1300
7 9 1301
8 9 1301
7 10 1302
8 10 1302
7 9 1303
8 9 1303
7 10 1304
8 10 1304
7 9 1305
8 9 1305
7 10 1306
8 10 1306
7 9 1307
8 9 1307
7 10 1308
8 10 1308
7 9 1309
8 9 1309
7 10 1310
8 10 1310
7 9 1311
8 9 1311
7 10 1312
8 10 1312
7 9 1313
8 9 1313
7 10 1314
8 10 1314
7 9 1315
8 9 1315
7 10 1316
8 10 1316
7 9 1317
8 9 1317
7 10 1318
8 10 1318
7 9 1319
8 9 1319
7 10 1320
8 10 1320
7 9 1321
8 9 1321
7 10 1322
8 10 1322
7 9 1323
8 9 1323
7 10 1324
8 10 1324
7 9 1325
8 9 1325
7 10 1326
8 10 1326
7 9 1327
8 9 1327
7 10 1328
8 10 1328
7 9 1329
8 9 1329
7 10 1330
8 10 1330
7 9 1331
8 9 1331
7 10 1332
8 10 1332
7 9 1333
8 9 1333
7 10 1334
8 10 1334
7 9 1335
8 9 1335
7 10 1336
8 10 1336
7 9 1337
8 9 1337
7 10 1338
8 10 1338
7 9 1339
8 9 1339
7 10 1340
8 10 1340
7 9 1341
8 9 1341
7 10 1342
8 10 1342
7 9 1343
8 9 1343
7 10 1344
8 10 1344
7 9 1345
8 9 1345
7 10 1346
8 10 1346
7 9 1347
8 9 1347
7 10 1348
8 10 1348
7 9 1349
8 9 1349
7 10 1350
8 10 1350
7 9 1351
8 9 1351
7 10 1352
8 10 1352
7 9 1353
8 9 1353
7 10 1354
8 10 1354
7 9 1355
8 9 1355
7 10 1356
8 10 1356
7 9 1357
8 9 1357
7 10 1358
8 10 1358
7 9 1359
8 9 1359
7 10 1360
8 10 1360
7 9 1361
8 9 1361
7 10 1362
8 10 1362
7 9 1363
8 9 1363
7 10 1364
8 10 1364
7 9 1365
8 9 1365
7 10 1366
8 10 1366
7 9 1367
8 9 1367
7 10 1368
8 10 1368
7 9 1369
8 9 1369
7 10 1370
8 10 1370
7 9 1371
8 9 1371
7 10 1372
8 10 1372
7 9 1373
8 9 1373
7 10 1374
8 10 1374
7 9 1375
8 9 1375
7 10 1376
8 10 1376
7 9 1377
8 9 1377
7 10 1378
8 10 1378
7 9 1379
8 9 1379
7 10 1380
8 10 1380
7 9 1381
8 9 1381
7 10 1382
8 10 1382
7 9 1383
8 9 1383
7 10 1384
8 10 1384
7 9 1385
8 9 1385
7 10 1386
8 10 1386
7 9 1387
8 9 1387
7 10 1388
8 10 1388
7 9 1389
8 9 1389
7 10 1390
8 10 1390
7 9 1391
8 9 1391
7 10 1392
8 10 1392
7 9 1393
8 9 1393
7 10 1394
8 10 1394
7 9 1395
8 9 1395
7 10 1396
8 10 1396
7 9 1397
8 9 1397
7 10 1398
8 10 1398
7 9 1399
8 9 1399
7 10 1400
8 10 1400
7 9 1401
8 9 1401
7 10 1402
8 10 1402
7 9 1403
8 9 1403
7 10 1404
8 10 1404
7 9 1405
8 9 1405
7 10 1406
8 10 1406
7 9 1407
8 9 1407
7 10 1408
8 10 1408
7 9 1409
8 9 1409
7 10 1410
8 10 1410
7 9 1411
8 9 1411
7 10 1412
8 10 1412
7 9 1413
8 9 1413
7 10 1414
8 10 1414
7 9 1415
8 9 1415
7 10 1416
8 10 1416
7 9 1417
8 9 1417
7 10 1418
8 10 1418
7 9 1419
8 9 1419
7 10 1420
8 10 1420
7 9 1421
8 9 1421
7 10 1422
8 10 1422
7 9 1423
8 9 1423
7 10 1424
8 10 1424
7 9 1425
8 9 1425
7 10 1426
8 10 1426
7 9 1427
8 9 1427
7 10 1428
8 10 1428
7 9 1429
8 9 1429
7 10 1430
8 10 1430
7 9 1431
8 9 1431
7 10 1432
8 10 1432
7 9 1433
8 9 1433
7 10 1434
8 10 1434
7 9 1435
8 9 1435
7 10 1436
8 10 1436
7 9 1437
8 9 1437
7 10 1438
8 10 1438
7 9 1439
8 9 1439
7 10 1440
8 10 1440
7 9 1441
8 9 1441
7 10 1442
8 10 1442
7 9 1443
8 9 1443
7 10 1444
8 10 1444
7 9 1445
8 9 1445
7 10 1446
8 10 1446
7 9 1447
8 9 1447
7 10 1448
8 10 1448
7 9 1449
8 9 1449
7 10 1450
8 10 1450
7 9 1451
8 9 1451
7 10 1452
8 10 1452
7 9 1453
8 9 1453
7 10 1454
8 10 1454
7 9 1455
8 9 1455
7 10 1456
8 10 1456
7 9 1457
8 9 1457
7 10 1458
8 10 1458
7 9 1459
8 9 1459
7 10 1460
8 10 1460
7 9 1461
8 9 1461
7 10 1462
8 10 1462
7 9 1463
8 9 1463
7 10 1464
8 10 1464
7 9 1465
8 9 1465
7 10 1466
8 10 1466
7 9 1467
8 9 1467
7 10 1468
8 10 1468
7 9 1469
8 9 1469
7 10 1470
8 10 1470
7 9 1471
8 9 1471
7 10 1472
8 10 1472
7 9 1473
8 9 1473
7 10 1474
8 10 1474
7 9 1475
8 9 1475
7 10 1476
8 10 1476
7 9 1477
8 9 1477
7 10 1478
8 10 1478
7 9 1479
8 9 1479
7 10 1480
8 10 1480
7 9 1481
8 9 1481
7 10 1482
8 10 1482
7 9 1483
8 9 1483
7 10 1484
8 10 1484
7 9 1485
8 9 1485
7 10 1486
8 10 1486
7 9 1487
8 9 1487
7 10 1488
8 10 1488
7 9 1489
8 9 1489
7 10 1490
8 10 1490
7 9 1491
8 9 1491
7 10 1492
8 10 1492
7 9 1493
8 9 1493
7 10 1494
8 10 1494
7 9 1495
8 9 1495
7 10 1496
8 10 1496
7 9 1497
8 9 1497
7 10 1498
8 10 1498
7 9 1499
8 9 1499
7 10 1500
8 10 1500
7 9 1501
8 9 1501
7 10 1502
8 10 1502
7 9 1503
8 9 1503
7 10 1504
8 10 1504
7 9 1505
8 9 1505
7 10 1506
8 10 1506
7 9 1507
8 9 1507
7 10 1508
8 10 1508
7 9 1509
8 9 1509
7 10 1510
8 10 1510
7 9 1511
8 9 1511
7 10 1512
8 10 1512
7 9 1513
8 9 1513
7 10 1514
8 10 1514
7 9 1515
8 9 1515
7 10 1516
8 10 1516
7 9 1517
8 9 1517
7 10 1518
8 10 1518
7 9 1519
8 9 1519
7 10 1520
8 10 1520
7 9 1521
8 9 1521
7 10 1522
8 10 1522
7 9 1523
8 9 1523
7 10 1524
8 10 1524
7 9 1525
8 9 1525
7 10 1526
8 10 1526
7 9 1527
8 9 1527
7 10 1528
8 10 1528
7 9 1529
8 9 1529
7 10 1530
8 10 1530
7 9 1531
8 9 1531
7 10 1532
8 10 1532
7 9 1533
8 9 1533
7 10 1534
8 10 1534
7 9 1535
8 9 1535
7 10 1536
8 10 1536
7 9 1537
8 9 1537
7 10 1538
8 10 1538
7 9 1539
8 9 1539
7 10 1540
8 10 1540
7 9 1541
8 9 1541
7 10 1542
8 10 1542
7 9 1543
8 9 1543
7 10 1544
8 10 1544
7 9 1545
8 9 1545
7 10 1546
8 10 1546
7 9 1547
8 9 1547
7 10 1548
8 10 1548
7 9 1549
8 9 1549
7 10 1550
8 10 1550
7 9 1551
8 9 1551
7 10 1552
8 10 1552
7 9 1553
8 9 1553
7 10 1554
8 10 1554
7 9 1555
8 9 1555
7 10 1556
8 10 1556
7 9 1557
8 9 1557
7 10 1558
8 10 1558
7 9 1559
8 9 1559
7 10 1560
8 10 1560
7 9 1561
8 9 1561
7 10 1562
8 10 1562
7 9 1563
8 9 1563
7 10 1564
8 10 1564
7 9 1565
8 9 1565
7 10 1566
8 10 1566
7 9 1567
8 9 1567
7 10 1568
8 10 1568
7 9 1569
8 9 1569
7 10 1570
8 10 1570
7 9 1571
8 9 1571
7 10 1572
8 10 1572
7 9 1573
8 9 1573
7 10 1574
8 10 1574
7 9 1575
8 9 1575
7 10 1576
8 10 1576
7 9 1577
8 9 1577
7 10 1578
8 10 1578
7 9 1579
8 9 1579
7 10 1580
8 10 1580
7 9 1581
8 9 1581
7 10 1582
8 10 1582
7 9 1583
8 9 1583
7 10 1584
8 10 1584
7 9 1585
8 9 1585
7 10 1586
8 10 1586
7 9 1587
8 9 1587
7 10 1588
8 10 1588
7 9 1589
8 9 1589
7 10 1590
8 10 1590
7 9 1591
8 9 1591
7 10 1592
8 10 1592
7 9 1593
8 9 1593
7 10 1594
8 10 1594
7 9 1595
8 9 1595
7 10 1596
8 10 1596
7 9 1597
8 9 1597
7 10 1598
8 10 1598
7 9 1599
8 9 1599
7 10 1600
8 10 1600
7 9 1601
8 9 1601
7 10 1602
8 10 1602
7 9 1603
8 9 1603
7 10 1604
8 10 1604
7 9 1605
8 9 1605
7 10 1606
8 10 1606
7 9 1607
8 9 1607
7 10 1608
8 10 1608
7 9 1609
8 9 1609
7 10 1610
8 10 1610
7 9 1611
8 9 1611
7 10 1612
8 10 1612
7 9 1613
8 9 1613
7 10 1614
8 10 1614
7 9 1615
8 9 1615
7 10 1616
8 10 1616
7 9 1617
8 9 1617
7 10 1618
8 10 1618
7 9 1619
8 9 1619
7 10 1620
8 10 1620
7 9 1621
8 9 1621
7 10 1622
8 10 1622
7 9 1623
8 9 1623
7 10 1624
8 10 1624
7 9 1625
8 9 1625
7 10 1626
8 10 1626
7 9 1627
8 9 1627
7 10 1628
8 10 1628
7 9 1629
8 9 1629
7 10 1630
8 10 1630
7 9 1631
8 9 1631
7 10 1632
8 10 1632
7 9 1633
8 9 1633
7 10 1634
8 10 1634
7 9 1635
8 9 1635
7 10 1636
8 10 1636
7 9 1637
8 9 1637
7 10 1638
8 10 1638
7 9 1639
8 9 1639
7 10 1640
8 10 1640
7 9 1641
8 9 1641
7 10 1642
8 10 1642
7 9 1643
8 9 1643
7 10 1644
8 10 1644
7 9 1645
8 9 1645
7 10 1646
8 10 1646
7 9 1647
8 9 1647
7 10 1648
8 10 1648
7 9 1649
8 9 1649
7 10 1650
8 10 1650
7 9 1651
8 9 1651
7 10 1652
8 10 1652
7 9 1653
8 9 1653
7 10 1654
8 10 1654
7 9 1655
8 9 1655
7 10 1656
8 10 1656
7 9 1657
8 9 1657
7 10 1658
8 10 1658
7 9 1659
8 9 1659
7 10 1660
8 10 1660
7 9 1661
8 9 1661
7 10 1662
8 10 1662
7 9 1663
8 9 1663
7 10 1664
8 10 1664
7 9 1665
8 9 1665
7 10 1666
8 10 1666
7 9 1667
8 9 1667
7 10 1668
8 10 1668
7 9 1669
8 9 1669
7 10 1670
8 10 1670
7 9 1671
8 9 1671
7 10 1672
8 10 1672
7 9 1673
8 9 1673
7 10 1674
8 10 1674
7 9 1675
8 9 1675
7 10 1676
8 10 1676
7 9 1677
8 9 1677
7 10 1678
8 10 1678
7 9 1679
8 9 1679
7 10 1680
8 10 1680
7 9 1681
8 9 1681
7 10 1682
8 10 1682
7 9 1683
8 9 1683
7 10 1684
8 10 1684
7 9 1685
8 9 1685
7 10 1686
8 10 1686
7 9 1687
8 9 1687
7 10 1688
8 10 1688
7 9 1689
8 9 1689
7 10 1690
8 10 1690
7 9 1691
8 9 1691
7 10 1692
8 10 1692
7 9 1693
8 9 1693
7 10 1694
8 10 1694
7 9 1695
8 9 1695
7 10 1696
8 10 1696
7 9 1697
8 9 1697
7 10 1698
8 10 1698
7 9 1699
8 9 1699
7 10 1700
8 10 1700
7 9 1701
8 9 1701
7 10 1702
8 10 1702
7 9 1703
8 9 1703
7 10 1704
8 10 1704
7 9 1705
8 9 1705
7 10 1706
8 10 1706
7 9 1707
8 9 1707
7 10 1708
8 10 1708
7 9 1709
8 9 1709
7 10 1710
8 10 1710
7 9 1711
8 9 1711
7 10 1712
8 10 1712
7 9 1713
8 9 1713
7 10 1714
8 10 1714
7 9 1715
8 9 1715
7 10 1716
8 10 1716
7 9 1717
8 9 1717
7 10 1718
8 10 1718
7 9 1719
8 9 1719
7 10 1720
8 10 1720
7 9 1721
8 9 1721
7 10 1722
8 10 1722
7 9 1723
8 9 1723
7 10 1724
8 10 1724
7 9 1725
8 9 1725
7 10 1726
8 10 1726
7 9 1727
8 9 1727
7 10 1728
8 10 1728
7 9 1729
8 9 1729
7 10 1730
8 10 1730
7 9 1731
8 9 1731
7 10 1732
8 10 1732
7 9 1733
8 9 1733
7 10 1734
8 10 1734
7 9 1735
8 9 1735
7 10 1736
8 10 1736
7 9 1737
8 9 1737
7 10 1738
8 10 1738
7 9 1739
8 9 1739
7 10 1740
8 10 1740
7 9 1741
8 9 1741
7 10 1742
8 10 1742
7 9 1743
8 9 1743
7 10 1744
8 10 1744
7 9 1745
8 9 1745
7 10 1746
8 10 1746
7 9 1747
8 9 1747
7 10 1748
8 10 1748
7 9 1749
8 9 1749
7 10 1750
8 10 1750
7 9 1751
8 9 1751
7 10 1752
8 10 1752
7 9 1753
8 9 1753
7 10 1754
8 10 1754
7 9 1755
8 9 1755
7 10 1756
8 10 1756
7 9 1757
8 9 1757
7 10 1758
8 10 1758
7 9 1759
8 9 1759
7 10 1760
8 10 1760
7 9 1761
8 9 1761
7 10 1762
8 10 1762
7 9 1763
8 9 1763
7 10 1764
8 10 1764
7 9 1765
8 9 1765
7 10 1766
8 10 1766
7 9 1767
8 9 1767
7 10 1768
8 10 1768
7 9 1769
8 9 1769
7 10 1770
8 10 1770
7 9 1771
8 9 1771
7 10 1772
8 10 1772
7 9 1773
8 9 1773
7 10 1774
8 10 1774
7 9 1775
8 9 1775
7 10 1776
8 10 1776
7 9 1777
8 9 1777
7 10 1778
8 10 1778
7 9 1779
8 9 1779
7 10 1780
8 10 1780
7 9 1781
8 9 1781
7 10 1782
8 10 1782
7 9 1783
8 9 1783
7 10 1784
8 10 1784
7 9 1785
8 9 1785
7 10 1786
8 10 1786
7 9 1787
8 9 1787
7 10 1788
8 10 1788
7 9 1789
8 9 1789
7 10 1790
8 10 1790
7 9 1791
8 9 1791
7 10 1792
8 10 1792
7 9 1793
8 9 1793
7 10 1794
8 10 1794
7 9 1795
8 9 1795
7 10 1796
8 10 1796
7 9 1797
8 9 1797
7 10 1798
8 10 1798
7 9 1799
8 9 1799
7 10 1800
8 10 1800
7 9 1801
8 9 1801
7 10 1802
8 10 1802
7 9 1803
8 9 1803
7 10 1804
8 10 1804
7 9 1805
8 9 1805
7 10 1806
8 10 1806
7 9 1807
8 9 1807
7 10 1808
8 10 1808
7 9 1809
8 9 1809
7 10 1810
8 10 1810
7 9 1811
8 9 1811
7 10 1812
8 10 1812
7 9 1813
8 9 1813
7 10 1814
8 10 1814
7 9 1815
8 9 1815
7 10 1816
8 10 1816
7 9 1817
8 9 1817
7 10 1818
8 10 1818
7 9 1819
8 9 1819
7 10 1820
8 10 1820
7 9 1821
8 9 1821
7 10 1822
8 10 1822
7 9 1823
8 9 1823
7 10 1824
8 10 1824
7 9 1825
8 9 1825
7 10 1826
8 10 1826
7 9 1827
8 9 1827
7 10 1828
8 10 1828
7 9 1829
8 9 1829
7 10 1830
8 10 1830
7 9 1831
8 9 1831
7 10 1832
8 10 1832
7 9 1833
8 9 1833
7 10 1834
8 10 1834
7 9 1835
8 9 1835
7 10 1836
8 10 1836
7 9 1837
8 9 1837
7 10 1838
8 10 1838
7 9 1839
8 9 1839
7 10 1840
8 10 1840
7 9 1841
8 9 1841
7 10 1842
8 10 1842
7 9 1843
8 9 1843
7 10 1844
8 10 1844
7 9 1845
8 9 1845
7 10 1846
8 10 1846
7 9 1847
8 9 1847
7 10 1848
8 10 1848
7 9 1849
8 9 1849
7 10 1850
8 10 1850
7 9 1851
8 9 1851
7 10 1852
8 10 1852
7 9 1853
8 9 1853
7 10 1854
8 10 1854
7 9 1855
8 9 1855
7 10 1856
8 10 1856
7 9 1857
8 9 1857
7 10 1858
8 10 1858
7 9 1859
8 9 1859
7 10 1860
8 10 1860
7 9 1861
8 9 1861
7 10 1862
8 10 1862
7 9 1863
8 9 1863
7 10 1864
8 10 1864
7 9 1865
8 9 1865
7 10 1866
8 10 1866
7 9 1867
8 9 1867
7 10 1868
8 10 1868
7 9 1869
8 9 1869
7 10 1870
8 10 1870
7 9 1871
8 9 1871
7 10 1872
8 10 1872
7 9 1873
8 9 1873
7 10 1874
8 10 1874
7 9 1875
8 9 1875
7 10 1876
8 10 1876
7 9 1877
8 9 1877
7 10 1878
8 10 1878
7 9 1879
8 9 1879
7 10 1880
8 10 1880
7 9 1881
8 9 1881
7 10 1882
8 10 1882
7 9 1883
8 9 1883
7 10 1884
8 10 1884
7 9 1885
8 9 1885
7 10 1886
8 10 1886
7 9 1887
8 9 1887
7 10 1888
8 10 1888
7 9 1889
8 9 1889
7 10 1890
8 10 1890
7 9 1891
8 9 1891
7 10 1892
8 10 1892
7 9 1893
8 9 1893
7 10 1894
8 10 1894
7 9 1895
8 9 1895
7 10 1896
8 10 1896
7 9 1897
8 9 1897
7 10 1898
8 10 1898
7 9 1899
8 9 1899
7 10 1900
8 10 1900
7 9 1901
8 9 1901
7 10 1902
8 10 1902
7 9 1903
8 9 1903
7 10 1904
8 10 1904
7 9 1905
8 9 1905
7 10 1906
8 10 1906
7 9 1907
8 9 1907
7 10 1908
8 10 1908
7 9 1909
8 9 1909
7 10 1910
8 10 1910
7 9 1911
8 9 1911
7 10 1912
8 10 1912
7 9 1913
8 9 1913
7 10 1914
8 10 1914
7 9 1915
8 9 1915
7 10 1916
8 10 1916
7 9 1917
8 9 1917
7 10 1918
8 10 1918
7 9 1919
8 9 1919
7 10 1920
8 10 1920
7 9 1921
8 9 1921
7 10 1922
8 10 1922
7 9 1923
8 9 1923
7 10 1924
8 10 1924
7 9 1925
8 9 1925
7 10 1926
8 10 1926
7 9 1927
8 9 1927
7 10 1928
8 10 1928
7 9 1929
8 9 1929
7 10 1930
8 10 1930
7 9 1931
8 9 1931
7 10 1932
8 10 1932
7 9 1933
8 9 1933
7 10 1934
8 10 1934
7 9 1935
8 9 1935
7 10 1936
8 10 1936
7 9 1937
8 9 1937
7 10 1938
8 10 1938
7 9 1939
8 9 1939
7 10 1940
8 10 1940
7 9 1941
8 9 1941
7 10 1942
8 10 1942
7 9 1943
8 9 1943
7 10 1944
8 10 1944
7 9 1945
8 9 1945
7 10 1946
8 10 1946
7 9 1947
8 9 1947
7 10 1948
8 10 1948
7 9 1949
8 9 1949
7 10 1950
8 10 1950
7 9 1951
8 9 1951
7 10 1952
8 10 1952
7 9 1953
8 9 1953
7 10 1954
8 10 1954
7 9 1955
8 9 1955
7 10 1956
8 10 1956
7 9 1957
8 9 1957
7 10 1958
8 10 1958
7 9 1959
8 9 1959
7 10 1960
8 10 1960
7 9 1961
8 9 1961
7 10 1962
8 10 1962
7 9 1963
8 9 1963
7 10 1964
8 10 1964
7 9 1965
8 9 1965
7 10 1966
8 10 1966
7 9 1967
8 9 1967
7 10 1968
8 10 1968
7 9 1969
8 9 1969
7 10 1970
8 10 1970
7 9 1971
8 9 1971
7 10 1972
8 10 1972
7 9 1973
8 9 1973
7 10 1974
8 10 1974
7 9 1975
8 9 1975
7 10 1976
8 10 1976
7 9 1977
8 9 1977
7 10 1978
8 10 1978
7 9 1979
8 9 1979
7 10 1980
8 10 1980
7 9 1981
8 9 1981
7 10 1982
8 10 1982
7 9 1983
8 9 1983
7 10 1984
8 10 1984
7 9 1985
8 9 1985
7 10 1986
8 10 1986
7 9 1987
8 9 1987
7 10 1988
8 10 1988
7 9 1989
8 9 1989
7 10 1990
8 10 1990
7 9 1991
8 9 1991
7 10 1992
8 10 1992
7 9 1993
8 9 1993
7 10 1994
8 10 1994
7 9 1995
8 9 1995
7 10 1996
8 10 1996
7 9 1997
8 9 1997
7 10 1998
8 10 1998
7 9 1999
8 9 1999
7 10 2000
8 10 2000
7 9 2001
8 9 2001
7 10 2002
8 10 2002
7 9 2003
8 9 2003
7 10 2004
8 10 2004
7 9 2005
8 9 2005
7 10 2006
8 10 2006
7 9 2007
8 9 2007
7 10 2008
8 10 2008
7 9 2009
8 9 2009
7 10 2010
8 10 2010
7 9 2011
8 9 2011
7 10 2012
8 10 2012
7 9 2013
8 9 2013
7 10 2014
8 10 2014
7 9 2015
8 9 2015
7 10 2016
8 10 2016
7 9 2017
8 9 2017
7 10 2018
8 10 2018
7 9 2019
8 9 2019
7 10 2020
8 10 2020
7 9 2021
8 9 2021
7 10 2022
8 10 2022
7 9 2023
8 9 2023
7 10 2024
8 10 2024
7 9 2025
8 9 2025
7 10 2026
8 10 2026
7 9 2027
8 9 2027
7 10 2028
8 10 2028
7 9 2029
8 9 2029
7 10 2030
8 10 2030
7 9 2031
8 9 2031
7 10 2032
8 10 2032
7 9 2033
8 9 2033
7 10 2034
8 10 2034
7 9 2035
8 9 2035
7 10 2036
8 10 2036
7 9 2037
8 9 2037
7 10 2038
8 10 2038
7 9 2039
8 9 2039
7 10 2040
8 10 2040
7 9 2041
8 9 2041
7 10 2042
8 10 2042
7 9 2043
8 9 2043
7 10 2044
8 10 2044
7 9 2045
8 9 2045
7 10 2046
8 10 2046
7 9 2047
8 9 2047
7 10 2048
8 10 2048
7 9 2049
8 9 2049
7 10 2050
8 10 2050
7 9 2051
8 9 2051
7 10 2052
8 10 2052
7 9 2053
8 9 2053
7 10 2054
8 10 2054
7 9 2055
8 9 2055
7 10 2056
8 10 2056
7 9 2057
8 9 2057
7 10 2058
8 10 2058
7 9 2059
8 9 2059
7 10 2060
8 10 2060
7 9 2061
8 9 2061
7 10 2062
8 10 2062
7 9 2063
8 9 2063
7 10 2064
8 10 2064
7 9 2065
8 9 2065
7 10 2066
8 10 2066
7 9 2067
8 9 2067
7 10 2068
8 10 2068
7 9 2069
8 9 2069
7 10 2070
8 10 2070
7 9 2071
8 9 2071
7 10 2072
8 10 2072
7 9 2073
8 9 2073
7 10 2074
8 10 2074
7 9 2075
8 9 2075
7 10 2076
8 10 2076
7 9 2077
8 9 2077
7 10 2078
8 10 2078
7 9 2079
8 9 2079
7 10 2080
8 10 2080
7 9 2081
8 9 2081
7 10 2082
8 10 2082
7 9 2083
8 9 2083
7 10 2084
8 10 2084
7 9 2085
8 9 2085
7 10 2086
8 10 2086
7 9 2087
8 9 2087
7 10 2088
8 10 2088
7 9 2089
8 9 2089
7 10 2090
8 10 2090
7 9 2091
8 9 2091
7 10 2092
8 10 2092
7 9 2093
8 9 2093
7 10 2094
8 10 2094
7 9 2095
8 9 2095
7 10 2096
8 10 2096
7 9 2097
8 9 2097
7 10 2098
8 10 2098
7 9 2099
8 9 2099
7 10 2100
8 10 2100
7 9 2101
8 9 2101
7 10 2102
8 10 2102
7 9 2103
8 9 2103
7 10 2104
8 10 2104
7 9 2105
8 9 2105
7 10 2106
8 10 2106
7 9 2107
8 9 2107
7 10 2108
8 10 2108
7 9 2109
8 9 2109
7 10 2110
8 10 2110
7 9 2111
8 9 2111
7 10 2112
8 10 2112
7 9 2113
8 9 2113
7 10 2114
8 10 2114
7 9 2115
8 9 2115
7 10 2116
8 10 2116
7 9 2117
8 9 2117
7 10 2118
8 10 2118
7 9 2119
8 9 2119
7 10 2120
8 10 2120
7 9 2121
8 9 2121
7 10 2122
8 10 2122
7 9 2123
8 9 2123
7 10 2124
8 10 2124
7 9 2125
8 9 2125
7 10 2126
8 10 2126
7 9 2127
8 9 2127
7 10 2128
8 10 2128
7 9 2129
8 9 2129
7 10 2130
8 10 2130
7 9 2131
8 9 2131
7 10 2132
8 10 2132
7 9 2133
8 9 2133
7 10 2134
8 10 2134
7 9 2135
8 9 2135
7 10 2136
8 10 2136
7 9 2137
8 9 2137
7 10 2138
8 10 2138
7 9 2139
8 9 2139
7 10 2140
8 10 2140
7 9 2141
8 9 2141
7 10 2142
8 10 2142
7 9 2143
8 9 2143
7 10 2144
8 10 2144
7 9 2145
8 9 2145
7 10 2146
8 10 2146
7 9 2147
8 9 2147
7 10 2148
8 10 2148
7 9 2149
8 9 2149
7 10 2150
8 10 2150
7 9 2151
8 9 2151
7 10 2152
8 10 2152
7 9 2153
8 9 2153
7 10 2154
8 10 2154
7 9 2155
8 9 2155
7 10 2156
8 10 2156
7 9 2157
8 9 2157
7 10 2158
8 10 2158
7 9 2159
8 9 2159
7 10 2160
8 10 2160
7 9 2161
8 9 2161
7 10 2162
8 10 2162
7 9 2163
8 9 2163
7 10 2164
8 10 2164
7 9 2165
8 9 2165
7 10 2166
8 10 2166
7 9 2167
8 9 2167
7 10 2168
8 10 2168
7 9 2169
8 9 2169
7 10 2170
8 10 2170
7 9 2171
8 9 2171
7 10 2172
8 10 2172
7 9 2173
8 9 2173
7 10 2174
8 10 2174
7 9 2175
8 9 2175
7 10 2176
8 10 2176
7 9 2177
8 9 2177
7 10 2178
8 10 2178
7 9 2179
8 9 2179
7 10 2180
8 10 2180
7 9 2181
8 9 2181
7 10 2182
8 10 2182
7 9 2183
8 9 2183
7 10 2184
8 10 2184
7 9 2185
8 9 2185
7 10 2186
8 10 2186
7 9 2187
8 9 2187
7 10 2188
8 10 2188
7 9 2189
8 9 2189
7 10 2190
8 10 2190
7 9 2191
8 9 2191
7 10 2192
8 10 2192
7 9 2193
8 9 2193
7 10 2194
8 10 2194
7 9 2195
8 9 2195
7 10 2196
8 10 2196
7 9 2197
8 9 2197
7 10 2198
8 10 2198
7 9 2199
8 9 2199
7 10 2200
8 10 2200
7 9 2201
8 9 2201
7 10 2202
8 10 2202
7 9 2203
8 9 2203
7 10 2204
8 10 2204
7 9 2205
8 9 2205
7 10 2206
8 10 2206
7 9 2207
8 9 2207
7 10 2208
8 10 2208
7 9 2209
8 9 2209
7 10 2210
8 10 2210
7 9 2211
8 9 2211
7 10 2212
8 10 2212
7 9 2213
8 9 2213
7 10 2214
8 10 2214
7 9 2215
8 9 2215
7 10 2216
8 10 2216
7 9 2217
8 9 2217
7 10 2218
8 10 2218
7 9 2219
8 9 2219
7 10 2220
8 10 2220
7 9 2221
8 9 2221
7 10 2222
8 10 2222
7 9 2223
8 9 2223
7 10 2224
8 10 2224
7 9 2225
8 9 2225
7 10 2226
8 10 2226
7 9 2227
8 9 2227
7 10 2228
8 10 2228
7 9 2229
8 9 2229
7 10 2230
8 10 2230
7 9 2231
8 9 2231
7 10 2232
8 10 2232
7 9 2233
8 9 2233
7 10 2234
8 10 2234
7 9 2235
8 9 2235
7 10 2236
8 10 2236
7 9 2237
8 9 2237
7 10 2238
8 10 2238
7 9 2239
8 9 2239
7 10 2240
8 10 2240
7 9 2241
8 9 2241
7 10 2242
8 10 2242
7 9 2243
8 9 2243
7 10 2244
8 10 2244
7 9 2245
8 9 2245
7 10 2246
8 10 2246
7 9 2247
8 9 2247
7 10 2248
8 10 2248
7 9 2249
8 9 2249
7 10 2250
8 10 2250
7 9 2251
8 9 2251
7 10 2252
8 10 2252
7 9 2253
8 9 2253
7 10 2254
8 10 2254
7 9 2255
8 9 2255
7 10 2256
8 10 2256
7 9 2257
8 9 2257
7 10 2258
8 10 2258
7 9 2259
8 9 2259
7 10 2260
8 10 2260
7 9 2261
8 9 2261
7 10 2262
8 10 2262
7 9 2263
8 9 2263
7 10 2264
8 10 2264
7 9 2265
8 9 2265
7 10 2266
8 10 2266
7 9 2267
8 9 2267
7 10 2268
8 10 2268
7 9 2269
8 9 2269
7 10 2270
8 10 2270
7 9 2271
8 9 2271
7 10 2272
8 10 2272
7 9 2273
8 9 2273
7 10 2274
8 10 2274
7 9 2275
8 9 2275
7 10 2276
8 10 2276
7 9 2277
8 9 2277
7 10 2278
8 10 2278
7 9 2279
8 9 2279
7 10 2280
8 10 2280
7 9 2281
8 9 2281
7 10 2282
8 10 2282
7 9 2283
8 9 2283
7 10 2284
8 10 2284
7 9 2285
8 9 2285
7 10 2286
8 10 2286
7 9 2287
8 9 2287
7 10 2288
8 10 2288
7 9 2289
8 9 2289
7 10 2290
8 10 2290
7 9 2291
8 9 2291
7 10 2292
8 10 2292
7 9 2293
8 9 2293
7 10 2294
8 10 2294
7 9 2295
8 9 2295
7 10 2296
8 10 2296
7 9 2297
8 9 2297
7 10 2298
8 10 2298
7 9 2299
8 9 2299
7 10 2300
8 10 2300
7 9 2301
8 9 2301
7 10 2302
8 10 2302
7 9 2303
8 9 2303
7 10 2304
8 10 2304
7 9 2305
8 9 2305
7 10 2306
8 10 2306
7 9 2307
8 9 2307
7 10 2308
8 10 2308
7 9 2309
8 9 2309
7 10 2310
8 10 2310
7 9 2311
8 9 2311
7 10 2312
8 10 2312
7 9 2313
8 9 2313
7 10 2314
8 10 2314
7 9 2315
8 9 2315
7 10 2316
8 10 2316
7 9 2317
8 9 2317
7 10 2318
8 10 2318
7 9 2319
8 9 2319
7 10 2320
8 10 2320
7 9 2321
8 9 2321
7 10 2322
8 10 2322
7 9 2323
8 9 2323
7 10 2324
8 10 2324
7 9 2325
8 9 2325
7 10 2326
8 10 2326
7 9 2327
8 9 2327
7 10 2328
8 10 2328
7 9 2329
8 9 2329
7 10 2330
8 10 2330
7 9 2331
8 9 2331
7 10 2332
8 10 2332
7 9 2333
8 9 2333
7 10 2334
8 10 2334
7 9 2335
8 9 2335
7 10 2336
8 10 2336
7 9 2337
8 9 2337
7 10 2338
8 10 2338
7 9 2339
8 9 2339
7 10 2340
8 10 2340
7 9 2341
8 9 2341
7 10 2342
8 10 2342
7 9 2343
8 9 2343
7 10 2344
8 10 2344
7 9 2345
8 9 2345
7 10 2346
8 10 2346
7 9 2347
8 9 2347
7 10 2348
8 10 2348
7 9 2349
8 9 2349
7 10 2350
8 10 2350
7 9 2351
8 9 2351
7 10 2352
8 10 2352
7 9 2353
8 9 2353
7 10 2354
8 10 2354
7 9 2355
8 9 2355
7 10 2356
8 10 2356
7 9 2357
8 9 2357
7 10 2358
8 10 2358
7 9 2359
8 9 2359
7 10 2360
8 10 2360
7 9 2361
8 9 2361
7 10 2362
8 10 2362
7 9 2363
8 9 2363
7 10 2364
8 10 2364
7 9 2365
8 9 2365
7 10 2366
8 10 2366
7 9 2367
8 9 2367
7 10 2368
8 10 2368
7 9 2369
8 9 2369
7 10 2370
8 10 2370
7 9 2371
8 9 2371
7 10 2372
8 10 2372
7 9 2373
8 9 2373
7 10 2374
8 10 2374
7 9 2375
8 9 2375
7 10 2376
8 10 2376
7 9 2377
8 9 2377
7 10 2378
8 10 2378
7 9 2379
8 9 2379
7 10 2380
8 10 2380
7 9 2381
8 9 2381
7 10 2382
8 10 2382
7 9 2383
8 9 2383
7 10 2384
8 10 2384
7 9 2385
8 9 2385
7 10 2386
8 10 2386
7 9 2387
8 9 2387
7 10 2388
8 10 2388
7 9 2389
8 9 2389
7 10 2390
8 10 2390
7 9 2391
8 9 2391
7 10 2392
8 10 2392
7 9 2393
8 9 2393
7 10 2394
8 10 2394
7 9 2395
8 9 2395
7 10 2396
8 10 2396
7 9 2397
8 9 2397
7 10 2398
8 10 2398
7 9 2399
8 9 2399
7 10 2400
8 10 2400
7 9 2401
8 9 2401
7 10 2402
8 10 2402
7 9 2403
8 9 2403
7 10 2404
8 10 2404
7 9 2405
8 9 2405
7 10 2406
8 10 2406
7 9 2407
8 9 2407
7 10 2408
8 10 2408
7 9 2409
8 9 2409
7 10 2410
8 10 2410
7 9 2411
8 9 2411
7 10 2412
8 10 2412
7 9 2413
8 9 2413
7 10 2414
8 10 2414
7 9 2415
8 9 2415
7 10 2416
8 10 2416
7 9 2417
8 9 2417
7 10 2418
8 10 2418
7 9 2419
8 9 2419
7 10 2420
8 10 2420
7 9 2421
8 9 2421
7 10 2422
8 10 2422
7 9 2423
8 9 2423
7 10 2424
8 10 2424
7 9 2425
8 9 2425
7 10 2426
8 10 2426
7 9 2427
8 9 2427
7 10 2428
8 10 2428
7 9 2429
8 9 2429
7 10 2430
8 10 2430
7 9 2431
8 9 2431
7 10 2432
8 10 2432
7 9 2433
8 9 2433
7 10 2434
8 10 2434
7 9 2435
8 9 2435
7 10 2436
8 10 2436
7 9 2437
8 9 2437
7 10 2438
8 10 2438
7 9 2439
8 9 2439
7 10 2440
8 10 2440
7 9 2441
8 9 2441
7 10 2442
8 10 2442
7 9 2443
8 9 2443
7 10 2444
8 10 2444
7 9 2445
8 9 2445
7 10 2446
8 10 2446
7 9 2447
8 9 2447
7 10 2448
8 10 2448
7 9 2449
8 9 2449
7 10 2450
8 10 2450
7 9 2451
8 9 2451
7 10 2452
8 10 2452
7 9 2453
8 9 2453
7 10 2454
8 10 2454
7 9 2455
8 9 2455
7 10 2456
8 10 2456
7 9 2457
8 9 2457
7 10 2458
8 10 2458
7 9 2459
8 9 2459
7 10 2460
8 10 2460
7 9 2461
8 9 2461
7 10 2462
8 10 2462
7 9 2463
8 9 2463
7 10 2464
8 10 2464
7 9 2465
8 9 2465
7 10 2466
8 10 2466
7 9 2467
8 9 2467
7 10 2468
8 10 2468
7 9 2469
8 9 2469
7 10 2470
8 10 2470
7 9 2471
8 9 2471
7 10 2472
8 10 2472
7 9 2473
8 9 2473
7 10 2474
8 10 2474
7 9 2475
8 9 2475
7 10 2476
8 10 2476
7 9 2477
8 9 2477
7 10 2478
8 10 2478
7 9 2479
8 9 2479
7 10 2480
8 10 2480
7 9 2481
8 9 2481
7 10 2482
8 10 2482
7 9 2483
8 9 2483
7 10 2484
8 10 2484
7 9 2485
8 9 2485
7 10 2486
8 10 2486
7 9 2487
8 9 2487
7 10 2488
8 10 2488
7 9 2489
8 9 2489
7 10 2490
8 10 2490
7 9 2491
8 9 2491
7 10 2492
8 10 2492
7 9 2493
8 9 2493
7 10 2494
8 10 2494
7 9 2495
8 9 2495
7 10 2496
8 10 2496
7 9 2497
8 9 2497
7 10 2498
8 10 2498
7 9 2499
8 9 2499
7 10 2500
8 10 2500
7 9 2501
8 9 2501
7 10 2502
8 10 2502
7 9 2503
8 9 2503
7 10 2504
8 10 2504
7 9 2505
8 9 2505
7 10 2506
8 10 2506
7 9 2507
8 9 2507
7 10 2508
8 10 2508
7 9 2509
8 9 2509
7 10 2510
8 10 2510
7 9 2511
8 9 2511
7 10 2512
8 10 2512
7 9 2513
8 9 2513
7 10 2514
8 10 2514
7 9 2515
8 9 2515
7 10 2516
8 10 2516
7 9 2517
8 9 2517
7 10 2518
8 10 2518
7 9 2519
8 9 2519
7 10 2520
8 10 2520
7 9 2521
8 9 2521
7 10 2522
8 10 2522
7 9 2523
8 9 2523
7 10 2524
8 10 2524
7 9 2525
8 9 2525
7 10 2526
8 10 2526
7 9 2527
8 9 2527
7 10 2528
8 10 2528
7 9 2529
8 9 2529
7 10 2530
8 10 2530
7 9 2531
8 9 2531
7 10 2532
8 10 2532
7 9 2533
8 9 2533
7 10 2534
8 10 2534
7 9 2535
8 9 2535
7 10 2536
8 10 2536
7 9 2537
8 9 2537
7 10 2538
8 10 2538
7 9 2539
8 9 2539
7 10 2540
8 10 2540
7 9 2541
8 9 2541
7 10 2542
8 10 2542
7 9 2543
8 9 2543
7 10 2544
8 10 2544
7 9 2545
8 9 2545
7 10 2546
8 10 2546
7 9 2547
8 9 2547
7 10 2548
8 10 2548
7 9 2549
8 9 2549
7 10 2550
8 10 2550
7 9 2551
8 9 2551
7 10 2552
8 10 2552
7 9 2553
8 9 2553
7 10 2554
8 10 2554
7 9 2555
8 9 2555
7 10 2556
8 10 2556
7 9 2557
8 9 2557
7 10 2558
8 10 2558
7 9 2559
8 9 2559
7 10 2560
8 10 2560
7 9 2561
8 9 2561
7 10 2562
8 10 2562
7 9 2563
8 9 2563
7 10 2564
8 10 2564
7 9 2565
8 9 2565
7 10 2566
8 10 2566
7 9 2567
8 9 2567
7 10 2568
8 10 2568
7 9 2569
8 9 2569
7 10 2570
8 10 2570
7 9 2571
8 9 2571
7 10 2572
8 10 2572
7 9 2573
8 9 2573
7 10 2574
8 10 2574
7 9 2575
8 9 2575
7 10 2576
8 10 2576
7 9 2577
8 9 2577
7 10 2578
8 10 2578
7 9 2579
8 9 2579
7 10 2580
8 10 2580
7 9 2581
8 9 2581
7 10 2582
8 10 2582
7 9 2583
8 9 2583
7 10 2584
8 10 2584
7 9 2585
8 9 2585
7 10 2586
8 10 2586
7 9 2587
8 9 2587
7 10 2588
8 10 2588
7 9 2589
8 9 2589
7 10 2590
8 10 2590
7 9 2591
8 9 2591
7 10 2592
8 10 2592
7 9 2593
8 9 2593
7 10 2594
8 10 2594
7 9 2595
8 9 2595
7 10 2596
8 10 2596
7 9 2597
8 9 2597
7 10 2598
8 10 2598
7 9 2599
8 9 2599
7 10 2600
8 10 2600
7 9 2601
8 9 2601
7 10 2602
8 10 2602
7 9 2603
8 9 2603
7 10 2604
8 10 2604
7 9 2605
8 9 2605
7 10 2606
8 10 2606
7 9 2607
8 9 2607
7 10 2608
8 10 2608
7 9 2609
8 9 2609
7 10 2610
8 10 2610
7 9 2611
8 9 2611
7 10 2612
8 10 2612
7 9 2613
8 9 2613
7 10 2614
8 10 2614
7 9 2615
8 9 2615
7 10 2616
8 10 2616
7 9 2617
8 9 2617
7 10 2618
8 10 2618
7 9 2619
8 9 2619
7 10 2620
8 10 2620
7 9 2621
8 9 2621
7 10 2622
8 10 2622
