9 10 1
9 11 2
9 10 3
9 11 4
9 10 5
9 11 6
9 10 7
9 11 8
9 10 9
9 11 10
9 10 11
9 11 12
9 10 13
9 11 14
9 10 15
9 11 16
9 10 17
9 11 18
9 10 19
9 11 20
9 10 21
9 11 22
9 10 23
9 11 24
9 10 25
9 11 26
9 10 27
9 11 28
9 10 29
9 11 30
9 10 31
9 11 32
9 10 33
9 11 34
9 10 35
9 11 36
9 10 37
9 11 38
9 10 39
9 11 40
9 10 41
9 11 42
9 10 43
9 11 44
9 10 45
9 11 46
9 10 47
9 11 48
9 10 49
9 11 50
9 10 51
9 11 52
9 10 53
9 11 54
9 10 55
9 11 56
9 10 57
9 11 58
9 10 59
9 11 60
9 10 61
9 11 62
9 10 63
9 11 64
9 10 65
9 11 66
9 10 67
9 11 68
9 10 69
9 11 70
9 10 71
9 11 72
9 10 73
9 11 74
9 10 75
9 11 76
9 10 77
9 11 78
9 10 79
9 11 80
9 10 81
9 11 82
