7 9 1
8 9 1
7 9 2
8 9 2
7 9 3
8 9 3
7 9 4
8 9 4
7 9 5
8 9 5
7 9 6
8 9 6
7 9 7
8 9 7
7 9 8
8 9 8
7 9 9
8 9 9
7 9 10
8 9 10
7 9 11
8 9 11
7 9 12
8 9 12
7 9 13
8 9 13
7 9 14
8 9 14
7 9 15
8 9 15
7 9 16
8 9 16
7 9 17
8 9 17
7 9 18
8 9 18
7 9 19
8 9 19
7 9 20
8 9 20
7 9 21
8 9 21
7 9 22
8 9 22
7 9 23
8 9 23
7 9 24
8 9 24
7 9 25
8 9 25
7 9 26
8 9 26
7 9 27
8 9 27
7 9 28
8 9 28
7 9 29
8 9 29
7 9 30
8 9 30
7 9 31
8 9 31
7 9 32
8 9 32
7 9 33
8 9 33
7 9 34
8 9 34
7 9 35
8 9 35
7 9 36
8 9 36
7 9 37
8 9 37
7 9 38
8 9 38
7 9 39
8 9 39
7 9 40
8 9 40
7 9 41
8 9 41
