13 14 1
13 15 2
13 14 3
13 15 4
13 14 5
13 15 6
13 14 7
13 15 8
13 14 9
13 15 10
13 14 11
13 15 12
13 14 13
13 15 14
13 14 15
13 15 16
13 14 17
13 15 18
13 14 19
13 15 20
13 14 21
13 15 22
13 14 23
13 15 24
13 14 25
13 15 26
13 14 27
13 15 28
13 14 29
13 15 30
13 14 31
13 15 32
13 14 33
13 15 34
13 14 35
13 15 36
13 14 37
13 15 38
13 14 39
13 15 40
13 14 41
13 15 42
13 14 43
13 15 44
13 14 45
13 15 46
13 14 47
13 15 48
13 14 49
13 15 50
13 14 51
13 15 52
13 14 53
13 15 54
13 14 55
13 15 56
13 14 57
13 15 58
13 14 59
13 15 60
13 14 61
13 15 62
13 14 63
13 15 64
13 14 65
13 15 66
13 14 67
13 15 68
13 14 69
13 15 70
13 14 71
13 15 72
13 14 73
13 15 74
13 14 75
13 15 76
13 14 77
13 15 78
13 14 79
13 15 80
13 14 81
13 15 82
