7 9 1
8 9 1
7 10 2
8 10 2
7 9 3
8 9 3
7 10 4
8 10 4
7 9 5
8 9 5
7 10 6
8 10 6
7 9 7
8 9 7
7 10 8
8 10 8
7 9 9
8 9 9
7 10 10
8 10 10
7 9 11
8 9 11
7 10 12
8 10 12
7 9 13
8 9 13
7 10 14
8 10 14
7 9 15
8 9 15
7 10 16
8 10 16
7 9 17
8 9 17
7 10 18
8 10 18
7 9 19
8 9 19
7 10 20
8 10 20
7 9 21
8 9 21
7 10 22
8 10 22
7 9 23
8 9 23
7 10 24
8 10 24
7 9 25
8 9 25
7 10 26
8 10 26
7 9 27
8 9 27
7 10 28
8 10 28
7 9 29
8 9 29
7 10 30
8 10 30
7 9 31
8 9 31
7 10 32
8 10 32
7 9 33
8 9 33
7 10 34
8 10 34
7 9 35
8 9 35
7 10 36
8 10 36
7 9 37
8 9 37
7 10 38
8 10 38
7 9 39
8 9 39
7 10 40
8 10 40
7 9 41
8 9 41
7 10 42
8 10 42
7 9 43
8 9 43
7 10 44
8 10 44
7 9 45
8 9 45
7 10 46
8 10 46
7 9 47
8 9 47
7 10 48
8 10 48
7 9 49
8 9 49
7 10 50
8 10 50
7 9 51
8 9 51
7 10 52
8 10 52
7 9 53
8 9 53
7 10 54
8 10 54
7 9 55
8 9 55
7 10 56
8 10 56
7 9 57
8 9 57
7 10 58
8 10 58
7 9 59
8 9 59
7 10 60
8 10 60
7 9 61
8 9 61
7 10 62
8 10 62
7 9 63
8 9 63
7 10 64
8 10 64
7 9 65
8 9 65
7 10 66
8 10 66
7 9 67
8 9 67
7 10 68
8 10 68
7 9 69
8 9 69
7 10 70
8 10 70
7 9 71
8 9 71
7 10 72
8 10 72
7 9 73
8 9 73
7 10 74
8 10 74
7 9 75
8 9 75
7 10 76
8 10 76
7 9 77
8 9 77
7 10 78
8 10 78
7 9 79
8 9 79
7 10 80
8 10 80
7 9 81
8 9 81
7 10 82
8 10 82
