7 6 1
11 6 1
7 15 2
11 15 2
7 6 3
11 6 3
7 15 4
11 15 4
7 6 5
11 6 5
7 15 6
11 15 6
7 6 7
11 6 7
7 15 8
11 15 8
7 6 9
11 6 9
7 15 10
11 15 10
7 6 11
11 6 11
7 15 12
11 15 12
7 6 13
11 6 13
7 15 14
11 15 14
7 6 15
11 6 15
7 15 16
11 15 16
7 6 17
11 6 17
7 15 18
11 15 18
7 6 19
11 6 19
7 15 20
11 15 20
7 6 21
11 6 21
7 15 22
11 15 22
7 6 23
11 6 23
7 15 24
11 15 24
7 6 25
11 6 25
7 15 26
11 15 26
7 6 27
11 6 27
7 15 28
11 15 28
7 6 29
11 6 29
7 15 30
11 15 30
7 6 31
11 6 31
7 15 32
11 15 32
7 6 33
11 6 33
7 15 34
11 15 34
7 6 35
11 6 35
7 15 36
11 15 36
7 6 37
11 6 37
7 15 38
11 15 38
7 6 39
11 6 39
7 15 40
11 15 40
7 6 41
11 6 41
7 15 42
11 15 42
