4 0 1
5 0 1
4 1 2
5 1 2
4 0 3
5 0 3
4 1 4
5 1 4
4 0 5
5 0 5
4 1 6
5 1 6
4 0 7
5 0 7
4 1 8
5 1 8
4 0 9
5 0 9
4 1 10
5 1 10
4 0 11
5 0 11
4 1 12
5 1 12
4 0 13
5 0 13
4 1 14
5 1 14
4 0 15
5 0 15
4 1 16
5 1 16
4 0 17
5 0 17
4 1 18
5 1 18
4 0 19
5 0 19
4 1 20
5 1 20
4 0 21
5 0 21
4 1 22
5 1 22
4 0 23
5 0 23
4 1 24
5 1 24
4 0 25
5 0 25
4 1 26
5 1 26
4 0 27
5 0 27
4 1 28
5 1 28
4 0 29
5 0 29
4 1 30
5 1 30
4 0 31
5 0 31
4 1 32
5 1 32
4 0 33
5 0 33
4 1 34
5 1 34
4 0 35
5 0 35
4 1 36
5 1 36
4 0 37
5 0 37
4 1 38
5 1 38
4 0 39
5 0 39
4 1 40
5 1 40
4 0 41
5 0 41
4 1 42
5 1 42
