6 10 1
15 10 1
6 14 2
15 14 2
6 10 3
15 10 3
6 14 4
15 14 4
6 10 5
15 10 5
6 14 6
15 14 6
6 10 7
15 10 7
6 14 8
15 14 8
6 10 9
15 10 9
6 14 10
15 14 10
6 10 11
15 10 11
6 14 12
15 14 12
6 10 13
15 10 13
6 14 14
15 14 14
6 10 15
15 10 15
6 14 16
15 14 16
6 10 17
15 10 17
6 14 18
15 14 18
6 10 19
15 10 19
6 14 20
15 14 20
6 10 21
15 10 21
6 14 22
15 14 22
6 10 23
15 10 23
6 14 24
15 14 24
6 10 25
15 10 25
6 14 26
15 14 26
6 10 27
15 10 27
6 14 28
15 14 28
6 10 29
15 10 29
6 14 30
15 14 30
6 10 31
15 10 31
6 14 32
15 14 32
6 10 33
15 10 33
6 14 34
15 14 34
6 10 35
15 10 35
6 14 36
15 14 36
6 10 37
15 10 37
6 14 38
15 14 38
6 10 39
15 10 39
6 14 40
15 14 40
6 10 41
15 10 41
6 14 42
15 14 42
