2 7 1
3 7 1
2 11 2
3 11 2
2 7 3
3 7 3
2 11 4
3 11 4
2 7 5
3 7 5
2 11 6
3 11 6
2 7 7
3 7 7
2 11 8
3 11 8
2 7 9
3 7 9
2 11 10
3 11 10
2 7 11
3 7 11
2 11 12
3 11 12
2 7 13
3 7 13
2 11 14
3 11 14
2 7 15
3 7 15
2 11 16
3 11 16
2 7 17
3 7 17
2 11 18
3 11 18
2 7 19
3 7 19
2 11 20
3 11 20
2 7 21
3 7 21
2 11 22
3 11 22
2 7 23
3 7 23
2 11 24
3 11 24
2 7 25
3 7 25
2 11 26
3 11 26
2 7 27
3 7 27
2 11 28
3 11 28
2 7 29
3 7 29
2 11 30
3 11 30
2 7 31
3 7 31
2 11 32
3 11 32
2 7 33
3 7 33
2 11 34
3 11 34
2 7 35
3 7 35
2 11 36
3 11 36
2 7 37
3 7 37
2 11 38
3 11 38
2 7 39
3 7 39
2 11 40
3 11 40
2 7 41
3 7 41
2 11 42
3 11 42
