10 9 1
14 9 1
10 12 2
14 12 2
10 9 3
14 9 3
10 12 4
14 12 4
10 9 5
14 9 5
10 12 6
14 12 6
10 9 7
14 9 7
10 12 8
14 12 8
10 9 9
14 9 9
10 12 10
14 12 10
10 9 11
14 9 11
10 12 12
14 12 12
10 9 13
14 9 13
10 12 14
14 12 14
10 9 15
14 9 15
10 12 16
14 12 16
10 9 17
14 9 17
10 12 18
14 12 18
10 9 19
14 9 19
10 12 20
14 12 20
10 9 21
14 9 21
10 12 22
14 12 22
10 9 23
14 9 23
10 12 24
14 12 24
10 9 25
14 9 25
10 12 26
14 12 26
10 9 27
14 9 27
10 12 28
14 12 28
10 9 29
14 9 29
10 12 30
14 12 30
10 9 31
14 9 31
10 12 32
14 12 32
10 9 33
14 9 33
10 12 34
14 12 34
10 9 35
14 9 35
10 12 36
14 12 36
10 9 37
14 9 37
10 12 38
14 12 38
10 9 39
14 9 39
10 12 40
14 12 40
10 9 41
14 9 41
10 12 42
14 12 42
