9 8 1
12 8 1
9 13 2
12 13 2
9 8 3
12 8 3
9 13 4
12 13 4
9 8 5
12 8 5
9 13 6
12 13 6
9 8 7
12 8 7
9 13 8
12 13 8
9 8 9
12 8 9
9 13 10
12 13 10
9 8 11
12 8 11
9 13 12
12 13 12
9 8 13
12 8 13
9 13 14
12 13 14
9 8 15
12 8 15
9 13 16
12 13 16
9 8 17
12 8 17
9 13 18
12 13 18
9 8 19
12 8 19
9 13 20
12 13 20
9 8 21
12 8 21
9 13 22
12 13 22
9 8 23
12 8 23
9 13 24
12 13 24
9 8 25
12 8 25
9 13 26
12 13 26
9 8 27
12 8 27
9 13 28
12 13 28
9 8 29
12 8 29
9 13 30
12 13 30
9 8 31
12 8 31
9 13 32
12 13 32
9 8 33
12 8 33
9 13 34
12 13 34
9 8 35
12 8 35
9 13 36
12 13 36
9 8 37
12 8 37
9 13 38
12 13 38
9 8 39
12 8 39
9 13 40
12 13 40
9 8 41
12 8 41
9 13 42
12 13 42
