0 4 1
5 4 1
0 8 2
5 8 2
0 4 3
5 4 3
0 8 4
5 8 4
0 4 5
5 4 5
0 8 6
5 8 6
0 4 7
5 4 7
0 8 8
5 8 8
0 4 9
5 4 9
0 8 10
5 8 10
0 4 11
5 4 11
0 8 12
5 8 12
0 4 13
5 4 13
0 8 14
5 8 14
0 4 15
5 4 15
0 8 16
5 8 16
0 4 17
5 4 17
0 8 18
5 8 18
0 4 19
5 4 19
0 8 20
5 8 20
0 4 21
5 4 21
0 8 22
5 8 22
0 4 23
5 4 23
0 8 24
5 8 24
0 4 25
5 4 25
0 8 26
5 8 26
0 4 27
5 4 27
0 8 28
5 8 28
0 4 29
5 4 29
0 8 30
5 8 30
0 4 31
5 4 31
0 8 32
5 8 32
0 4 33
5 4 33
0 8 34
5 8 34
0 4 35
5 4 35
0 8 36
5 8 36
0 4 37
5 4 37
0 8 38
5 8 38
0 4 39
5 4 39
0 8 40
5 8 40
0 4 41
5 4 41
0 8 42
5 8 42
0 4 43
5 4 43
0 8 44
5 8 44
0 4 45
5 4 45
0 8 46
5 8 46
0 4 47
5 4 47
0 8 48
5 8 48
0 4 49
5 4 49
0 8 50
5 8 50
0 4 51
5 4 51
0 8 52
5 8 52
0 4 53
5 4 53
0 8 54
5 8 54
0 4 55
5 4 55
0 8 56
5 8 56
0 4 57
5 4 57
0 8 58
5 8 58
0 4 59
5 4 59
0 8 60
5 8 60
0 4 61
5 4 61
0 8 62
5 8 62
0 4 63
5 4 63
0 8 64
5 8 64
0 4 65
5 4 65
0 8 66
5 8 66
0 4 67
5 4 67
0 8 68
5 8 68
0 4 69
5 4 69
0 8 70
5 8 70
0 4 71
5 4 71
0 8 72
5 8 72
0 4 73
5 4 73
0 8 74
5 8 74
0 4 75
5 4 75
0 8 76
5 8 76
0 4 77
5 4 77
0 8 78
5 8 78
0 4 79
5 4 79
0 8 80
5 8 80
0 4 81
5 4 81
0 8 82
5 8 82
