4 9 1
8 9 1
4 12 2
8 12 2
4 9 3
8 9 3
4 12 4
8 12 4
4 9 5
8 9 5
4 12 6
8 12 6
4 9 7
8 9 7
4 12 8
8 12 8
4 9 9
8 9 9
4 12 10
8 12 10
4 9 11
8 9 11
4 12 12
8 12 12
4 9 13
8 9 13
4 12 14
8 12 14
4 9 15
8 9 15
4 12 16
8 12 16
4 9 17
8 9 17
4 12 18
8 12 18
4 9 19
8 9 19
4 12 20
8 12 20
4 9 21
8 9 21
4 12 22
8 12 22
4 9 23
8 9 23
4 12 24
8 12 24
4 9 25
8 9 25
4 12 26
8 12 26
4 9 27
8 9 27
4 12 28
8 12 28
4 9 29
8 9 29
4 12 30
8 12 30
4 9 31
8 9 31
4 12 32
8 12 32
4 9 33
8 9 33
4 12 34
8 12 34
4 9 35
8 9 35
4 12 36
8 12 36
4 9 37
8 9 37
4 12 38
8 12 38
4 9 39
8 9 39
4 12 40
8 12 40
4 9 41
8 9 41
4 12 42
8 12 42
4 9 43
8 9 43
4 12 44
8 12 44
4 9 45
8 9 45
4 12 46
8 12 46
4 9 47
8 9 47
4 12 48
8 12 48
4 9 49
8 9 49
4 12 50
8 12 50
4 9 51
8 9 51
4 12 52
8 12 52
4 9 53
8 9 53
4 12 54
8 12 54
4 9 55
8 9 55
4 12 56
8 12 56
4 9 57
8 9 57
4 12 58
8 12 58
4 9 59
8 9 59
4 12 60
8 12 60
4 9 61
8 9 61
4 12 62
8 12 62
4 9 63
8 9 63
4 12 64
8 12 64
4 9 65
8 9 65
4 12 66
8 12 66
4 9 67
8 9 67
4 12 68
8 12 68
4 9 69
8 9 69
4 12 70
8 12 70
4 9 71
8 9 71
4 12 72
8 12 72
4 9 73
8 9 73
4 12 74
8 12 74
4 9 75
8 9 75
4 12 76
8 12 76
4 9 77
8 9 77
4 12 78
8 12 78
4 9 79
8 9 79
4 12 80
8 12 80
4 9 81
8 9 81
4 12 82
8 12 82
