13 10 1
14 10 1
13 15 2
14 15 2
13 10 3
14 10 3
13 15 4
14 15 4
13 10 5
14 10 5
13 15 6
14 15 6
13 10 7
14 10 7
13 15 8
14 15 8
13 10 9
14 10 9
13 15 10
14 15 10
13 10 11
14 10 11
13 15 12
14 15 12
13 10 13
14 10 13
13 15 14
14 15 14
13 10 15
14 10 15
13 15 16
14 15 16
13 10 17
14 10 17
13 15 18
14 15 18
13 10 19
14 10 19
13 15 20
14 15 20
13 10 21
14 10 21
13 15 22
14 15 22
13 10 23
14 10 23
13 15 24
14 15 24
13 10 25
14 10 25
13 15 26
14 15 26
13 10 27
14 10 27
13 15 28
14 15 28
13 10 29
14 10 29
13 15 30
14 15 30
13 10 31
14 10 31
13 15 32
14 15 32
13 10 33
14 10 33
13 15 34
14 15 34
13 10 35
14 10 35
13 15 36
14 15 36
13 10 37
14 10 37
13 15 38
14 15 38
13 10 39
14 10 39
13 15 40
14 15 40
13 10 41
14 10 41
13 15 42
14 15 42
13 10 43
14 10 43
13 15 44
14 15 44
13 10 45
14 10 45
13 15 46
14 15 46
13 10 47
14 10 47
13 15 48
14 15 48
13 10 49
14 10 49
13 15 50
14 15 50
13 10 51
14 10 51
13 15 52
14 15 52
13 10 53
14 10 53
13 15 54
14 15 54
13 10 55
14 10 55
13 15 56
14 15 56
13 10 57
14 10 57
13 15 58
14 15 58
13 10 59
14 10 59
13 15 60
14 15 60
13 10 61
14 10 61
13 15 62
14 15 62
13 10 63
14 10 63
13 15 64
14 15 64
13 10 65
14 10 65
13 15 66
14 15 66
13 10 67
14 10 67
13 15 68
14 15 68
13 10 69
14 10 69
13 15 70
14 15 70
13 10 71
14 10 71
13 15 72
14 15 72
13 10 73
14 10 73
13 15 74
14 15 74
13 10 75
14 10 75
13 15 76
14 15 76
13 10 77
14 10 77
13 15 78
14 15 78
13 10 79
14 10 79
13 15 80
14 15 80
13 10 81
14 10 81
13 15 82
14 15 82
