1 0 1
1 5 2
1 0 3
1 5 4
1 0 5
1 5 6
1 0 7
1 5 8
1 0 9
1 5 10
1 0 11
1 5 12
1 0 13
1 5 14
1 0 15
1 5 16
1 0 17
1 5 18
1 0 19
1 5 20
1 0 21
1 5 22
1 0 23
1 5 24
1 0 25
1 5 26
1 0 27
1 5 28
1 0 29
1 5 30
1 0 31
1 5 32
1 0 33
1 5 34
1 0 35
1 5 36
1 0 37
1 5 38
1 0 39
1 5 40
1 0 41
1 5 42
1 0 43
1 5 44
1 0 45
1 5 46
1 0 47
1 5 48
1 0 49
1 5 50
1 0 51
1 5 52
1 0 53
1 5 54
1 0 55
1 5 56
1 0 57
1 5 58
1 0 59
1 5 60
1 0 61
1 5 62
1 0 63
1 5 64
1 0 65
1 5 66
1 0 67
1 5 68
1 0 69
1 5 70
1 0 71
1 5 72
1 0 73
1 5 74
1 0 75
1 5 76
1 0 77
1 5 78
1 0 79
1 5 80
1 0 81
1 5 82
