0 3 1
1 3 1
2 3 1
0 4 2
1 4 2
2 4 2
0 5 3
1 5 3
2 5 3
0 6 4
1 6 4
2 6 4
0 7 5
1 7 5
2 7 5
0 8 6
1 8 6
2 8 6
0 9 7
1 9 7
2 9 7
0 10 8
1 10 8
2 10 8
0 11 9
1 11 9
2 11 9
0 12 10
1 12 10
2 12 10
0 3 11
1 3 11
2 3 11
0 4 12
1 4 12
2 4 12
0 5 13
1 5 13
2 5 13
0 6 14
1 6 14
2 6 14
0 7 15
1 7 15
2 7 15
0 8 16
1 8 16
2 8 16
0 9 17
1 9 17
2 9 17
0 10 18
1 10 18
2 10 18
0 11 19
1 11 19
2 11 19
0 12 20
1 12 20
2 12 20
0 3 21
1 3 21
2 3 21
0 4 22
1 4 22
2 4 22
0 5 23
1 5 23
2 5 23
0 6 24
1 6 24
2 6 24
0 7 25
1 7 25
2 7 25
0 8 26
1 8 26
2 8 26
0 9 27
1 9 27
2 9 27
0 10 28
1 10 28
2 10 28
0 11 29
1 11 29
2 11 29
0 12 30
1 12 30
2 12 30
0 3 31
1 3 31
2 3 31
0 4 32
1 4 32
2 4 32
0 5 33
1 5 33
2 5 33
0 6 34
1 6 34
2 6 34
0 7 35
1 7 35
2 7 35
0 8 36
1 8 36
2 8 36
0 9 37
1 9 37
2 9 37
0 10 38
1 10 38
2 10 38
0 11 39
1 11 39
2 11 39
0 12 40
1 12 40
2 12 40
0 3 41
1 3 41
2 3 41
0 4 42
1 4 42
2 4 42
0 5 43
1 5 43
2 5 43
0 6 44
1 6 44
2 6 44
0 7 45
1 7 45
2 7 45
0 8 46
1 8 46
2 8 46
0 9 47
1 9 47
2 9 47
0 10 48
1 10 48
2 10 48
0 11 49
1 11 49
2 11 49
0 12 50
1 12 50
2 12 50
0 3 51
1 3 51
2 3 51
0 4 52
1 4 52
2 4 52
0 5 53
1 5 53
2 5 53
0 6 54
1 6 54
2 6 54
0 7 55
1 7 55
2 7 55
0 8 56
1 8 56
2 8 56
0 9 57
1 9 57
2 9 57
0 10 58
1 10 58
2 10 58
0 11 59
1 11 59
2 11 59
0 12 60
1 12 60
2 12 60
0 3 61
1 3 61
2 3 61
0 4 62
1 4 62
2 4 62
0 5 63
1 5 63
2 5 63
0 6 64
1 6 64
2 6 64
0 7 65
1 7 65
2 7 65
0 8 66
1 8 66
2 8 66
0 9 67
1 9 67
2 9 67
0 10 68
1 10 68
2 10 68
0 11 69
1 11 69
2 11 69
0 12 70
1 12 70
2 12 70
0 3 71
1 3 71
2 3 71
0 4 72
1 4 72
2 4 72
0 5 73
1 5 73
2 5 73
0 6 74
1 6 74
2 6 74
0 7 75
1 7 75
2 7 75
0 8 76
1 8 76
2 8 76
0 9 77
1 9 77
2 9 77
0 10 78
1 10 78
2 10 78
0 11 79
1 11 79
2 11 79
0 12 80
1 12 80
2 12 80
0 3 81
1 3 81
2 3 81
0 4 82
1 4 82
2 4 82
0 5 83
1 5 83
2 5 83
0 6 84
1 6 84
2 6 84
0 7 85
1 7 85
2 7 85
0 8 86
1 8 86
2 8 86
0 9 87
1 9 87
2 9 87
0 10 88
1 10 88
2 10 88
0 11 89
1 11 89
2 11 89
0 12 90
1 12 90
2 12 90
0 3 91
1 3 91
2 3 91
0 4 92
1 4 92
2 4 92
0 5 93
1 5 93
2 5 93
0 6 94
1 6 94
2 6 94
0 7 95
1 7 95
2 7 95
0 8 96
1 8 96
2 8 96
0 9 97
1 9 97
2 9 97
0 10 98
1 10 98
2 10 98
0 11 99
1 11 99
2 11 99
0 12 100
1 12 100
2 12 100
0 3 101
1 3 101
2 3 101
0 4 102
1 4 102
2 4 102
0 5 103
1 5 103
2 5 103
0 6 104
1 6 104
2 6 104
0 7 105
1 7 105
2 7 105
0 8 106
1 8 106
2 8 106
0 9 107
1 9 107
2 9 107
0 10 108
1 10 108
2 10 108
0 11 109
1 11 109
2 11 109
0 12 110
1 12 110
2 12 110
0 3 111
1 3 111
2 3 111
0 4 112
1 4 112
2 4 112
0 5 113
1 5 113
2 5 113
0 6 114
1 6 114
2 6 114
0 7 115
1 7 115
2 7 115
0 8 116
1 8 116
2 8 116
0 9 117
1 9 117
2 9 117
0 10 118
1 10 118
2 10 118
0 11 119
1 11 119
2 11 119
0 12 120
1 12 120
2 12 120
0 3 121
1 3 121
2 3 121
0 4 122
1 4 122
2 4 122
0 5 123
1 5 123
2 5 123
0 6 124
1 6 124
2 6 124
0 7 125
1 7 125
2 7 125
0 8 126
1 8 126
2 8 126
0 9 127
1 9 127
2 9 127
0 10 128
1 10 128
2 10 128
0 11 129
1 11 129
2 11 129
0 12 130
1 12 130
2 12 130
0 3 131
1 3 131
2 3 131
0 4 132
1 4 132
2 4 132
0 5 133
1 5 133
2 5 133
0 6 134
1 6 134
2 6 134
0 7 135
1 7 135
2 7 135
0 8 136
1 8 136
2 8 136
0 9 137
1 9 137
2 9 137
0 10 138
1 10 138
2 10 138
0 11 139
1 11 139
2 11 139
0 12 140
1 12 140
2 12 140
0 3 141
1 3 141
2 3 141
0 4 142
1 4 142
2 4 142
0 5 143
1 5 143
2 5 143
0 6 144
1 6 144
2 6 144
0 7 145
1 7 145
2 7 145
0 8 146
1 8 146
2 8 146
0 9 147
1 9 147
2 9 147
0 10 148
1 10 148
2 10 148
0 11 149
1 11 149
2 11 149
0 12 150
1 12 150
2 12 150
0 3 151
1 3 151
2 3 151
0 4 152
1 4 152
2 4 152
0 5 153
1 5 153
2 5 153
0 6 154
1 6 154
2 6 154
0 7 155
1 7 155
2 7 155
0 8 156
1 8 156
2 8 156
0 9 157
1 9 157
2 9 157
0 10 158
1 10 158
2 10 158
0 11 159
1 11 159
2 11 159
0 12 160
1 12 160
2 12 160
0 3 161
1 3 161
2 3 161
0 4 162
1 4 162
2 4 162
0 5 163
1 5 163
2 5 163
0 6 164
1 6 164
2 6 164
0 7 165
1 7 165
2 7 165
0 8 166
1 8 166
2 8 166
0 9 167
1 9 167
2 9 167
0 10 168
1 10 168
2 10 168
0 11 169
1 11 169
2 11 169
0 12 170
1 12 170
2 12 170
0 3 171
1 3 171
2 3 171
0 4 172
1 4 172
2 4 172
0 5 173
1 5 173
2 5 173
0 6 174
1 6 174
2 6 174
0 7 175
1 7 175
2 7 175
0 8 176
1 8 176
2 8 176
0 9 177
1 9 177
2 9 177
0 10 178
1 10 178
2 10 178
0 11 179
1 11 179
2 11 179
0 12 180
1 12 180
2 12 180
0 3 181
1 3 181
2 3 181
0 4 182
1 4 182
2 4 182
0 5 183
1 5 183
2 5 183
0 6 184
1 6 184
2 6 184
0 7 185
1 7 185
2 7 185
0 8 186
1 8 186
2 8 186
0 9 187
1 9 187
2 9 187
0 10 188
1 10 188
2 10 188
0 11 189
1 11 189
2 11 189
0 12 190
1 12 190
2 12 190
0 3 191
1 3 191
2 3 191
0 4 192
1 4 192
2 4 192
0 5 193
1 5 193
2 5 193
0 6 194
1 6 194
2 6 194
0 7 195
1 7 195
2 7 195
0 8 196
1 8 196
2 8 196
0 9 197
1 9 197
2 9 197
0 10 198
1 10 198
2 10 198
0 11 199
1 11 199
2 11 199
0 12 200
1 12 200
2 12 200
0 3 201
1 3 201
2 3 201
0 4 202
1 4 202
2 4 202
0 5 203
1 5 203
2 5 203
0 6 204
1 6 204
2 6 204
0 7 205
1 7 205
2 7 205
0 8 206
1 8 206
2 8 206
0 9 207
1 9 207
2 9 207
0 10 208
1 10 208
2 10 208
0 11 209
1 11 209
2 11 209
0 12 210
1 12 210
2 12 210
0 3 211
1 3 211
2 3 211
0 4 212
1 4 212
2 4 212
0 5 213
1 5 213
2 5 213
0 6 214
1 6 214
2 6 214
0 7 215
1 7 215
2 7 215
0 8 216
1 8 216
2 8 216
0 9 217
1 9 217
2 9 217
0 10 218
1 10 218
2 10 218
0 11 219
1 11 219
2 11 219
0 12 220
1 12 220
2 12 220
0 3 221
1 3 221
2 3 221
0 4 222
1 4 222
2 4 222
0 5 223
1 5 223
2 5 223
0 6 224
1 6 224
2 6 224
0 7 225
1 7 225
2 7 225
0 8 226
1 8 226
2 8 226
0 9 227
1 9 227
2 9 227
0 10 228
1 10 228
2 10 228
0 11 229
1 11 229
2 11 229
0 12 230
1 12 230
2 12 230
0 3 231
1 3 231
2 3 231
0 4 232
1 4 232
2 4 232
0 5 233
1 5 233
2 5 233
0 6 234
1 6 234
2 6 234
0 7 235
1 7 235
2 7 235
0 8 236
1 8 236
2 8 236
0 9 237
1 9 237
2 9 237
0 10 238
1 10 238
2 10 238
0 11 239
1 11 239
2 11 239
0 12 240
1 12 240
2 12 240
0 3 241
1 3 241
2 3 241
0 4 242
1 4 242
2 4 242
0 5 243
1 5 243
2 5 243
0 6 244
1 6 244
2 6 244
0 7 245
1 7 245
2 7 245
0 8 246
1 8 246
2 8 246
0 9 247
1 9 247
2 9 247
0 10 248
1 10 248
2 10 248
0 11 249
1 11 249
2 11 249
0 12 250
1 12 250
2 12 250
0 3 251
1 3 251
2 3 251
0 4 252
1 4 252
2 4 252
0 5 253
1 5 253
2 5 253
0 6 254
1 6 254
2 6 254
0 7 255
1 7 255
2 7 255
0 8 256
1 8 256
2 8 256
0 9 257
1 9 257
2 9 257
0 10 258
1 10 258
2 10 258
0 11 259
1 11 259
2 11 259
0 12 260
1 12 260
2 12 260
0 3 261
1 3 261
2 3 261
0 4 262
1 4 262
2 4 262
0 5 263
1 5 263
2 5 263
0 6 264
1 6 264
2 6 264
0 7 265
1 7 265
2 7 265
0 8 266
1 8 266
2 8 266
0 9 267
1 9 267
2 9 267
0 10 268
1 10 268
2 10 268
0 11 269
1 11 269
2 11 269
0 12 270
1 12 270
2 12 270
0 3 271
1 3 271
2 3 271
0 4 272
1 4 272
2 4 272
0 5 273
1 5 273
2 5 273
0 6 274
1 6 274
2 6 274
0 7 275
1 7 275
2 7 275
0 8 276
1 8 276
2 8 276
0 9 277
1 9 277
2 9 277
0 10 278
1 10 278
2 10 278
0 11 279
1 11 279
2 11 279
0 12 280
1 12 280
2 12 280
0 3 281
1 3 281
2 3 281
0 4 282
1 4 282
2 4 282
0 5 283
1 5 283
2 5 283
0 6 284
1 6 284
2 6 284
0 7 285
1 7 285
2 7 285
0 8 286
1 8 286
2 8 286
0 9 287
1 9 287
2 9 287
0 10 288
1 10 288
2 10 288
0 11 289
1 11 289
2 11 289
0 12 290
1 12 290
2 12 290
0 3 291
1 3 291
2 3 291
0 4 292
1 4 292
2 4 292
0 5 293
1 5 293
2 5 293
0 6 294
1 6 294
2 6 294
0 7 295
1 7 295
2 7 295
0 8 296
1 8 296
2 8 296
0 9 297
1 9 297
2 9 297
0 10 298
1 10 298
2 10 298
0 11 299
1 11 299
2 11 299
0 12 300
1 12 300
2 12 300
0 3 301
1 3 301
2 3 301
0 4 302
1 4 302
2 4 302
0 5 303
1 5 303
2 5 303
0 6 304
1 6 304
2 6 304
0 7 305
1 7 305
2 7 305
0 8 306
1 8 306
2 8 306
0 9 307
1 9 307
2 9 307
0 10 308
1 10 308
2 10 308
0 11 309
1 11 309
2 11 309
0 12 310
1 12 310
2 12 310
0 3 311
1 3 311
2 3 311
0 4 312
1 4 312
2 4 312
0 5 313
1 5 313
2 5 313
0 6 314
1 6 314
2 6 314
0 7 315
1 7 315
2 7 315
0 8 316
1 8 316
2 8 316
0 9 317
1 9 317
2 9 317
0 10 318
1 10 318
2 10 318
0 11 319
1 11 319
2 11 319
0 12 320
1 12 320
2 12 320
0 3 321
1 3 321
2 3 321
0 4 322
1 4 322
2 4 322
0 5 323
1 5 323
2 5 323
0 6 324
1 6 324
2 6 324
0 7 325
1 7 325
2 7 325
0 8 326
1 8 326
2 8 326
0 9 327
1 9 327
2 9 327
0 10 328
1 10 328
2 10 328
0 11 329
1 11 329
2 11 329
0 12 330
1 12 330
2 12 330
0 3 331
1 3 331
2 3 331
0 4 332
1 4 332
2 4 332
0 5 333
1 5 333
2 5 333
0 6 334
1 6 334
2 6 334
0 7 335
1 7 335
2 7 335
0 8 336
1 8 336
2 8 336
0 9 337
1 9 337
2 9 337
0 10 338
1 10 338
2 10 338
0 11 339
1 11 339
2 11 339
0 12 340
1 12 340
2 12 340
0 3 341
1 3 341
2 3 341
0 4 342
1 4 342
2 4 342
0 5 343
1 5 343
2 5 343
0 6 344
1 6 344
2 6 344
0 7 345
1 7 345
2 7 345
0 8 346
1 8 346
2 8 346
0 9 347
1 9 347
2 9 347
0 10 348
1 10 348
2 10 348
0 11 349
1 11 349
2 11 349
0 12 350
1 12 350
2 12 350
0 3 351
1 3 351
2 3 351
0 4 352
1 4 352
2 4 352
0 5 353
1 5 353
2 5 353
0 6 354
1 6 354
2 6 354
0 7 355
1 7 355
2 7 355
0 8 356
1 8 356
2 8 356
0 9 357
1 9 357
2 9 357
0 10 358
1 10 358
2 10 358
0 11 359
1 11 359
2 11 359
0 12 360
1 12 360
2 12 360
0 3 361
1 3 361
2 3 361
0 4 362
1 4 362
2 4 362
0 5 363
1 5 363
2 5 363
0 6 364
1 6 364
2 6 364
0 7 365
1 7 365
2 7 365
0 8 366
1 8 366
2 8 366
0 9 367
1 9 367
2 9 367
0 10 368
1 10 368
2 10 368
0 11 369
1 11 369
2 11 369
0 12 370
1 12 370
2 12 370
0 3 371
1 3 371
2 3 371
0 4 372
1 4 372
2 4 372
0 5 373
1 5 373
2 5 373
0 6 374
1 6 374
2 6 374
0 7 375
1 7 375
2 7 375
0 8 376
1 8 376
2 8 376
0 9 377
1 9 377
2 9 377
0 10 378
1 10 378
2 10 378
0 11 379
1 11 379
2 11 379
0 12 380
1 12 380
2 12 380
0 3 381
1 3 381
2 3 381
0 4 382
1 4 382
2 4 382
0 5 383
1 5 383
2 5 383
0 6 384
1 6 384
2 6 384
0 7 385
1 7 385
2 7 385
0 8 386
1 8 386
2 8 386
0 9 387
1 9 387
2 9 387
0 10 388
1 10 388
2 10 388
0 11 389
1 11 389
2 11 389
0 12 390
1 12 390
2 12 390
0 3 391
1 3 391
2 3 391
0 4 392
1 4 392
2 4 392
0 5 393
1 5 393
2 5 393
0 6 394
1 6 394
2 6 394
0 7 395
1 7 395
2 7 395
0 8 396
1 8 396
2 8 396
0 9 397
1 9 397
2 9 397
0 10 398
1 10 398
2 10 398
0 11 399
1 11 399
2 11 399
0 12 400
1 12 400
2 12 400
0 3 401
1 3 401
2 3 401
0 4 402
1 4 402
2 4 402
0 5 403
1 5 403
2 5 403
0 6 404
1 6 404
2 6 404
0 7 405
1 7 405
2 7 405
0 8 406
1 8 406
2 8 406
0 9 407
1 9 407
2 9 407
0 10 408
1 10 408
2 10 408
0 11 409
1 11 409
2 11 409
0 12 410
1 12 410
2 12 410
0 3 411
1 3 411
2 3 411
0 4 412
1 4 412
2 4 412
0 5 413
1 5 413
2 5 413
0 6 414
1 6 414
2 6 414
0 7 415
1 7 415
2 7 415
0 8 416
1 8 416
2 8 416
0 9 417
1 9 417
2 9 417
0 10 418
1 10 418
2 10 418
0 11 419
1 11 419
2 11 419
0 12 420
1 12 420
2 12 420
0 3 421
1 3 421
2 3 421
0 4 422
1 4 422
2 4 422
0 5 423
1 5 423
2 5 423
0 6 424
1 6 424
2 6 424
0 7 425
1 7 425
2 7 425
0 8 426
1 8 426
2 8 426
0 9 427
1 9 427
2 9 427
0 10 428
1 10 428
2 10 428
0 11 429
1 11 429
2 11 429
0 12 430
1 12 430
2 12 430
0 3 431
1 3 431
2 3 431
0 4 432
1 4 432
2 4 432
0 5 433
1 5 433
2 5 433
0 6 434
1 6 434
2 6 434
0 7 435
1 7 435
2 7 435
0 8 436
1 8 436
2 8 436
0 9 437
1 9 437
2 9 437
0 10 438
1 10 438
2 10 438
0 11 439
1 11 439
2 11 439
0 12 440
1 12 440
2 12 440
0 3 441
1 3 441
2 3 441
0 4 442
1 4 442
2 4 442
0 5 443
1 5 443
2 5 443
0 6 444
1 6 444
2 6 444
0 7 445
1 7 445
2 7 445
0 8 446
1 8 446
2 8 446
0 9 447
1 9 447
2 9 447
0 10 448
1 10 448
2 10 448
0 11 449
1 11 449
2 11 449
0 12 450
1 12 450
2 12 450
0 3 451
1 3 451
2 3 451
0 4 452
1 4 452
2 4 452
0 5 453
1 5 453
2 5 453
0 6 454
1 6 454
2 6 454
0 7 455
1 7 455
2 7 455
0 8 456
1 8 456
2 8 456
0 9 457
1 9 457
2 9 457
0 10 458
1 10 458
2 10 458
0 11 459
1 11 459
2 11 459
0 12 460
1 12 460
2 12 460
0 3 461
1 3 461
2 3 461
0 4 462
1 4 462
2 4 462
0 5 463
1 5 463
2 5 463
0 6 464
1 6 464
2 6 464
0 7 465
1 7 465
2 7 465
0 8 466
1 8 466
2 8 466
0 9 467
1 9 467
2 9 467
0 10 468
1 10 468
2 10 468
0 11 469
1 11 469
2 11 469
0 12 470
1 12 470
2 12 470
0 3 471
1 3 471
2 3 471
0 4 472
1 4 472
2 4 472
0 5 473
1 5 473
2 5 473
0 6 474
1 6 474
2 6 474
0 7 475
1 7 475
2 7 475
0 8 476
1 8 476
2 8 476
0 9 477
1 9 477
2 9 477
0 10 478
1 10 478
2 10 478
0 11 479
1 11 479
2 11 479
0 12 480
1 12 480
2 12 480
0 3 481
1 3 481
2 3 481
0 4 482
1 4 482
2 4 482
0 5 483
1 5 483
2 5 483
0 6 484
1 6 484
2 6 484
0 7 485
1 7 485
2 7 485
0 8 486
1 8 486
2 8 486
0 9 487
1 9 487
2 9 487
0 10 488
1 10 488
2 10 488
0 11 489
1 11 489
2 11 489
0 12 490
1 12 490
2 12 490
0 3 491
1 3 491
2 3 491
0 4 492
1 4 492
2 4 492
0 5 493
1 5 493
2 5 493
0 6 494
1 6 494
2 6 494
0 7 495
1 7 495
2 7 495
0 8 496
1 8 496
2 8 496
0 9 497
1 9 497
2 9 497
0 10 498
1 10 498
2 10 498
0 11 499
1 11 499
2 11 499
0 12 500
1 12 500
2 12 500
0 3 501
1 3 501
2 3 501
0 4 502
1 4 502
2 4 502
0 5 503
1 5 503
2 5 503
0 6 504
1 6 504
2 6 504
0 7 505
1 7 505
2 7 505
0 8 506
1 8 506
2 8 506
0 9 507
1 9 507
2 9 507
0 10 508
1 10 508
2 10 508
0 11 509
1 11 509
2 11 509
0 12 510
1 12 510
2 12 510
0 3 511
1 3 511
2 3 511
0 4 512
1 4 512
2 4 512
0 5 513
1 5 513
2 5 513
0 6 514
1 6 514
2 6 514
0 7 515
1 7 515
2 7 515
0 8 516
1 8 516
2 8 516
0 9 517
1 9 517
2 9 517
0 10 518
1 10 518
2 10 518
0 11 519
1 11 519
2 11 519
0 12 520
1 12 520
2 12 520
0 3 521
1 3 521
2 3 521
0 4 522
1 4 522
2 4 522
0 5 523
1 5 523
2 5 523
0 6 524
1 6 524
2 6 524
0 7 525
1 7 525
2 7 525
0 8 526
1 8 526
2 8 526
0 9 527
1 9 527
2 9 527
0 10 528
1 10 528
2 10 528
0 11 529
1 11 529
2 11 529
0 12 530
1 12 530
2 12 530
0 3 531
1 3 531
2 3 531
0 4 532
1 4 532
2 4 532
0 5 533
1 5 533
2 5 533
0 6 534
1 6 534
2 6 534
0 7 535
1 7 535
2 7 535
0 8 536
1 8 536
2 8 536
0 9 537
1 9 537
2 9 537
0 10 538
1 10 538
2 10 538
0 11 539
1 11 539
2 11 539
0 12 540
1 12 540
2 12 540
0 3 541
1 3 541
2 3 541
0 4 542
1 4 542
2 4 542
0 5 543
1 5 543
2 5 543
0 6 544
1 6 544
2 6 544
0 7 545
1 7 545
2 7 545
0 8 546
1 8 546
2 8 546
0 9 547
1 9 547
2 9 547
0 10 548
1 10 548
2 10 548
0 11 549
1 11 549
2 11 549
0 12 550
1 12 550
2 12 550
0 3 551
1 3 551
2 3 551
0 4 552
1 4 552
2 4 552
0 5 553
1 5 553
2 5 553
0 6 554
1 6 554
2 6 554
0 7 555
1 7 555
2 7 555
0 8 556
1 8 556
2 8 556
0 9 557
1 9 557
2 9 557
0 10 558
1 10 558
2 10 558
0 11 559
1 11 559
2 11 559
0 12 560
1 12 560
2 12 560
0 3 561
1 3 561
2 3 561
0 4 562
1 4 562
2 4 562
0 5 563
1 5 563
2 5 563
0 6 564
1 6 564
2 6 564
0 7 565
1 7 565
2 7 565
0 8 566
1 8 566
2 8 566
0 9 567
1 9 567
2 9 567
0 10 568
1 10 568
2 10 568
0 11 569
1 11 569
2 11 569
0 12 570
1 12 570
2 12 570
0 3 571
1 3 571
2 3 571
0 4 572
1 4 572
2 4 572
0 5 573
1 5 573
2 5 573
0 6 574
1 6 574
2 6 574
0 7 575
1 7 575
2 7 575
0 8 576
1 8 576
2 8 576
0 9 577
1 9 577
2 9 577
0 10 578
1 10 578
2 10 578
0 11 579
1 11 579
2 11 579
0 12 580
1 12 580
2 12 580
0 3 581
1 3 581
2 3 581
0 4 582
1 4 582
2 4 582
0 5 583
1 5 583
2 5 583
0 6 584
1 6 584
2 6 584
0 7 585
1 7 585
2 7 585
0 8 586
1 8 586
2 8 586
0 9 587
1 9 587
2 9 587
0 10 588
1 10 588
2 10 588
0 11 589
1 11 589
2 11 589
0 12 590
1 12 590
2 12 590
0 3 591
1 3 591
2 3 591
0 4 592
1 4 592
2 4 592
0 5 593
1 5 593
2 5 593
0 6 594
1 6 594
2 6 594
0 7 595
1 7 595
2 7 595
0 8 596
1 8 596
2 8 596
0 9 597
1 9 597
2 9 597
0 10 598
1 10 598
2 10 598
0 11 599
1 11 599
2 11 599
0 12 600
1 12 600
2 12 600
0 3 601
1 3 601
2 3 601
0 4 602
1 4 602
2 4 602
0 5 603
1 5 603
2 5 603
0 6 604
1 6 604
2 6 604
0 7 605
1 7 605
2 7 605
0 8 606
1 8 606
2 8 606
0 9 607
1 9 607
2 9 607
0 10 608
1 10 608
2 10 608
0 11 609
1 11 609
2 11 609
0 12 610
1 12 610
2 12 610
0 3 611
1 3 611
2 3 611
0 4 612
1 4 612
2 4 612
0 5 613
1 5 613
2 5 613
0 6 614
1 6 614
2 6 614
0 7 615
1 7 615
2 7 615
0 8 616
1 8 616
2 8 616
0 9 617
1 9 617
2 9 617
0 10 618
1 10 618
2 10 618
0 11 619
1 11 619
2 11 619
0 12 620
1 12 620
2 12 620
0 3 621
1 3 621
2 3 621
0 4 622
1 4 622
2 4 622
0 5 623
1 5 623
2 5 623
0 6 624
1 6 624
2 6 624
0 7 625
1 7 625
2 7 625
0 8 626
1 8 626
2 8 626
0 9 627
1 9 627
2 9 627
0 10 628
1 10 628
2 10 628
0 11 629
1 11 629
2 11 629
0 12 630
1 12 630
2 12 630
0 3 631
1 3 631
2 3 631
0 4 632
1 4 632
2 4 632
0 5 633
1 5 633
2 5 633
0 6 634
1 6 634
2 6 634
0 7 635
1 7 635
2 7 635
0 8 636
1 8 636
2 8 636
0 9 637
1 9 637
2 9 637
0 10 638
1 10 638
2 10 638
0 11 639
1 11 639
2 11 639
0 12 640
1 12 640
2 12 640
0 3 641
1 3 641
2 3 641
0 4 642
1 4 642
2 4 642
0 5 643
1 5 643
2 5 643
0 6 644
1 6 644
2 6 644
0 7 645
1 7 645
2 7 645
0 8 646
1 8 646
2 8 646
0 9 647
1 9 647
2 9 647
0 10 648
1 10 648
2 10 648
0 11 649
1 11 649
2 11 649
0 12 650
1 12 650
2 12 650
0 3 651
1 3 651
2 3 651
0 4 652
1 4 652
2 4 652
0 5 653
1 5 653
2 5 653
0 6 654
1 6 654
2 6 654
0 7 655
1 7 655
2 7 655
0 8 656
1 8 656
2 8 656
0 9 657
1 9 657
2 9 657
0 10 658
1 10 658
2 10 658
0 11 659
1 11 659
2 11 659
0 12 660
1 12 660
2 12 660
0 3 661
1 3 661
2 3 661
0 4 662
1 4 662
2 4 662
0 5 663
1 5 663
2 5 663
0 6 664
1 6 664
2 6 664
0 7 665
1 7 665
2 7 665
0 8 666
1 8 666
2 8 666
0 9 667
1 9 667
2 9 667
0 10 668
1 10 668
2 10 668
0 11 669
1 11 669
2 11 669
0 12 670
1 12 670
2 12 670
0 3 671
1 3 671
2 3 671
0 4 672
1 4 672
2 4 672
0 5 673
1 5 673
2 5 673
0 6 674
1 6 674
2 6 674
0 7 675
1 7 675
2 7 675
0 8 676
1 8 676
2 8 676
0 9 677
1 9 677
2 9 677
0 10 678
1 10 678
2 10 678
0 11 679
1 11 679
2 11 679
0 12 680
1 12 680
2 12 680
0 3 681
1 3 681
2 3 681
0 4 682
1 4 682
2 4 682
0 5 683
1 5 683
2 5 683
0 6 684
1 6 684
2 6 684
0 7 685
1 7 685
2 7 685
0 8 686
1 8 686
2 8 686
0 9 687
1 9 687
2 9 687
0 10 688
1 10 688
2 10 688
0 11 689
1 11 689
2 11 689
0 12 690
1 12 690
2 12 690
0 3 691
1 3 691
2 3 691
0 4 692
1 4 692
2 4 692
0 5 693
1 5 693
2 5 693
0 6 694
1 6 694
2 6 694
0 7 695
1 7 695
2 7 695
0 8 696
1 8 696
2 8 696
0 9 697
1 9 697
2 9 697
0 10 698
1 10 698
2 10 698
0 11 699
1 11 699
2 11 699
0 12 700
1 12 700
2 12 700
0 3 701
1 3 701
2 3 701
0 4 702
1 4 702
2 4 702
0 5 703
1 5 703
2 5 703
0 6 704
1 6 704
2 6 704
0 7 705
1 7 705
2 7 705
0 8 706
1 8 706
2 8 706
0 9 707
1 9 707
2 9 707
0 10 708
1 10 708
2 10 708
0 11 709
1 11 709
2 11 709
0 12 710
1 12 710
2 12 710
0 3 711
1 3 711
2 3 711
0 4 712
1 4 712
2 4 712
0 5 713
1 5 713
2 5 713
0 6 714
1 6 714
2 6 714
0 7 715
1 7 715
2 7 715
0 8 716
1 8 716
2 8 716
0 9 717
1 9 717
2 9 717
0 10 718
1 10 718
2 10 718
0 11 719
1 11 719
2 11 719
0 12 720
1 12 720
2 12 720
0 3 721
1 3 721
2 3 721
0 4 722
1 4 722
2 4 722
0 5 723
1 5 723
2 5 723
0 6 724
1 6 724
2 6 724
0 7 725
1 7 725
2 7 725
0 8 726
1 8 726
2 8 726
0 9 727
1 9 727
2 9 727
0 10 728
1 10 728
2 10 728
0 11 729
1 11 729
2 11 729
0 12 730
1 12 730
2 12 730
0 3 731
1 3 731
2 3 731
0 4 732
1 4 732
2 4 732
0 5 733
1 5 733
2 5 733
0 6 734
1 6 734
2 6 734
0 7 735
1 7 735
2 7 735
0 8 736
1 8 736
2 8 736
0 9 737
1 9 737
2 9 737
0 10 738
1 10 738
2 10 738
0 11 739
1 11 739
2 11 739
0 12 740
1 12 740
2 12 740
0 3 741
1 3 741
2 3 741
0 4 742
1 4 742
2 4 742
0 5 743
1 5 743
2 5 743
0 6 744
1 6 744
2 6 744
0 7 745
1 7 745
2 7 745
0 8 746
1 8 746
2 8 746
0 9 747
1 9 747
2 9 747
0 10 748
1 10 748
2 10 748
0 11 749
1 11 749
2 11 749
0 12 750
1 12 750
2 12 750
0 3 751
1 3 751
2 3 751
0 4 752
1 4 752
2 4 752
0 5 753
1 5 753
2 5 753
0 6 754
1 6 754
2 6 754
0 7 755
1 7 755
2 7 755
0 8 756
1 8 756
2 8 756
0 9 757
1 9 757
2 9 757
0 10 758
1 10 758
2 10 758
0 11 759
1 11 759
2 11 759
0 12 760
1 12 760
2 12 760
0 3 761
1 3 761
2 3 761
0 4 762
1 4 762
2 4 762
0 5 763
1 5 763
2 5 763
0 6 764
1 6 764
2 6 764
0 7 765
1 7 765
2 7 765
0 8 766
1 8 766
2 8 766
0 9 767
1 9 767
2 9 767
0 10 768
1 10 768
2 10 768
0 11 769
1 11 769
2 11 769
0 12 770
1 12 770
2 12 770
0 3 771
1 3 771
2 3 771
0 4 772
1 4 772
2 4 772
0 5 773
1 5 773
2 5 773
0 6 774
1 6 774
2 6 774
0 7 775
1 7 775
2 7 775
0 8 776
1 8 776
2 8 776
0 9 777
1 9 777
2 9 777
0 10 778
1 10 778
2 10 778
0 11 779
1 11 779
2 11 779
0 12 780
1 12 780
2 12 780
0 3 781
1 3 781
2 3 781
0 4 782
1 4 782
2 4 782
0 5 783
1 5 783
2 5 783
0 6 784
1 6 784
2 6 784
0 7 785
1 7 785
2 7 785
0 8 786
1 8 786
2 8 786
0 9 787
1 9 787
2 9 787
0 10 788
1 10 788
2 10 788
0 11 789
1 11 789
2 11 789
0 12 790
1 12 790
2 12 790
0 3 791
1 3 791
2 3 791
0 4 792
1 4 792
2 4 792
0 5 793
1 5 793
2 5 793
0 6 794
1 6 794
2 6 794
0 7 795
1 7 795
2 7 795
0 8 796
1 8 796
2 8 796
0 9 797
1 9 797
2 9 797
0 10 798
1 10 798
2 10 798
0 11 799
1 11 799
2 11 799
0 12 800
1 12 800
2 12 800
0 3 801
1 3 801
2 3 801
0 4 802
1 4 802
2 4 802
0 5 803
1 5 803
2 5 803
0 6 804
1 6 804
2 6 804
0 7 805
1 7 805
2 7 805
0 8 806
1 8 806
2 8 806
0 9 807
1 9 807
2 9 807
0 10 808
1 10 808
2 10 808
0 11 809
1 11 809
2 11 809
0 12 810
1 12 810
2 12 810
0 3 811
1 3 811
2 3 811
0 4 812
1 4 812
2 4 812
0 5 813
1 5 813
2 5 813
0 6 814
1 6 814
2 6 814
0 7 815
1 7 815
2 7 815
0 8 816
1 8 816
2 8 816
0 9 817
1 9 817
2 9 817
0 10 818
1 10 818
2 10 818
0 11 819
1 11 819
2 11 819
0 12 820
1 12 820
2 12 820
0 3 821
1 3 821
2 3 821
0 4 822
1 4 822
2 4 822
0 5 823
1 5 823
2 5 823
0 6 824
1 6 824
2 6 824
0 7 825
1 7 825
2 7 825
0 8 826
1 8 826
2 8 826
0 9 827
1 9 827
2 9 827
0 10 828
1 10 828
2 10 828
0 11 829
1 11 829
2 11 829
0 12 830
1 12 830
2 12 830
0 3 831
1 3 831
2 3 831
0 4 832
1 4 832
2 4 832
0 5 833
1 5 833
2 5 833
0 6 834
1 6 834
2 6 834
0 7 835
1 7 835
2 7 835
0 8 836
1 8 836
2 8 836
0 9 837
1 9 837
2 9 837
0 10 838
1 10 838
2 10 838
0 11 839
1 11 839
2 11 839
0 12 840
1 12 840
2 12 840
0 3 841
1 3 841
2 3 841
0 4 842
1 4 842
2 4 842
0 5 843
1 5 843
2 5 843
0 6 844
1 6 844
2 6 844
0 7 845
1 7 845
2 7 845
0 8 846
1 8 846
2 8 846
0 9 847
1 9 847
2 9 847
0 10 848
1 10 848
2 10 848
0 11 849
1 11 849
2 11 849
0 12 850
1 12 850
2 12 850
0 3 851
1 3 851
2 3 851
0 4 852
1 4 852
2 4 852
0 5 853
1 5 853
2 5 853
0 6 854
1 6 854
2 6 854
0 7 855
1 7 855
2 7 855
0 8 856
1 8 856
2 8 856
0 9 857
1 9 857
2 9 857
0 10 858
1 10 858
2 10 858
0 11 859
1 11 859
2 11 859
0 12 860
1 12 860
2 12 860
0 3 861
1 3 861
2 3 861
0 4 862
1 4 862
2 4 862
0 5 863
1 5 863
2 5 863
0 6 864
1 6 864
2 6 864
0 7 865
1 7 865
2 7 865
0 8 866
1 8 866
2 8 866
0 9 867
1 9 867
2 9 867
0 10 868
1 10 868
2 10 868
0 11 869
1 11 869
2 11 869
0 12 870
1 12 870
2 12 870
0 3 871
1 3 871
2 3 871
0 4 872
1 4 872
2 4 872
0 5 873
1 5 873
2 5 873
0 6 874
1 6 874
2 6 874
0 7 875
1 7 875
2 7 875
0 8 876
1 8 876
2 8 876
0 9 877
1 9 877
2 9 877
0 10 878
1 10 878
2 10 878
0 11 879
1 11 879
2 11 879
0 12 880
1 12 880
2 12 880
0 3 881
1 3 881
2 3 881
0 4 882
1 4 882
2 4 882
0 5 883
1 5 883
2 5 883
0 6 884
1 6 884
2 6 884
0 7 885
1 7 885
2 7 885
0 8 886
1 8 886
2 8 886
0 9 887
1 9 887
2 9 887
0 10 888
1 10 888
2 10 888
0 11 889
1 11 889
2 11 889
0 12 890
1 12 890
2 12 890
0 3 891
1 3 891
2 3 891
0 4 892
1 4 892
2 4 892
0 5 893
1 5 893
2 5 893
0 6 894
1 6 894
2 6 894
0 7 895
1 7 895
2 7 895
0 8 896
1 8 896
2 8 896
0 9 897
1 9 897
2 9 897
0 10 898
1 10 898
2 10 898
0 11 899
1 11 899
2 11 899
0 12 900
1 12 900
2 12 900
0 3 901
1 3 901
2 3 901
0 4 902
1 4 902
2 4 902
0 5 903
1 5 903
2 5 903
0 6 904
1 6 904
2 6 904
0 7 905
1 7 905
2 7 905
0 8 906
1 8 906
2 8 906
0 9 907
1 9 907
2 9 907
0 10 908
1 10 908
2 10 908
0 11 909
1 11 909
2 11 909
0 12 910
1 12 910
2 12 910
0 3 911
1 3 911
2 3 911
0 4 912
1 4 912
2 4 912
0 5 913
1 5 913
2 5 913
0 6 914
1 6 914
2 6 914
0 7 915
1 7 915
2 7 915
0 8 916
1 8 916
2 8 916
0 9 917
1 9 917
2 9 917
0 10 918
1 10 918
2 10 918
0 11 919
1 11 919
2 11 919
0 12 920
1 12 920
2 12 920
0 3 921
1 3 921
2 3 921
0 4 922
1 4 922
2 4 922
0 5 923
1 5 923
2 5 923
0 6 924
1 6 924
2 6 924
0 7 925
1 7 925
2 7 925
0 8 926
1 8 926
2 8 926
0 9 927
1 9 927
2 9 927
0 10 928
1 10 928
2 10 928
0 11 929
1 11 929
2 11 929
0 12 930
1 12 930
2 12 930
0 3 931
1 3 931
2 3 931
0 4 932
1 4 932
2 4 932
0 5 933
1 5 933
2 5 933
0 6 934
1 6 934
2 6 934
0 7 935
1 7 935
2 7 935
0 8 936
1 8 936
2 8 936
0 9 937
1 9 937
2 9 937
0 10 938
1 10 938
2 10 938
0 11 939
1 11 939
2 11 939
0 12 940
1 12 940
2 12 940
0 3 941
1 3 941
2 3 941
0 4 942
1 4 942
2 4 942
0 5 943
1 5 943
2 5 943
0 6 944
1 6 944
2 6 944
0 7 945
1 7 945
2 7 945
0 8 946
1 8 946
2 8 946
0 9 947
1 9 947
2 9 947
0 10 948
1 10 948
2 10 948
0 11 949
1 11 949
2 11 949
0 12 950
1 12 950
2 12 950
0 3 951
1 3 951
2 3 951
0 4 952
1 4 952
2 4 952
0 5 953
1 5 953
2 5 953
0 6 954
1 6 954
2 6 954
0 7 955
1 7 955
2 7 955
0 8 956
1 8 956
2 8 956
0 9 957
1 9 957
2 9 957
0 10 958
1 10 958
2 10 958
0 11 959
1 11 959
2 11 959
0 12 960
1 12 960
2 12 960
0 3 961
1 3 961
2 3 961
0 4 962
1 4 962
2 4 962
0 5 963
1 5 963
2 5 963
0 6 964
1 6 964
2 6 964
0 7 965
1 7 965
2 7 965
0 8 966
1 8 966
2 8 966
0 9 967
1 9 967
2 9 967
0 10 968
1 10 968
2 10 968
0 11 969
1 11 969
2 11 969
0 12 970
1 12 970
2 12 970
0 3 971
1 3 971
2 3 971
0 4 972
1 4 972
2 4 972
0 5 973
1 5 973
2 5 973
0 6 974
1 6 974
2 6 974
0 7 975
1 7 975
2 7 975
0 8 976
1 8 976
2 8 976
0 9 977
1 9 977
2 9 977
0 10 978
1 10 978
2 10 978
0 11 979
1 11 979
2 11 979
0 12 980
1 12 980
2 12 980
0 3 981
1 3 981
2 3 981
0 4 982
1 4 982
2 4 982
0 5 983
1 5 983
2 5 983
0 6 984
1 6 984
2 6 984
0 7 985
1 7 985
2 7 985
0 8 986
1 8 986
2 8 986
0 9 987
1 9 987
2 9 987
0 10 988
1 10 988
2 10 988
0 11 989
1 11 989
2 11 989
0 12 990
1 12 990
2 12 990
0 3 991
1 3 991
2 3 991
0 4 992
1 4 992
2 4 992
0 5 993
1 5 993
2 5 993
0 6 994
1 6 994
2 6 994
0 7 995
1 7 995
2 7 995
0 8 996
1 8 996
2 8 996
0 9 997
1 9 997
2 9 997
0 10 998
1 10 998
2 10 998
0 11 999
1 11 999
2 11 999
0 12 1000
1 12 1000
2 12 1000
0 3 1001
1 3 1001
2 3 1001
0 4 1002
1 4 1002
2 4 1002
0 5 1003
1 5 1003
2 5 1003
0 6 1004
1 6 1004
2 6 1004
0 7 1005
1 7 1005
2 7 1005
0 8 1006
1 8 1006
2 8 1006
0 9 1007
1 9 1007
2 9 1007
0 10 1008
1 10 1008
2 10 1008
0 11 1009
1 11 1009
2 11 1009
0 12 1010
1 12 1010
2 12 1010
0 3 1011
1 3 1011
2 3 1011
0 4 1012
1 4 1012
2 4 1012
0 5 1013
1 5 1013
2 5 1013
0 6 1014
1 6 1014
2 6 1014
0 7 1015
1 7 1015
2 7 1015
0 8 1016
1 8 1016
2 8 1016
0 9 1017
1 9 1017
2 9 1017
0 10 1018
1 10 1018
2 10 1018
0 11 1019
1 11 1019
2 11 1019
0 12 1020
1 12 1020
2 12 1020
0 3 1021
1 3 1021
2 3 1021
0 4 1022
1 4 1022
2 4 1022
0 5 1023
1 5 1023
2 5 1023
0 6 1024
1 6 1024
2 6 1024
0 7 1025
1 7 1025
2 7 1025
0 8 1026
1 8 1026
2 8 1026
0 9 1027
1 9 1027
2 9 1027
0 10 1028
1 10 1028
2 10 1028
0 11 1029
1 11 1029
2 11 1029
0 12 1030
1 12 1030
2 12 1030
0 3 1031
1 3 1031
2 3 1031
0 4 1032
1 4 1032
2 4 1032
0 5 1033
1 5 1033
2 5 1033
0 6 1034
1 6 1034
2 6 1034
0 7 1035
1 7 1035
2 7 1035
0 8 1036
1 8 1036
2 8 1036
0 9 1037
1 9 1037
2 9 1037
0 10 1038
1 10 1038
2 10 1038
0 11 1039
1 11 1039
2 11 1039
0 12 1040
1 12 1040
2 12 1040
0 3 1041
1 3 1041
2 3 1041
0 4 1042
1 4 1042
2 4 1042
0 5 1043
1 5 1043
2 5 1043
0 6 1044
1 6 1044
2 6 1044
0 7 1045
1 7 1045
2 7 1045
0 8 1046
1 8 1046
2 8 1046
0 9 1047
1 9 1047
2 9 1047
0 10 1048
1 10 1048
2 10 1048
0 11 1049
1 11 1049
2 11 1049
0 12 1050
1 12 1050
2 12 1050
0 3 1051
1 3 1051
2 3 1051
0 4 1052
1 4 1052
2 4 1052
0 5 1053
1 5 1053
2 5 1053
0 6 1054
1 6 1054
2 6 1054
0 7 1055
1 7 1055
2 7 1055
0 8 1056
1 8 1056
2 8 1056
0 9 1057
1 9 1057
2 9 1057
0 10 1058
1 10 1058
2 10 1058
0 11 1059
1 11 1059
2 11 1059
0 12 1060
1 12 1060
2 12 1060
0 3 1061
1 3 1061
2 3 1061
0 4 1062
1 4 1062
2 4 1062
0 5 1063
1 5 1063
2 5 1063
0 6 1064
1 6 1064
2 6 1064
0 7 1065
1 7 1065
2 7 1065
0 8 1066
1 8 1066
2 8 1066
0 9 1067
1 9 1067
2 9 1067
0 10 1068
1 10 1068
2 10 1068
0 11 1069
1 11 1069
2 11 1069
0 12 1070
1 12 1070
2 12 1070
0 3 1071
1 3 1071
2 3 1071
0 4 1072
1 4 1072
2 4 1072
0 5 1073
1 5 1073
2 5 1073
0 6 1074
1 6 1074
2 6 1074
0 7 1075
1 7 1075
2 7 1075
0 8 1076
1 8 1076
2 8 1076
0 9 1077
1 9 1077
2 9 1077
0 10 1078
1 10 1078
2 10 1078
0 11 1079
1 11 1079
2 11 1079
0 12 1080
1 12 1080
2 12 1080
0 3 1081
1 3 1081
2 3 1081
0 4 1082
1 4 1082
2 4 1082
0 5 1083
1 5 1083
2 5 1083
0 6 1084
1 6 1084
2 6 1084
0 7 1085
1 7 1085
2 7 1085
0 8 1086
1 8 1086
2 8 1086
0 9 1087
1 9 1087
2 9 1087
0 10 1088
1 10 1088
2 10 1088
0 11 1089
1 11 1089
2 11 1089
0 12 1090
1 12 1090
2 12 1090
0 3 1091
1 3 1091
2 3 1091
0 4 1092
1 4 1092
2 4 1092
0 5 1093
1 5 1093
2 5 1093
0 6 1094
1 6 1094
2 6 1094
0 7 1095
1 7 1095
2 7 1095
0 8 1096
1 8 1096
2 8 1096
0 9 1097
1 9 1097
2 9 1097
0 10 1098
1 10 1098
2 10 1098
0 11 1099
1 11 1099
2 11 1099
0 12 1100
1 12 1100
2 12 1100
0 3 1101
1 3 1101
2 3 1101
0 4 1102
1 4 1102
2 4 1102
0 5 1103
1 5 1103
2 5 1103
0 6 1104
1 6 1104
2 6 1104
0 7 1105
1 7 1105
2 7 1105
0 8 1106
1 8 1106
2 8 1106
0 9 1107
1 9 1107
2 9 1107
0 10 1108
1 10 1108
2 10 1108
0 11 1109
1 11 1109
2 11 1109
0 12 1110
1 12 1110
2 12 1110
0 3 1111
1 3 1111
2 3 1111
0 4 1112
1 4 1112
2 4 1112
0 5 1113
1 5 1113
2 5 1113
0 6 1114
1 6 1114
2 6 1114
0 7 1115
1 7 1115
2 7 1115
0 8 1116
1 8 1116
2 8 1116
0 9 1117
1 9 1117
2 9 1117
0 10 1118
1 10 1118
2 10 1118
0 11 1119
1 11 1119
2 11 1119
0 12 1120
1 12 1120
2 12 1120
0 3 1121
1 3 1121
2 3 1121
0 4 1122
1 4 1122
2 4 1122
0 5 1123
1 5 1123
2 5 1123
0 6 1124
1 6 1124
2 6 1124
0 7 1125
1 7 1125
2 7 1125
0 8 1126
1 8 1126
2 8 1126
0 9 1127
1 9 1127
2 9 1127
0 10 1128
1 10 1128
2 10 1128
0 11 1129
1 11 1129
2 11 1129
0 12 1130
1 12 1130
2 12 1130
0 3 1131
1 3 1131
2 3 1131
0 4 1132
1 4 1132
2 4 1132
0 5 1133
1 5 1133
2 5 1133
0 6 1134
1 6 1134
2 6 1134
0 7 1135
1 7 1135
2 7 1135
0 8 1136
1 8 1136
2 8 1136
0 9 1137
1 9 1137
2 9 1137
0 10 1138
1 10 1138
2 10 1138
0 11 1139
1 11 1139
2 11 1139
0 12 1140
1 12 1140
2 12 1140
0 3 1141
1 3 1141
2 3 1141
0 4 1142
1 4 1142
2 4 1142
0 5 1143
1 5 1143
2 5 1143
0 6 1144
1 6 1144
2 6 1144
0 7 1145
1 7 1145
2 7 1145
0 8 1146
1 8 1146
2 8 1146
0 9 1147
1 9 1147
2 9 1147
0 10 1148
1 10 1148
2 10 1148
0 11 1149
1 11 1149
2 11 1149
0 12 1150
1 12 1150
2 12 1150
0 3 1151
1 3 1151
2 3 1151
0 4 1152
1 4 1152
2 4 1152
0 5 1153
1 5 1153
2 5 1153
0 6 1154
1 6 1154
2 6 1154
0 7 1155
1 7 1155
2 7 1155
0 8 1156
1 8 1156
2 8 1156
0 9 1157
1 9 1157
2 9 1157
0 10 1158
1 10 1158
2 10 1158
0 11 1159
1 11 1159
2 11 1159
0 12 1160
1 12 1160
2 12 1160
0 3 1161
1 3 1161
2 3 1161
0 4 1162
1 4 1162
2 4 1162
0 5 1163
1 5 1163
2 5 1163
0 6 1164
1 6 1164
2 6 1164
0 7 1165
1 7 1165
2 7 1165
0 8 1166
1 8 1166
2 8 1166
0 9 1167
1 9 1167
2 9 1167
0 10 1168
1 10 1168
2 10 1168
0 11 1169
1 11 1169
2 11 1169
0 12 1170
1 12 1170
2 12 1170
0 3 1171
1 3 1171
2 3 1171
0 4 1172
1 4 1172
2 4 1172
0 5 1173
1 5 1173
2 5 1173
0 6 1174
1 6 1174
2 6 1174
0 7 1175
1 7 1175
2 7 1175
0 8 1176
1 8 1176
2 8 1176
0 9 1177
1 9 1177
2 9 1177
0 10 1178
1 10 1178
2 10 1178
0 11 1179
1 11 1179
2 11 1179
0 12 1180
1 12 1180
2 12 1180
0 3 1181
1 3 1181
2 3 1181
0 4 1182
1 4 1182
2 4 1182
0 5 1183
1 5 1183
2 5 1183
0 6 1184
1 6 1184
2 6 1184
0 7 1185
1 7 1185
2 7 1185
0 8 1186
1 8 1186
2 8 1186
0 9 1187
1 9 1187
2 9 1187
0 10 1188
1 10 1188
2 10 1188
0 11 1189
1 11 1189
2 11 1189
0 12 1190
1 12 1190
2 12 1190
0 3 1191
1 3 1191
2 3 1191
0 4 1192
1 4 1192
2 4 1192
0 5 1193
1 5 1193
2 5 1193
0 6 1194
1 6 1194
2 6 1194
0 7 1195
1 7 1195
2 7 1195
0 8 1196
1 8 1196
2 8 1196
0 9 1197
1 9 1197
2 9 1197
0 10 1198
1 10 1198
2 10 1198
0 11 1199
1 11 1199
2 11 1199
0 12 1200
1 12 1200
2 12 1200
0 3 1201
1 3 1201
2 3 1201
0 4 1202
1 4 1202
2 4 1202
0 5 1203
1 5 1203
2 5 1203
0 6 1204
1 6 1204
2 6 1204
0 7 1205
1 7 1205
2 7 1205
0 8 1206
1 8 1206
2 8 1206
0 9 1207
1 9 1207
2 9 1207
0 10 1208
1 10 1208
2 10 1208
0 11 1209
1 11 1209
2 11 1209
0 12 1210
1 12 1210
2 12 1210
0 3 1211
1 3 1211
2 3 1211
0 4 1212
1 4 1212
2 4 1212
0 5 1213
1 5 1213
2 5 1213
0 6 1214
1 6 1214
2 6 1214
0 7 1215
1 7 1215
2 7 1215
0 8 1216
1 8 1216
2 8 1216
0 9 1217
1 9 1217
2 9 1217
0 10 1218
1 10 1218
2 10 1218
0 11 1219
1 11 1219
2 11 1219
0 12 1220
1 12 1220
2 12 1220
0 3 1221
1 3 1221
2 3 1221
0 4 1222
1 4 1222
2 4 1222
0 5 1223
1 5 1223
2 5 1223
0 6 1224
1 6 1224
2 6 1224
0 7 1225
1 7 1225
2 7 1225
0 8 1226
1 8 1226
2 8 1226
0 9 1227
1 9 1227
2 9 1227
0 10 1228
1 10 1228
2 10 1228
0 11 1229
1 11 1229
2 11 1229
0 12 1230
1 12 1230
2 12 1230
0 3 1231
1 3 1231
2 3 1231
0 4 1232
1 4 1232
2 4 1232
0 5 1233
1 5 1233
2 5 1233
0 6 1234
1 6 1234
2 6 1234
0 7 1235
1 7 1235
2 7 1235
0 8 1236
1 8 1236
2 8 1236
0 9 1237
1 9 1237
2 9 1237
0 10 1238
1 10 1238
2 10 1238
0 11 1239
1 11 1239
2 11 1239
0 12 1240
1 12 1240
2 12 1240
0 3 1241
1 3 1241
2 3 1241
0 4 1242
1 4 1242
2 4 1242
0 5 1243
1 5 1243
2 5 1243
0 6 1244
1 6 1244
2 6 1244
0 7 1245
1 7 1245
2 7 1245
0 8 1246
1 8 1246
2 8 1246
0 9 1247
1 9 1247
2 9 1247
0 10 1248
1 10 1248
2 10 1248
0 11 1249
1 11 1249
2 11 1249
0 12 1250
1 12 1250
2 12 1250
0 3 1251
1 3 1251
2 3 1251
0 4 1252
1 4 1252
2 4 1252
0 5 1253
1 5 1253
2 5 1253
0 6 1254
1 6 1254
2 6 1254
0 7 1255
1 7 1255
2 7 1255
0 8 1256
1 8 1256
2 8 1256
0 9 1257
1 9 1257
2 9 1257
0 10 1258
1 10 1258
2 10 1258
0 11 1259
1 11 1259
2 11 1259
0 12 1260
1 12 1260
2 12 1260
0 3 1261
1 3 1261
2 3 1261
0 4 1262
1 4 1262
2 4 1262
0 5 1263
1 5 1263
2 5 1263
0 6 1264
1 6 1264
2 6 1264
0 7 1265
1 7 1265
2 7 1265
0 8 1266
1 8 1266
2 8 1266
0 9 1267
1 9 1267
2 9 1267
0 10 1268
1 10 1268
2 10 1268
0 11 1269
1 11 1269
2 11 1269
0 12 1270
1 12 1270
2 12 1270
0 3 1271
1 3 1271
2 3 1271
0 4 1272
1 4 1272
2 4 1272
0 5 1273
1 5 1273
2 5 1273
0 6 1274
1 6 1274
2 6 1274
0 7 1275
1 7 1275
2 7 1275
0 8 1276
1 8 1276
2 8 1276
0 9 1277
1 9 1277
2 9 1277
0 10 1278
1 10 1278
2 10 1278
0 11 1279
1 11 1279
2 11 1279
0 12 1280
1 12 1280
2 12 1280
0 3 1281
1 3 1281
2 3 1281
0 4 1282
1 4 1282
2 4 1282
0 5 1283
1 5 1283
2 5 1283
0 6 1284
1 6 1284
2 6 1284
0 7 1285
1 7 1285
2 7 1285
0 8 1286
1 8 1286
2 8 1286
0 9 1287
1 9 1287
2 9 1287
0 10 1288
1 10 1288
2 10 1288
0 11 1289
1 11 1289
2 11 1289
0 12 1290
1 12 1290
2 12 1290
0 3 1291
1 3 1291
2 3 1291
0 4 1292
1 4 1292
2 4 1292
0 5 1293
1 5 1293
2 5 1293
0 6 1294
1 6 1294
2 6 1294
0 7 1295
1 7 1295
2 7 1295
0 8 1296
1 8 1296
2 8 1296
0 9 1297
1 9 1297
2 9 1297
0 10 1298
1 10 1298
2 10 1298
0 11 1299
1 11 1299
2 11 1299
0 12 1300
1 12 1300
2 12 1300
0 3 1301
1 3 1301
2 3 1301
0 4 1302
1 4 1302
2 4 1302
0 5 1303
1 5 1303
2 5 1303
0 6 1304
1 6 1304
2 6 1304
0 7 1305
1 7 1305
2 7 1305
0 8 1306
1 8 1306
2 8 1306
0 9 1307
1 9 1307
2 9 1307
0 10 1308
1 10 1308
2 10 1308
0 11 1309
1 11 1309
2 11 1309
0 12 1310
1 12 1310
2 12 1310
0 3 1311
1 3 1311
2 3 1311
0 4 1312
1 4 1312
2 4 1312
0 5 1313
1 5 1313
2 5 1313
0 6 1314
1 6 1314
2 6 1314
0 7 1315
1 7 1315
2 7 1315
0 8 1316
1 8 1316
2 8 1316
0 9 1317
1 9 1317
2 9 1317
0 10 1318
1 10 1318
2 10 1318
0 11 1319
1 11 1319
2 11 1319
0 12 1320
1 12 1320
2 12 1320
0 3 1321
1 3 1321
2 3 1321
0 4 1322
1 4 1322
2 4 1322
0 5 1323
1 5 1323
2 5 1323
0 6 1324
1 6 1324
2 6 1324
0 7 1325
1 7 1325
2 7 1325
0 8 1326
1 8 1326
2 8 1326
0 9 1327
1 9 1327
2 9 1327
0 10 1328
1 10 1328
2 10 1328
0 11 1329
1 11 1329
2 11 1329
0 12 1330
1 12 1330
2 12 1330
0 3 1331
1 3 1331
2 3 1331
0 4 1332
1 4 1332
2 4 1332
0 5 1333
1 5 1333
2 5 1333
0 6 1334
1 6 1334
2 6 1334
0 7 1335
1 7 1335
2 7 1335
0 8 1336
1 8 1336
2 8 1336
0 9 1337
1 9 1337
2 9 1337
0 10 1338
1 10 1338
2 10 1338
0 11 1339
1 11 1339
2 11 1339
0 12 1340
1 12 1340
2 12 1340
0 3 1341
1 3 1341
2 3 1341
0 4 1342
1 4 1342
2 4 1342
0 5 1343
1 5 1343
2 5 1343
0 6 1344
1 6 1344
2 6 1344
0 7 1345
1 7 1345
2 7 1345
0 8 1346
1 8 1346
2 8 1346
0 9 1347
1 9 1347
2 9 1347
0 10 1348
1 10 1348
2 10 1348
0 11 1349
1 11 1349
2 11 1349
0 12 1350
1 12 1350
2 12 1350
0 3 1351
1 3 1351
2 3 1351
0 4 1352
1 4 1352
2 4 1352
0 5 1353
1 5 1353
2 5 1353
0 6 1354
1 6 1354
2 6 1354
0 7 1355
1 7 1355
2 7 1355
0 8 1356
1 8 1356
2 8 1356
0 9 1357
1 9 1357
2 9 1357
0 10 1358
1 10 1358
2 10 1358
0 11 1359
1 11 1359
2 11 1359
0 12 1360
1 12 1360
2 12 1360
0 3 1361
1 3 1361
2 3 1361
0 4 1362
1 4 1362
2 4 1362
0 5 1363
1 5 1363
2 5 1363
0 6 1364
1 6 1364
2 6 1364
0 7 1365
1 7 1365
2 7 1365
0 8 1366
1 8 1366
2 8 1366
0 9 1367
1 9 1367
2 9 1367
0 10 1368
1 10 1368
2 10 1368
0 11 1369
1 11 1369
2 11 1369
0 12 1370
1 12 1370
2 12 1370
0 3 1371
1 3 1371
2 3 1371
0 4 1372
1 4 1372
2 4 1372
0 5 1373
1 5 1373
2 5 1373
0 6 1374
1 6 1374
2 6 1374
0 7 1375
1 7 1375
2 7 1375
0 8 1376
1 8 1376
2 8 1376
0 9 1377
1 9 1377
2 9 1377
0 10 1378
1 10 1378
2 10 1378
0 11 1379
1 11 1379
2 11 1379
0 12 1380
1 12 1380
2 12 1380
0 3 1381
1 3 1381
2 3 1381
0 4 1382
1 4 1382
2 4 1382
0 5 1383
1 5 1383
2 5 1383
0 6 1384
1 6 1384
2 6 1384
0 7 1385
1 7 1385
2 7 1385
0 8 1386
1 8 1386
2 8 1386
0 9 1387
1 9 1387
2 9 1387
0 10 1388
1 10 1388
2 10 1388
0 11 1389
1 11 1389
2 11 1389
0 12 1390
1 12 1390
2 12 1390
0 3 1391
1 3 1391
2 3 1391
0 4 1392
1 4 1392
2 4 1392
0 5 1393
1 5 1393
2 5 1393
0 6 1394
1 6 1394
2 6 1394
0 7 1395
1 7 1395
2 7 1395
0 8 1396
1 8 1396
2 8 1396
0 9 1397
1 9 1397
2 9 1397
0 10 1398
1 10 1398
2 10 1398
0 11 1399
1 11 1399
2 11 1399
0 12 1400
1 12 1400
2 12 1400
0 3 1401
1 3 1401
2 3 1401
0 4 1402
1 4 1402
2 4 1402
0 5 1403
1 5 1403
2 5 1403
0 6 1404
1 6 1404
2 6 1404
0 7 1405
1 7 1405
2 7 1405
0 8 1406
1 8 1406
2 8 1406
0 9 1407
1 9 1407
2 9 1407
0 10 1408
1 10 1408
2 10 1408
0 11 1409
1 11 1409
2 11 1409
0 12 1410
1 12 1410
2 12 1410
0 3 1411
1 3 1411
2 3 1411
0 4 1412
1 4 1412
2 4 1412
0 5 1413
1 5 1413
2 5 1413
0 6 1414
1 6 1414
2 6 1414
0 7 1415
1 7 1415
2 7 1415
0 8 1416
1 8 1416
2 8 1416
0 9 1417
1 9 1417
2 9 1417
0 10 1418
1 10 1418
2 10 1418
0 11 1419
1 11 1419
2 11 1419
0 12 1420
1 12 1420
2 12 1420
0 3 1421
1 3 1421
2 3 1421
0 4 1422
1 4 1422
2 4 1422
0 5 1423
1 5 1423
2 5 1423
0 6 1424
1 6 1424
2 6 1424
0 7 1425
1 7 1425
2 7 1425
0 8 1426
1 8 1426
2 8 1426
0 9 1427
1 9 1427
2 9 1427
0 10 1428
1 10 1428
2 10 1428
0 11 1429
1 11 1429
2 11 1429
0 12 1430
1 12 1430
2 12 1430
0 3 1431
1 3 1431
2 3 1431
0 4 1432
1 4 1432
2 4 1432
0 5 1433
1 5 1433
2 5 1433
0 6 1434
1 6 1434
2 6 1434
0 7 1435
1 7 1435
2 7 1435
0 8 1436
1 8 1436
2 8 1436
0 9 1437
1 9 1437
2 9 1437
0 10 1438
1 10 1438
2 10 1438
0 11 1439
1 11 1439
2 11 1439
0 12 1440
1 12 1440
2 12 1440
0 3 1441
1 3 1441
2 3 1441
0 4 1442
1 4 1442
2 4 1442
0 5 1443
1 5 1443
2 5 1443
0 6 1444
1 6 1444
2 6 1444
0 7 1445
1 7 1445
2 7 1445
0 8 1446
1 8 1446
2 8 1446
0 9 1447
1 9 1447
2 9 1447
0 10 1448
1 10 1448
2 10 1448
0 11 1449
1 11 1449
2 11 1449
0 12 1450
1 12 1450
2 12 1450
0 3 1451
1 3 1451
2 3 1451
0 4 1452
1 4 1452
2 4 1452
0 5 1453
1 5 1453
2 5 1453
0 6 1454
1 6 1454
2 6 1454
0 7 1455
1 7 1455
2 7 1455
0 8 1456
1 8 1456
2 8 1456
0 9 1457
1 9 1457
2 9 1457
0 10 1458
1 10 1458
2 10 1458
0 11 1459
1 11 1459
2 11 1459
0 12 1460
1 12 1460
2 12 1460
0 3 1461
1 3 1461
2 3 1461
0 4 1462
1 4 1462
2 4 1462
0 5 1463
1 5 1463
2 5 1463
0 6 1464
1 6 1464
2 6 1464
0 7 1465
1 7 1465
2 7 1465
0 8 1466
1 8 1466
2 8 1466
0 9 1467
1 9 1467
2 9 1467
0 10 1468
1 10 1468
2 10 1468
0 11 1469
1 11 1469
2 11 1469
0 12 1470
1 12 1470
2 12 1470
0 3 1471
1 3 1471
2 3 1471
0 4 1472
1 4 1472
2 4 1472
0 5 1473
1 5 1473
2 5 1473
0 6 1474
1 6 1474
2 6 1474
0 7 1475
1 7 1475
2 7 1475
0 8 1476
1 8 1476
2 8 1476
0 9 1477
1 9 1477
2 9 1477
0 10 1478
1 10 1478
2 10 1478
0 11 1479
1 11 1479
2 11 1479
0 12 1480
1 12 1480
2 12 1480
0 3 1481
1 3 1481
2 3 1481
0 4 1482
1 4 1482
2 4 1482
0 5 1483
1 5 1483
2 5 1483
0 6 1484
1 6 1484
2 6 1484
0 7 1485
1 7 1485
2 7 1485
0 8 1486
1 8 1486
2 8 1486
0 9 1487
1 9 1487
2 9 1487
0 10 1488
1 10 1488
2 10 1488
0 11 1489
1 11 1489
2 11 1489
0 12 1490
1 12 1490
2 12 1490
0 3 1491
1 3 1491
2 3 1491
0 4 1492
1 4 1492
2 4 1492
0 5 1493
1 5 1493
2 5 1493
0 6 1494
1 6 1494
2 6 1494
0 7 1495
1 7 1495
2 7 1495
0 8 1496
1 8 1496
2 8 1496
0 9 1497
1 9 1497
2 9 1497
0 10 1498
1 10 1498
2 10 1498
0 11 1499
1 11 1499
2 11 1499
0 12 1500
1 12 1500
2 12 1500
0 3 1501
1 3 1501
2 3 1501
0 4 1502
1 4 1502
2 4 1502
0 5 1503
1 5 1503
2 5 1503
0 6 1504
1 6 1504
2 6 1504
0 7 1505
1 7 1505
2 7 1505
0 8 1506
1 8 1506
2 8 1506
0 9 1507
1 9 1507
2 9 1507
0 10 1508
1 10 1508
2 10 1508
0 11 1509
1 11 1509
2 11 1509
0 12 1510
1 12 1510
2 12 1510
0 3 1511
1 3 1511
2 3 1511
0 4 1512
1 4 1512
2 4 1512
0 5 1513
1 5 1513
2 5 1513
0 6 1514
1 6 1514
2 6 1514
0 7 1515
1 7 1515
2 7 1515
0 8 1516
1 8 1516
2 8 1516
0 9 1517
1 9 1517
2 9 1517
0 10 1518
1 10 1518
2 10 1518
0 11 1519
1 11 1519
2 11 1519
0 12 1520
1 12 1520
2 12 1520
0 3 1521
1 3 1521
2 3 1521
0 4 1522
1 4 1522
2 4 1522
0 5 1523
1 5 1523
2 5 1523
0 6 1524
1 6 1524
2 6 1524
0 7 1525
1 7 1525
2 7 1525
0 8 1526
1 8 1526
2 8 1526
0 9 1527
1 9 1527
2 9 1527
0 10 1528
1 10 1528
2 10 1528
0 11 1529
1 11 1529
2 11 1529
0 12 1530
1 12 1530
2 12 1530
0 3 1531
1 3 1531
2 3 1531
0 4 1532
1 4 1532
2 4 1532
0 5 1533
1 5 1533
2 5 1533
0 6 1534
1 6 1534
2 6 1534
0 7 1535
1 7 1535
2 7 1535
0 8 1536
1 8 1536
2 8 1536
0 9 1537
1 9 1537
2 9 1537
0 10 1538
1 10 1538
2 10 1538
0 11 1539
1 11 1539
2 11 1539
0 12 1540
1 12 1540
2 12 1540
0 3 1541
1 3 1541
2 3 1541
0 4 1542
1 4 1542
2 4 1542
0 5 1543
1 5 1543
2 5 1543
0 6 1544
1 6 1544
2 6 1544
0 7 1545
1 7 1545
2 7 1545
0 8 1546
1 8 1546
2 8 1546
0 9 1547
1 9 1547
2 9 1547
0 10 1548
1 10 1548
2 10 1548
0 11 1549
1 11 1549
2 11 1549
0 12 1550
1 12 1550
2 12 1550
0 3 1551
1 3 1551
2 3 1551
0 4 1552
1 4 1552
2 4 1552
0 5 1553
1 5 1553
2 5 1553
0 6 1554
1 6 1554
2 6 1554
0 7 1555
1 7 1555
2 7 1555
0 8 1556
1 8 1556
2 8 1556
0 9 1557
1 9 1557
2 9 1557
0 10 1558
1 10 1558
2 10 1558
0 11 1559
1 11 1559
2 11 1559
0 12 1560
1 12 1560
2 12 1560
0 3 1561
1 3 1561
2 3 1561
0 4 1562
1 4 1562
2 4 1562
0 5 1563
1 5 1563
2 5 1563
0 6 1564
1 6 1564
2 6 1564
0 7 1565
1 7 1565
2 7 1565
0 8 1566
1 8 1566
2 8 1566
0 9 1567
1 9 1567
2 9 1567
0 10 1568
1 10 1568
2 10 1568
0 11 1569
1 11 1569
2 11 1569
0 12 1570
1 12 1570
2 12 1570
0 3 1571
1 3 1571
2 3 1571
0 4 1572
1 4 1572
2 4 1572
0 5 1573
1 5 1573
2 5 1573
0 6 1574
1 6 1574
2 6 1574
0 7 1575
1 7 1575
2 7 1575
0 8 1576
1 8 1576
2 8 1576
0 9 1577
1 9 1577
2 9 1577
0 10 1578
1 10 1578
2 10 1578
0 11 1579
1 11 1579
2 11 1579
0 12 1580
1 12 1580
2 12 1580
0 3 1581
1 3 1581
2 3 1581
0 4 1582
1 4 1582
2 4 1582
0 5 1583
1 5 1583
2 5 1583
0 6 1584
1 6 1584
2 6 1584
0 7 1585
1 7 1585
2 7 1585
0 8 1586
1 8 1586
2 8 1586
0 9 1587
1 9 1587
2 9 1587
0 10 1588
1 10 1588
2 10 1588
0 11 1589
1 11 1589
2 11 1589
0 12 1590
1 12 1590
2 12 1590
0 3 1591
1 3 1591
2 3 1591
0 4 1592
1 4 1592
2 4 1592
0 5 1593
1 5 1593
2 5 1593
0 6 1594
1 6 1594
2 6 1594
0 7 1595
1 7 1595
2 7 1595
0 8 1596
1 8 1596
2 8 1596
0 9 1597
1 9 1597
2 9 1597
0 10 1598
1 10 1598
2 10 1598
0 11 1599
1 11 1599
2 11 1599
0 12 1600
1 12 1600
2 12 1600
0 3 1601
1 3 1601
2 3 1601
0 4 1602
1 4 1602
2 4 1602
0 5 1603
1 5 1603
2 5 1603
0 6 1604
1 6 1604
2 6 1604
0 7 1605
1 7 1605
2 7 1605
0 8 1606
1 8 1606
2 8 1606
0 9 1607
1 9 1607
2 9 1607
0 10 1608
1 10 1608
2 10 1608
0 11 1609
1 11 1609
2 11 1609
0 12 1610
1 12 1610
2 12 1610
0 3 1611
1 3 1611
2 3 1611
0 4 1612
1 4 1612
2 4 1612
0 5 1613
1 5 1613
2 5 1613
0 6 1614
1 6 1614
2 6 1614
0 7 1615
1 7 1615
2 7 1615
0 8 1616
1 8 1616
2 8 1616
0 9 1617
1 9 1617
2 9 1617
0 10 1618
1 10 1618
2 10 1618
0 11 1619
1 11 1619
2 11 1619
0 12 1620
1 12 1620
2 12 1620
0 3 1621
1 3 1621
2 3 1621
0 4 1622
1 4 1622
2 4 1622
0 5 1623
1 5 1623
2 5 1623
0 6 1624
1 6 1624
2 6 1624
0 7 1625
1 7 1625
2 7 1625
0 8 1626
1 8 1626
2 8 1626
0 9 1627
1 9 1627
2 9 1627
0 10 1628
1 10 1628
2 10 1628
0 11 1629
1 11 1629
2 11 1629
0 12 1630
1 12 1630
2 12 1630
0 3 1631
1 3 1631
2 3 1631
0 4 1632
1 4 1632
2 4 1632
0 5 1633
1 5 1633
2 5 1633
0 6 1634
1 6 1634
2 6 1634
0 7 1635
1 7 1635
2 7 1635
0 8 1636
1 8 1636
2 8 1636
0 9 1637
1 9 1637
2 9 1637
0 10 1638
1 10 1638
2 10 1638
0 11 1639
1 11 1639
2 11 1639
0 12 1640
1 12 1640
2 12 1640
0 3 1641
1 3 1641
2 3 1641
0 4 1642
1 4 1642
2 4 1642
0 5 1643
1 5 1643
2 5 1643
0 6 1644
1 6 1644
2 6 1644
0 7 1645
1 7 1645
2 7 1645
0 8 1646
1 8 1646
2 8 1646
0 9 1647
1 9 1647
2 9 1647
0 10 1648
1 10 1648
2 10 1648
0 11 1649
1 11 1649
2 11 1649
0 12 1650
1 12 1650
2 12 1650
0 3 1651
1 3 1651
2 3 1651
0 4 1652
1 4 1652
2 4 1652
0 5 1653
1 5 1653
2 5 1653
0 6 1654
1 6 1654
2 6 1654
0 7 1655
1 7 1655
2 7 1655
0 8 1656
1 8 1656
2 8 1656
0 9 1657
1 9 1657
2 9 1657
0 10 1658
1 10 1658
2 10 1658
0 11 1659
1 11 1659
2 11 1659
0 12 1660
1 12 1660
2 12 1660
0 3 1661
1 3 1661
2 3 1661
0 4 1662
1 4 1662
2 4 1662
0 5 1663
1 5 1663
2 5 1663
0 6 1664
1 6 1664
2 6 1664
0 7 1665
1 7 1665
2 7 1665
0 8 1666
1 8 1666
2 8 1666
0 9 1667
1 9 1667
2 9 1667
0 10 1668
1 10 1668
2 10 1668
0 11 1669
1 11 1669
2 11 1669
0 12 1670
1 12 1670
2 12 1670
0 3 1671
1 3 1671
2 3 1671
0 4 1672
1 4 1672
2 4 1672
0 5 1673
1 5 1673
2 5 1673
0 6 1674
1 6 1674
2 6 1674
0 7 1675
1 7 1675
2 7 1675
0 8 1676
1 8 1676
2 8 1676
0 9 1677
1 9 1677
2 9 1677
0 10 1678
1 10 1678
2 10 1678
0 11 1679
1 11 1679
2 11 1679
0 12 1680
1 12 1680
2 12 1680
0 3 1681
1 3 1681
2 3 1681
0 4 1682
1 4 1682
2 4 1682
0 5 1683
1 5 1683
2 5 1683
0 6 1684
1 6 1684
2 6 1684
0 7 1685
1 7 1685
2 7 1685
0 8 1686
1 8 1686
2 8 1686
0 9 1687
1 9 1687
2 9 1687
0 10 1688
1 10 1688
2 10 1688
0 11 1689
1 11 1689
2 11 1689
0 12 1690
1 12 1690
2 12 1690
0 3 1691
1 3 1691
2 3 1691
0 4 1692
1 4 1692
2 4 1692
0 5 1693
1 5 1693
2 5 1693
0 6 1694
1 6 1694
2 6 1694
0 7 1695
1 7 1695
2 7 1695
0 8 1696
1 8 1696
2 8 1696
0 9 1697
1 9 1697
2 9 1697
0 10 1698
1 10 1698
2 10 1698
0 11 1699
1 11 1699
2 11 1699
0 12 1700
1 12 1700
2 12 1700
0 3 1701
1 3 1701
2 3 1701
0 4 1702
1 4 1702
2 4 1702
0 5 1703
1 5 1703
2 5 1703
0 6 1704
1 6 1704
2 6 1704
0 7 1705
1 7 1705
2 7 1705
0 8 1706
1 8 1706
2 8 1706
0 9 1707
1 9 1707
2 9 1707
0 10 1708
1 10 1708
2 10 1708
0 11 1709
1 11 1709
2 11 1709
0 12 1710
1 12 1710
2 12 1710
0 3 1711
1 3 1711
2 3 1711
0 4 1712
1 4 1712
2 4 1712
0 5 1713
1 5 1713
2 5 1713
0 6 1714
1 6 1714
2 6 1714
0 7 1715
1 7 1715
2 7 1715
0 8 1716
1 8 1716
2 8 1716
0 9 1717
1 9 1717
2 9 1717
0 10 1718
1 10 1718
2 10 1718
0 11 1719
1 11 1719
2 11 1719
0 12 1720
1 12 1720
2 12 1720
0 3 1721
1 3 1721
2 3 1721
0 4 1722
1 4 1722
2 4 1722
0 5 1723
1 5 1723
2 5 1723
0 6 1724
1 6 1724
2 6 1724
0 7 1725
1 7 1725
2 7 1725
0 8 1726
1 8 1726
2 8 1726
0 9 1727
1 9 1727
2 9 1727
0 10 1728
1 10 1728
2 10 1728
0 11 1729
1 11 1729
2 11 1729
0 12 1730
1 12 1730
2 12 1730
0 3 1731
1 3 1731
2 3 1731
0 4 1732
1 4 1732
2 4 1732
0 5 1733
1 5 1733
2 5 1733
0 6 1734
1 6 1734
2 6 1734
0 7 1735
1 7 1735
2 7 1735
0 8 1736
1 8 1736
2 8 1736
0 9 1737
1 9 1737
2 9 1737
0 10 1738
1 10 1738
2 10 1738
0 11 1739
1 11 1739
2 11 1739
0 12 1740
1 12 1740
2 12 1740
0 3 1741
1 3 1741
2 3 1741
0 4 1742
1 4 1742
2 4 1742
0 5 1743
1 5 1743
2 5 1743
0 6 1744
1 6 1744
2 6 1744
0 7 1745
1 7 1745
2 7 1745
0 8 1746
1 8 1746
2 8 1746
0 9 1747
1 9 1747
2 9 1747
0 10 1748
1 10 1748
2 10 1748
0 11 1749
1 11 1749
2 11 1749
0 12 1750
1 12 1750
2 12 1750
0 3 1751
1 3 1751
2 3 1751
0 4 1752
1 4 1752
2 4 1752
0 5 1753
1 5 1753
2 5 1753
0 6 1754
1 6 1754
2 6 1754
0 7 1755
1 7 1755
2 7 1755
0 8 1756
1 8 1756
2 8 1756
0 9 1757
1 9 1757
2 9 1757
0 10 1758
1 10 1758
2 10 1758
0 11 1759
1 11 1759
2 11 1759
0 12 1760
1 12 1760
2 12 1760
0 3 1761
1 3 1761
2 3 1761
0 4 1762
1 4 1762
2 4 1762
0 5 1763
1 5 1763
2 5 1763
0 6 1764
1 6 1764
2 6 1764
0 7 1765
1 7 1765
2 7 1765
0 8 1766
1 8 1766
2 8 1766
0 9 1767
1 9 1767
2 9 1767
0 10 1768
1 10 1768
2 10 1768
0 11 1769
1 11 1769
2 11 1769
0 12 1770
1 12 1770
2 12 1770
0 3 1771
1 3 1771
2 3 1771
0 4 1772
1 4 1772
2 4 1772
0 5 1773
1 5 1773
2 5 1773
0 6 1774
1 6 1774
2 6 1774
0 7 1775
1 7 1775
2 7 1775
0 8 1776
1 8 1776
2 8 1776
0 9 1777
1 9 1777
2 9 1777
0 10 1778
1 10 1778
2 10 1778
0 11 1779
1 11 1779
2 11 1779
0 12 1780
1 12 1780
2 12 1780
0 3 1781
1 3 1781
2 3 1781
0 4 1782
1 4 1782
2 4 1782
0 5 1783
1 5 1783
2 5 1783
0 6 1784
1 6 1784
2 6 1784
0 7 1785
1 7 1785
2 7 1785
0 8 1786
1 8 1786
2 8 1786
0 9 1787
1 9 1787
2 9 1787
0 10 1788
1 10 1788
2 10 1788
0 11 1789
1 11 1789
2 11 1789
0 12 1790
1 12 1790
2 12 1790
0 3 1791
1 3 1791
2 3 1791
0 4 1792
1 4 1792
2 4 1792
0 5 1793
1 5 1793
2 5 1793
0 6 1794
1 6 1794
2 6 1794
0 7 1795
1 7 1795
2 7 1795
0 8 1796
1 8 1796
2 8 1796
0 9 1797
1 9 1797
2 9 1797
0 10 1798
1 10 1798
2 10 1798
0 11 1799
1 11 1799
2 11 1799
0 12 1800
1 12 1800
2 12 1800
0 3 1801
1 3 1801
2 3 1801
0 4 1802
1 4 1802
2 4 1802
0 5 1803
1 5 1803
2 5 1803
0 6 1804
1 6 1804
2 6 1804
0 7 1805
1 7 1805
2 7 1805
0 8 1806
1 8 1806
2 8 1806
0 9 1807
1 9 1807
2 9 1807
0 10 1808
1 10 1808
2 10 1808
0 11 1809
1 11 1809
2 11 1809
0 12 1810
1 12 1810
2 12 1810
0 3 1811
1 3 1811
2 3 1811
0 4 1812
1 4 1812
2 4 1812
0 5 1813
1 5 1813
2 5 1813
0 6 1814
1 6 1814
2 6 1814
0 7 1815
1 7 1815
2 7 1815
0 8 1816
1 8 1816
2 8 1816
0 9 1817
1 9 1817
2 9 1817
0 10 1818
1 10 1818
2 10 1818
0 11 1819
1 11 1819
2 11 1819
0 12 1820
1 12 1820
2 12 1820
0 3 1821
1 3 1821
2 3 1821
0 4 1822
1 4 1822
2 4 1822
0 5 1823
1 5 1823
2 5 1823
0 6 1824
1 6 1824
2 6 1824
0 7 1825
1 7 1825
2 7 1825
0 8 1826
1 8 1826
2 8 1826
0 9 1827
1 9 1827
2 9 1827
0 10 1828
1 10 1828
2 10 1828
0 11 1829
1 11 1829
2 11 1829
0 12 1830
1 12 1830
2 12 1830
0 3 1831
1 3 1831
2 3 1831
0 4 1832
1 4 1832
2 4 1832
0 5 1833
1 5 1833
2 5 1833
0 6 1834
1 6 1834
2 6 1834
0 7 1835
1 7 1835
2 7 1835
0 8 1836
1 8 1836
2 8 1836
0 9 1837
1 9 1837
2 9 1837
0 10 1838
1 10 1838
2 10 1838
0 11 1839
1 11 1839
2 11 1839
0 12 1840
1 12 1840
2 12 1840
0 3 1841
1 3 1841
2 3 1841
0 4 1842
1 4 1842
2 4 1842
0 5 1843
1 5 1843
2 5 1843
0 6 1844
1 6 1844
2 6 1844
0 7 1845
1 7 1845
2 7 1845
0 8 1846
1 8 1846
2 8 1846
0 9 1847
1 9 1847
2 9 1847
0 10 1848
1 10 1848
2 10 1848
0 11 1849
1 11 1849
2 11 1849
0 12 1850
1 12 1850
2 12 1850
0 3 1851
1 3 1851
2 3 1851
0 4 1852
1 4 1852
2 4 1852
0 5 1853
1 5 1853
2 5 1853
0 6 1854
1 6 1854
2 6 1854
0 7 1855
1 7 1855
2 7 1855
0 8 1856
1 8 1856
2 8 1856
0 9 1857
1 9 1857
2 9 1857
0 10 1858
1 10 1858
2 10 1858
0 11 1859
1 11 1859
2 11 1859
0 12 1860
1 12 1860
2 12 1860
0 3 1861
1 3 1861
2 3 1861
0 4 1862
1 4 1862
2 4 1862
0 5 1863
1 5 1863
2 5 1863
0 6 1864
1 6 1864
2 6 1864
0 7 1865
1 7 1865
2 7 1865
0 8 1866
1 8 1866
2 8 1866
0 9 1867
1 9 1867
2 9 1867
0 10 1868
1 10 1868
2 10 1868
0 11 1869
1 11 1869
2 11 1869
0 12 1870
1 12 1870
2 12 1870
0 3 1871
1 3 1871
2 3 1871
0 4 1872
1 4 1872
2 4 1872
0 5 1873
1 5 1873
2 5 1873
0 6 1874
1 6 1874
2 6 1874
0 7 1875
1 7 1875
2 7 1875
0 8 1876
1 8 1876
2 8 1876
0 9 1877
1 9 1877
2 9 1877
0 10 1878
1 10 1878
2 10 1878
0 11 1879
1 11 1879
2 11 1879
0 12 1880
1 12 1880
2 12 1880
0 3 1881
1 3 1881
2 3 1881
0 4 1882
1 4 1882
2 4 1882
0 5 1883
1 5 1883
2 5 1883
0 6 1884
1 6 1884
2 6 1884
0 7 1885
1 7 1885
2 7 1885
0 8 1886
1 8 1886
2 8 1886
0 9 1887
1 9 1887
2 9 1887
0 10 1888
1 10 1888
2 10 1888
0 11 1889
1 11 1889
2 11 1889
0 12 1890
1 12 1890
2 12 1890
0 3 1891
1 3 1891
2 3 1891
0 4 1892
1 4 1892
2 4 1892
0 5 1893
1 5 1893
2 5 1893
0 6 1894
1 6 1894
2 6 1894
0 7 1895
1 7 1895
2 7 1895
0 8 1896
1 8 1896
2 8 1896
0 9 1897
1 9 1897
2 9 1897
0 10 1898
1 10 1898
2 10 1898
0 11 1899
1 11 1899
2 11 1899
0 12 1900
1 12 1900
2 12 1900
0 3 1901
1 3 1901
2 3 1901
0 4 1902
1 4 1902
2 4 1902
0 5 1903
1 5 1903
2 5 1903
0 6 1904
1 6 1904
2 6 1904
0 7 1905
1 7 1905
2 7 1905
0 8 1906
1 8 1906
2 8 1906
0 9 1907
1 9 1907
2 9 1907
0 10 1908
1 10 1908
2 10 1908
0 11 1909
1 11 1909
2 11 1909
0 12 1910
1 12 1910
2 12 1910
0 3 1911
1 3 1911
2 3 1911
0 4 1912
1 4 1912
2 4 1912
0 5 1913
1 5 1913
2 5 1913
0 6 1914
1 6 1914
2 6 1914
0 7 1915
1 7 1915
2 7 1915
0 8 1916
1 8 1916
2 8 1916
0 9 1917
1 9 1917
2 9 1917
0 10 1918
1 10 1918
2 10 1918
0 11 1919
1 11 1919
2 11 1919
0 12 1920
1 12 1920
2 12 1920
0 3 1921
1 3 1921
2 3 1921
0 4 1922
1 4 1922
2 4 1922
0 5 1923
1 5 1923
2 5 1923
0 6 1924
1 6 1924
2 6 1924
0 7 1925
1 7 1925
2 7 1925
0 8 1926
1 8 1926
2 8 1926
0 9 1927
1 9 1927
2 9 1927
0 10 1928
1 10 1928
2 10 1928
0 11 1929
1 11 1929
2 11 1929
0 12 1930
1 12 1930
2 12 1930
0 3 1931
1 3 1931
2 3 1931
0 4 1932
1 4 1932
2 4 1932
0 5 1933
1 5 1933
2 5 1933
0 6 1934
1 6 1934
2 6 1934
0 7 1935
1 7 1935
2 7 1935
0 8 1936
1 8 1936
2 8 1936
0 9 1937
1 9 1937
2 9 1937
0 10 1938
1 10 1938
2 10 1938
0 11 1939
1 11 1939
2 11 1939
0 12 1940
1 12 1940
2 12 1940
0 3 1941
1 3 1941
2 3 1941
0 4 1942
1 4 1942
2 4 1942
0 5 1943
1 5 1943
2 5 1943
0 6 1944
1 6 1944
2 6 1944
0 7 1945
1 7 1945
2 7 1945
0 8 1946
1 8 1946
2 8 1946
0 9 1947
1 9 1947
2 9 1947
0 10 1948
1 10 1948
2 10 1948
0 11 1949
1 11 1949
2 11 1949
0 12 1950
1 12 1950
2 12 1950
0 3 1951
1 3 1951
2 3 1951
0 4 1952
1 4 1952
2 4 1952
0 5 1953
1 5 1953
2 5 1953
0 6 1954
1 6 1954
2 6 1954
0 7 1955
1 7 1955
2 7 1955
0 8 1956
1 8 1956
2 8 1956
0 9 1957
1 9 1957
2 9 1957
0 10 1958
1 10 1958
2 10 1958
0 11 1959
1 11 1959
2 11 1959
0 12 1960
1 12 1960
2 12 1960
0 3 1961
1 3 1961
2 3 1961
0 4 1962
1 4 1962
2 4 1962
0 5 1963
1 5 1963
2 5 1963
0 6 1964
1 6 1964
2 6 1964
0 7 1965
1 7 1965
2 7 1965
0 8 1966
1 8 1966
2 8 1966
0 9 1967
1 9 1967
2 9 1967
0 10 1968
1 10 1968
2 10 1968
0 11 1969
1 11 1969
2 11 1969
0 12 1970
1 12 1970
2 12 1970
0 3 1971
1 3 1971
2 3 1971
0 4 1972
1 4 1972
2 4 1972
0 5 1973
1 5 1973
2 5 1973
0 6 1974
1 6 1974
2 6 1974
0 7 1975
1 7 1975
2 7 1975
0 8 1976
1 8 1976
2 8 1976
0 9 1977
1 9 1977
2 9 1977
0 10 1978
1 10 1978
2 10 1978
0 11 1979
1 11 1979
2 11 1979
0 12 1980
1 12 1980
2 12 1980
0 3 1981
1 3 1981
2 3 1981
0 4 1982
1 4 1982
2 4 1982
0 5 1983
1 5 1983
2 5 1983
0 6 1984
1 6 1984
2 6 1984
0 7 1985
1 7 1985
2 7 1985
0 8 1986
1 8 1986
2 8 1986
0 9 1987
1 9 1987
2 9 1987
0 10 1988
1 10 1988
2 10 1988
0 11 1989
1 11 1989
2 11 1989
0 12 1990
1 12 1990
2 12 1990
0 3 1991
1 3 1991
2 3 1991
0 4 1992
1 4 1992
2 4 1992
0 5 1993
1 5 1993
2 5 1993
0 6 1994
1 6 1994
2 6 1994
0 7 1995
1 7 1995
2 7 1995
0 8 1996
1 8 1996
2 8 1996
0 9 1997
1 9 1997
2 9 1997
0 10 1998
1 10 1998
2 10 1998
0 11 1999
1 11 1999
2 11 1999
0 12 2000
1 12 2000
2 12 2000
0 3 2001
1 3 2001
2 3 2001
0 4 2002
1 4 2002
2 4 2002
0 5 2003
1 5 2003
2 5 2003
0 6 2004
1 6 2004
2 6 2004
0 7 2005
1 7 2005
2 7 2005
0 8 2006
1 8 2006
2 8 2006
0 9 2007
1 9 2007
2 9 2007
0 10 2008
1 10 2008
2 10 2008
0 11 2009
1 11 2009
2 11 2009
0 12 2010
1 12 2010
2 12 2010
0 3 2011
1 3 2011
2 3 2011
0 4 2012
1 4 2012
2 4 2012
0 5 2013
1 5 2013
2 5 2013
0 6 2014
1 6 2014
2 6 2014
0 7 2015
1 7 2015
2 7 2015
0 8 2016
1 8 2016
2 8 2016
0 9 2017
1 9 2017
2 9 2017
0 10 2018
1 10 2018
2 10 2018
0 11 2019
1 11 2019
2 11 2019
0 12 2020
1 12 2020
2 12 2020
0 3 2021
1 3 2021
2 3 2021
0 4 2022
1 4 2022
2 4 2022
0 5 2023
1 5 2023
2 5 2023
0 6 2024
1 6 2024
2 6 2024
0 7 2025
1 7 2025
2 7 2025
0 8 2026
1 8 2026
2 8 2026
0 9 2027
1 9 2027
2 9 2027
0 10 2028
1 10 2028
2 10 2028
0 11 2029
1 11 2029
2 11 2029
0 12 2030
1 12 2030
2 12 2030
0 3 2031
1 3 2031
2 3 2031
0 4 2032
1 4 2032
2 4 2032
0 5 2033
1 5 2033
2 5 2033
0 6 2034
1 6 2034
2 6 2034
0 7 2035
1 7 2035
2 7 2035
0 8 2036
1 8 2036
2 8 2036
0 9 2037
1 9 2037
2 9 2037
0 10 2038
1 10 2038
2 10 2038
0 11 2039
1 11 2039
2 11 2039
0 12 2040
1 12 2040
2 12 2040
0 3 2041
1 3 2041
2 3 2041
0 4 2042
1 4 2042
2 4 2042
0 5 2043
1 5 2043
2 5 2043
0 6 2044
1 6 2044
2 6 2044
0 7 2045
1 7 2045
2 7 2045
0 8 2046
1 8 2046
2 8 2046
0 9 2047
1 9 2047
2 9 2047
0 10 2048
1 10 2048
2 10 2048
0 11 2049
1 11 2049
2 11 2049
0 12 2050
1 12 2050
2 12 2050
0 3 2051
1 3 2051
2 3 2051
0 4 2052
1 4 2052
2 4 2052
0 5 2053
1 5 2053
2 5 2053
0 6 2054
1 6 2054
2 6 2054
0 7 2055
1 7 2055
2 7 2055
0 8 2056
1 8 2056
2 8 2056
0 9 2057
1 9 2057
2 9 2057
0 10 2058
1 10 2058
2 10 2058
0 11 2059
1 11 2059
2 11 2059
0 12 2060
1 12 2060
2 12 2060
0 3 2061
1 3 2061
2 3 2061
0 4 2062
1 4 2062
2 4 2062
0 5 2063
1 5 2063
2 5 2063
0 6 2064
1 6 2064
2 6 2064
0 7 2065
1 7 2065
2 7 2065
0 8 2066
1 8 2066
2 8 2066
0 9 2067
1 9 2067
2 9 2067
0 10 2068
1 10 2068
2 10 2068
0 11 2069
1 11 2069
2 11 2069
0 12 2070
1 12 2070
2 12 2070
0 3 2071
1 3 2071
2 3 2071
0 4 2072
1 4 2072
2 4 2072
0 5 2073
1 5 2073
2 5 2073
0 6 2074
1 6 2074
2 6 2074
0 7 2075
1 7 2075
2 7 2075
0 8 2076
1 8 2076
2 8 2076
0 9 2077
1 9 2077
2 9 2077
0 10 2078
1 10 2078
2 10 2078
0 11 2079
1 11 2079
2 11 2079
0 12 2080
1 12 2080
2 12 2080
0 3 2081
1 3 2081
2 3 2081
0 4 2082
1 4 2082
2 4 2082
0 5 2083
1 5 2083
2 5 2083
0 6 2084
1 6 2084
2 6 2084
0 7 2085
1 7 2085
2 7 2085
0 8 2086
1 8 2086
2 8 2086
0 9 2087
1 9 2087
2 9 2087
0 10 2088
1 10 2088
2 10 2088
0 11 2089
1 11 2089
2 11 2089
0 12 2090
1 12 2090
2 12 2090
0 3 2091
1 3 2091
2 3 2091
0 4 2092
1 4 2092
2 4 2092
0 5 2093
1 5 2093
2 5 2093
0 6 2094
1 6 2094
2 6 2094
0 7 2095
1 7 2095
2 7 2095
0 8 2096
1 8 2096
2 8 2096
0 9 2097
1 9 2097
2 9 2097
0 10 2098
1 10 2098
2 10 2098
0 11 2099
1 11 2099
2 11 2099
0 12 2100
1 12 2100
2 12 2100
0 3 2101
1 3 2101
2 3 2101
0 4 2102
1 4 2102
2 4 2102
0 5 2103
1 5 2103
2 5 2103
0 6 2104
1 6 2104
2 6 2104
0 7 2105
1 7 2105
2 7 2105
0 8 2106
1 8 2106
2 8 2106
0 9 2107
1 9 2107
2 9 2107
0 10 2108
1 10 2108
2 10 2108
0 11 2109
1 11 2109
2 11 2109
0 12 2110
1 12 2110
2 12 2110
0 3 2111
1 3 2111
2 3 2111
0 4 2112
1 4 2112
2 4 2112
0 5 2113
1 5 2113
2 5 2113
0 6 2114
1 6 2114
2 6 2114
0 7 2115
1 7 2115
2 7 2115
0 8 2116
1 8 2116
2 8 2116
0 9 2117
1 9 2117
2 9 2117
0 10 2118
1 10 2118
2 10 2118
0 11 2119
1 11 2119
2 11 2119
0 12 2120
1 12 2120
2 12 2120
0 3 2121
1 3 2121
2 3 2121
0 4 2122
1 4 2122
2 4 2122
0 5 2123
1 5 2123
2 5 2123
0 6 2124
1 6 2124
2 6 2124
0 7 2125
1 7 2125
2 7 2125
0 8 2126
1 8 2126
2 8 2126
0 9 2127
1 9 2127
2 9 2127
0 10 2128
1 10 2128
2 10 2128
0 11 2129
1 11 2129
2 11 2129
0 12 2130
1 12 2130
2 12 2130
0 3 2131
1 3 2131
2 3 2131
0 4 2132
1 4 2132
2 4 2132
0 5 2133
1 5 2133
2 5 2133
0 6 2134
1 6 2134
2 6 2134
0 7 2135
1 7 2135
2 7 2135
0 8 2136
1 8 2136
2 8 2136
0 9 2137
1 9 2137
2 9 2137
0 10 2138
1 10 2138
2 10 2138
0 11 2139
1 11 2139
2 11 2139
0 12 2140
1 12 2140
2 12 2140
0 3 2141
1 3 2141
2 3 2141
0 4 2142
1 4 2142
2 4 2142
0 5 2143
1 5 2143
2 5 2143
0 6 2144
1 6 2144
2 6 2144
0 7 2145
1 7 2145
2 7 2145
0 8 2146
1 8 2146
2 8 2146
0 9 2147
1 9 2147
2 9 2147
0 10 2148
1 10 2148
2 10 2148
0 11 2149
1 11 2149
2 11 2149
0 12 2150
1 12 2150
2 12 2150
0 3 2151
1 3 2151
2 3 2151
0 4 2152
1 4 2152
2 4 2152
0 5 2153
1 5 2153
2 5 2153
0 6 2154
1 6 2154
2 6 2154
0 7 2155
1 7 2155
2 7 2155
0 8 2156
1 8 2156
2 8 2156
0 9 2157
1 9 2157
2 9 2157
0 10 2158
1 10 2158
2 10 2158
0 11 2159
1 11 2159
2 11 2159
0 12 2160
1 12 2160
2 12 2160
0 3 2161
1 3 2161
2 3 2161
0 4 2162
1 4 2162
2 4 2162
0 5 2163
1 5 2163
2 5 2163
0 6 2164
1 6 2164
2 6 2164
0 7 2165
1 7 2165
2 7 2165
0 8 2166
1 8 2166
2 8 2166
0 9 2167
1 9 2167
2 9 2167
0 10 2168
1 10 2168
2 10 2168
0 11 2169
1 11 2169
2 11 2169
0 12 2170
1 12 2170
2 12 2170
0 3 2171
1 3 2171
2 3 2171
0 4 2172
1 4 2172
2 4 2172
0 5 2173
1 5 2173
2 5 2173
0 6 2174
1 6 2174
2 6 2174
0 7 2175
1 7 2175
2 7 2175
0 8 2176
1 8 2176
2 8 2176
0 9 2177
1 9 2177
2 9 2177
0 10 2178
1 10 2178
2 10 2178
0 11 2179
1 11 2179
2 11 2179
0 12 2180
1 12 2180
2 12 2180
0 3 2181
1 3 2181
2 3 2181
0 4 2182
1 4 2182
2 4 2182
0 5 2183
1 5 2183
2 5 2183
0 6 2184
1 6 2184
2 6 2184
0 7 2185
1 7 2185
2 7 2185
0 8 2186
1 8 2186
2 8 2186
0 9 2187
1 9 2187
2 9 2187
0 10 2188
1 10 2188
2 10 2188
0 11 2189
1 11 2189
2 11 2189
0 12 2190
1 12 2190
2 12 2190
0 3 2191
1 3 2191
2 3 2191
0 4 2192
1 4 2192
2 4 2192
0 5 2193
1 5 2193
2 5 2193
0 6 2194
1 6 2194
2 6 2194
0 7 2195
1 7 2195
2 7 2195
0 8 2196
1 8 2196
2 8 2196
0 9 2197
1 9 2197
2 9 2197
0 10 2198
1 10 2198
2 10 2198
0 11 2199
1 11 2199
2 11 2199
0 12 2200
1 12 2200
2 12 2200
0 3 2201
1 3 2201
2 3 2201
0 4 2202
1 4 2202
2 4 2202
0 5 2203
1 5 2203
2 5 2203
0 6 2204
1 6 2204
2 6 2204
0 7 2205
1 7 2205
2 7 2205
0 8 2206
1 8 2206
2 8 2206
0 9 2207
1 9 2207
2 9 2207
0 10 2208
1 10 2208
2 10 2208
0 11 2209
1 11 2209
2 11 2209
0 12 2210
1 12 2210
2 12 2210
0 3 2211
1 3 2211
2 3 2211
0 4 2212
1 4 2212
2 4 2212
0 5 2213
1 5 2213
2 5 2213
0 6 2214
1 6 2214
2 6 2214
0 7 2215
1 7 2215
2 7 2215
0 8 2216
1 8 2216
2 8 2216
0 9 2217
1 9 2217
2 9 2217
0 10 2218
1 10 2218
2 10 2218
0 11 2219
1 11 2219
2 11 2219
0 12 2220
1 12 2220
2 12 2220
0 3 2221
1 3 2221
2 3 2221
0 4 2222
1 4 2222
2 4 2222
0 5 2223
1 5 2223
2 5 2223
0 6 2224
1 6 2224
2 6 2224
0 7 2225
1 7 2225
2 7 2225
0 8 2226
1 8 2226
2 8 2226
0 9 2227
1 9 2227
2 9 2227
0 10 2228
1 10 2228
2 10 2228
0 11 2229
1 11 2229
2 11 2229
0 12 2230
1 12 2230
2 12 2230
0 3 2231
1 3 2231
2 3 2231
0 4 2232
1 4 2232
2 4 2232
0 5 2233
1 5 2233
2 5 2233
0 6 2234
1 6 2234
2 6 2234
0 7 2235
1 7 2235
2 7 2235
0 8 2236
1 8 2236
2 8 2236
0 9 2237
1 9 2237
2 9 2237
0 10 2238
1 10 2238
2 10 2238
0 11 2239
1 11 2239
2 11 2239
0 12 2240
1 12 2240
2 12 2240
0 3 2241
1 3 2241
2 3 2241
0 4 2242
1 4 2242
2 4 2242
0 5 2243
1 5 2243
2 5 2243
0 6 2244
1 6 2244
2 6 2244
0 7 2245
1 7 2245
2 7 2245
0 8 2246
1 8 2246
2 8 2246
0 9 2247
1 9 2247
2 9 2247
0 10 2248
1 10 2248
2 10 2248
0 11 2249
1 11 2249
2 11 2249
0 12 2250
1 12 2250
2 12 2250
0 3 2251
1 3 2251
2 3 2251
0 4 2252
1 4 2252
2 4 2252
0 5 2253
1 5 2253
2 5 2253
0 6 2254
1 6 2254
2 6 2254
0 7 2255
1 7 2255
2 7 2255
0 8 2256
1 8 2256
2 8 2256
0 9 2257
1 9 2257
2 9 2257
0 10 2258
1 10 2258
2 10 2258
0 11 2259
1 11 2259
2 11 2259
0 12 2260
1 12 2260
2 12 2260
0 3 2261
1 3 2261
2 3 2261
0 4 2262
1 4 2262
2 4 2262
0 5 2263
1 5 2263
2 5 2263
0 6 2264
1 6 2264
2 6 2264
0 7 2265
1 7 2265
2 7 2265
0 8 2266
1 8 2266
2 8 2266
0 9 2267
1 9 2267
2 9 2267
0 10 2268
1 10 2268
2 10 2268
0 11 2269
1 11 2269
2 11 2269
0 12 2270
1 12 2270
2 12 2270
0 3 2271
1 3 2271
2 3 2271
0 4 2272
1 4 2272
2 4 2272
0 5 2273
1 5 2273
2 5 2273
0 6 2274
1 6 2274
2 6 2274
0 7 2275
1 7 2275
2 7 2275
0 8 2276
1 8 2276
2 8 2276
0 9 2277
1 9 2277
2 9 2277
0 10 2278
1 10 2278
2 10 2278
0 11 2279
1 11 2279
2 11 2279
0 12 2280
1 12 2280
2 12 2280
0 3 2281
1 3 2281
2 3 2281
0 4 2282
1 4 2282
2 4 2282
0 5 2283
1 5 2283
2 5 2283
0 6 2284
1 6 2284
2 6 2284
0 7 2285
1 7 2285
2 7 2285
0 8 2286
1 8 2286
2 8 2286
0 9 2287
1 9 2287
2 9 2287
0 10 2288
1 10 2288
2 10 2288
0 11 2289
1 11 2289
2 11 2289
0 12 2290
1 12 2290
2 12 2290
0 3 2291
1 3 2291
2 3 2291
0 4 2292
1 4 2292
2 4 2292
0 5 2293
1 5 2293
2 5 2293
0 6 2294
1 6 2294
2 6 2294
0 7 2295
1 7 2295
2 7 2295
0 8 2296
1 8 2296
2 8 2296
0 9 2297
1 9 2297
2 9 2297
0 10 2298
1 10 2298
2 10 2298
0 11 2299
1 11 2299
2 11 2299
0 12 2300
1 12 2300
2 12 2300
0 3 2301
1 3 2301
2 3 2301
0 4 2302
1 4 2302
2 4 2302
0 5 2303
1 5 2303
2 5 2303
0 6 2304
1 6 2304
2 6 2304
0 7 2305
1 7 2305
2 7 2305
0 8 2306
1 8 2306
2 8 2306
0 9 2307
1 9 2307
2 9 2307
0 10 2308
1 10 2308
2 10 2308
0 11 2309
1 11 2309
2 11 2309
0 12 2310
1 12 2310
2 12 2310
0 3 2311
1 3 2311
2 3 2311
0 4 2312
1 4 2312
2 4 2312
0 5 2313
1 5 2313
2 5 2313
0 6 2314
1 6 2314
2 6 2314
0 7 2315
1 7 2315
2 7 2315
0 8 2316
1 8 2316
2 8 2316
0 9 2317
1 9 2317
2 9 2317
0 10 2318
1 10 2318
2 10 2318
0 11 2319
1 11 2319
2 11 2319
0 12 2320
1 12 2320
2 12 2320
0 3 2321
1 3 2321
2 3 2321
0 4 2322
1 4 2322
2 4 2322
0 5 2323
1 5 2323
2 5 2323
0 6 2324
1 6 2324
2 6 2324
0 7 2325
1 7 2325
2 7 2325
0 8 2326
1 8 2326
2 8 2326
0 9 2327
1 9 2327
2 9 2327
0 10 2328
1 10 2328
2 10 2328
0 11 2329
1 11 2329
2 11 2329
0 12 2330
1 12 2330
2 12 2330
0 3 2331
1 3 2331
2 3 2331
0 4 2332
1 4 2332
2 4 2332
0 5 2333
1 5 2333
2 5 2333
0 6 2334
1 6 2334
2 6 2334
0 7 2335
1 7 2335
2 7 2335
0 8 2336
1 8 2336
2 8 2336
0 9 2337
1 9 2337
2 9 2337
0 10 2338
1 10 2338
2 10 2338
0 11 2339
1 11 2339
2 11 2339
0 12 2340
1 12 2340
2 12 2340
0 3 2341
1 3 2341
2 3 2341
0 4 2342
1 4 2342
2 4 2342
0 5 2343
1 5 2343
2 5 2343
0 6 2344
1 6 2344
2 6 2344
0 7 2345
1 7 2345
2 7 2345
0 8 2346
1 8 2346
2 8 2346
0 9 2347
1 9 2347
2 9 2347
0 10 2348
1 10 2348
2 10 2348
0 11 2349
1 11 2349
2 11 2349
0 12 2350
1 12 2350
2 12 2350
0 3 2351
1 3 2351
2 3 2351
0 4 2352
1 4 2352
2 4 2352
0 5 2353
1 5 2353
2 5 2353
0 6 2354
1 6 2354
2 6 2354
0 7 2355
1 7 2355
2 7 2355
0 8 2356
1 8 2356
2 8 2356
0 9 2357
1 9 2357
2 9 2357
0 10 2358
1 10 2358
2 10 2358
0 11 2359
1 11 2359
2 11 2359
0 12 2360
1 12 2360
2 12 2360
0 3 2361
1 3 2361
2 3 2361
0 4 2362
1 4 2362
2 4 2362
0 5 2363
1 5 2363
2 5 2363
0 6 2364
1 6 2364
2 6 2364
0 7 2365
1 7 2365
2 7 2365
0 8 2366
1 8 2366
2 8 2366
0 9 2367
1 9 2367
2 9 2367
0 10 2368
1 10 2368
2 10 2368
0 11 2369
1 11 2369
2 11 2369
0 12 2370
1 12 2370
2 12 2370
0 3 2371
1 3 2371
2 3 2371
0 4 2372
1 4 2372
2 4 2372
0 5 2373
1 5 2373
2 5 2373
0 6 2374
1 6 2374
2 6 2374
0 7 2375
1 7 2375
2 7 2375
0 8 2376
1 8 2376
2 8 2376
0 9 2377
1 9 2377
2 9 2377
0 10 2378
1 10 2378
2 10 2378
0 11 2379
1 11 2379
2 11 2379
0 12 2380
1 12 2380
2 12 2380
0 3 2381
1 3 2381
2 3 2381
0 4 2382
1 4 2382
2 4 2382
0 5 2383
1 5 2383
2 5 2383
0 6 2384
1 6 2384
2 6 2384
0 7 2385
1 7 2385
2 7 2385
0 8 2386
1 8 2386
2 8 2386
0 9 2387
1 9 2387
2 9 2387
0 10 2388
1 10 2388
2 10 2388
0 11 2389
1 11 2389
2 11 2389
0 12 2390
1 12 2390
2 12 2390
0 3 2391
1 3 2391
2 3 2391
0 4 2392
1 4 2392
2 4 2392
0 5 2393
1 5 2393
2 5 2393
0 6 2394
1 6 2394
2 6 2394
0 7 2395
1 7 2395
2 7 2395
0 8 2396
1 8 2396
2 8 2396
0 9 2397
1 9 2397
2 9 2397
0 10 2398
1 10 2398
2 10 2398
0 11 2399
1 11 2399
2 11 2399
0 12 2400
1 12 2400
2 12 2400
0 3 2401
1 3 2401
2 3 2401
0 4 2402
1 4 2402
2 4 2402
0 5 2403
1 5 2403
2 5 2403
0 6 2404
1 6 2404
2 6 2404
0 7 2405
1 7 2405
2 7 2405
0 8 2406
1 8 2406
2 8 2406
0 9 2407
1 9 2407
2 9 2407
0 10 2408
1 10 2408
2 10 2408
0 11 2409
1 11 2409
2 11 2409
0 12 2410
1 12 2410
2 12 2410
0 3 2411
1 3 2411
2 3 2411
0 4 2412
1 4 2412
2 4 2412
0 5 2413
1 5 2413
2 5 2413
0 6 2414
1 6 2414
2 6 2414
0 7 2415
1 7 2415
2 7 2415
0 8 2416
1 8 2416
2 8 2416
0 9 2417
1 9 2417
2 9 2417
0 10 2418
1 10 2418
2 10 2418
0 11 2419
1 11 2419
2 11 2419
0 12 2420
1 12 2420
2 12 2420
0 3 2421
1 3 2421
2 3 2421
0 4 2422
1 4 2422
2 4 2422
0 5 2423
1 5 2423
2 5 2423
0 6 2424
1 6 2424
2 6 2424
0 7 2425
1 7 2425
2 7 2425
0 8 2426
1 8 2426
2 8 2426
0 9 2427
1 9 2427
2 9 2427
0 10 2428
1 10 2428
2 10 2428
0 11 2429
1 11 2429
2 11 2429
0 12 2430
1 12 2430
2 12 2430
0 3 2431
1 3 2431
2 3 2431
0 4 2432
1 4 2432
2 4 2432
0 5 2433
1 5 2433
2 5 2433
0 6 2434
1 6 2434
2 6 2434
0 7 2435
1 7 2435
2 7 2435
0 8 2436
1 8 2436
2 8 2436
0 9 2437
1 9 2437
2 9 2437
0 10 2438
1 10 2438
2 10 2438
0 11 2439
1 11 2439
2 11 2439
0 12 2440
1 12 2440
2 12 2440
0 3 2441
1 3 2441
2 3 2441
0 4 2442
1 4 2442
2 4 2442
0 5 2443
1 5 2443
2 5 2443
0 6 2444
1 6 2444
2 6 2444
0 7 2445
1 7 2445
2 7 2445
0 8 2446
1 8 2446
2 8 2446
0 9 2447
1 9 2447
2 9 2447
0 10 2448
1 10 2448
2 10 2448
0 11 2449
1 11 2449
2 11 2449
0 12 2450
1 12 2450
2 12 2450
0 3 2451
1 3 2451
2 3 2451
0 4 2452
1 4 2452
2 4 2452
0 5 2453
1 5 2453
2 5 2453
0 6 2454
1 6 2454
2 6 2454
0 7 2455
1 7 2455
2 7 2455
0 8 2456
1 8 2456
2 8 2456
0 9 2457
1 9 2457
2 9 2457
0 10 2458
1 10 2458
2 10 2458
0 11 2459
1 11 2459
2 11 2459
0 12 2460
1 12 2460
2 12 2460
0 3 2461
1 3 2461
2 3 2461
0 4 2462
1 4 2462
2 4 2462
0 5 2463
1 5 2463
2 5 2463
0 6 2464
1 6 2464
2 6 2464
0 7 2465
1 7 2465
2 7 2465
0 8 2466
1 8 2466
2 8 2466
0 9 2467
1 9 2467
2 9 2467
0 10 2468
1 10 2468
2 10 2468
0 11 2469
1 11 2469
2 11 2469
0 12 2470
1 12 2470
2 12 2470
0 3 2471
1 3 2471
2 3 2471
0 4 2472
1 4 2472
2 4 2472
0 5 2473
1 5 2473
2 5 2473
0 6 2474
1 6 2474
2 6 2474
0 7 2475
1 7 2475
2 7 2475
0 8 2476
1 8 2476
2 8 2476
0 9 2477
1 9 2477
2 9 2477
0 10 2478
1 10 2478
2 10 2478
0 11 2479
1 11 2479
2 11 2479
0 12 2480
1 12 2480
2 12 2480
0 3 2481
1 3 2481
2 3 2481
0 4 2482
1 4 2482
2 4 2482
0 5 2483
1 5 2483
2 5 2483
0 6 2484
1 6 2484
2 6 2484
0 7 2485
1 7 2485
2 7 2485
0 8 2486
1 8 2486
2 8 2486
0 9 2487
1 9 2487
2 9 2487
0 10 2488
1 10 2488
2 10 2488
0 11 2489
1 11 2489
2 11 2489
0 12 2490
1 12 2490
2 12 2490
0 3 2491
1 3 2491
2 3 2491
0 4 2492
1 4 2492
2 4 2492
0 5 2493
1 5 2493
2 5 2493
0 6 2494
1 6 2494
2 6 2494
0 7 2495
1 7 2495
2 7 2495
0 8 2496
1 8 2496
2 8 2496
0 9 2497
1 9 2497
2 9 2497
0 10 2498
1 10 2498
2 10 2498
0 11 2499
1 11 2499
2 11 2499
0 12 2500
1 12 2500
2 12 2500
0 3 2501
1 3 2501
2 3 2501
0 4 2502
1 4 2502
2 4 2502
0 5 2503
1 5 2503
2 5 2503
0 6 2504
1 6 2504
2 6 2504
0 7 2505
1 7 2505
2 7 2505
0 8 2506
1 8 2506
2 8 2506
0 9 2507
1 9 2507
2 9 2507
0 10 2508
1 10 2508
2 10 2508
0 11 2509
1 11 2509
2 11 2509
0 12 2510
1 12 2510
2 12 2510
0 3 2511
1 3 2511
2 3 2511
0 4 2512
1 4 2512
2 4 2512
0 5 2513
1 5 2513
2 5 2513
0 6 2514
1 6 2514
2 6 2514
0 7 2515
1 7 2515
2 7 2515
0 8 2516
1 8 2516
2 8 2516
0 9 2517
1 9 2517
2 9 2517
0 10 2518
1 10 2518
2 10 2518
0 11 2519
1 11 2519
2 11 2519
0 12 2520
1 12 2520
2 12 2520
0 3 2521
1 3 2521
2 3 2521
0 4 2522
1 4 2522
2 4 2522
0 5 2523
1 5 2523
2 5 2523
0 6 2524
1 6 2524
2 6 2524
0 7 2525
1 7 2525
2 7 2525
0 8 2526
1 8 2526
2 8 2526
0 9 2527
1 9 2527
2 9 2527
0 10 2528
1 10 2528
2 10 2528
0 11 2529
1 11 2529
2 11 2529
0 12 2530
1 12 2530
2 12 2530
0 3 2531
1 3 2531
2 3 2531
0 4 2532
1 4 2532
2 4 2532
0 5 2533
1 5 2533
2 5 2533
0 6 2534
1 6 2534
2 6 2534
0 7 2535
1 7 2535
2 7 2535
0 8 2536
1 8 2536
2 8 2536
0 9 2537
1 9 2537
2 9 2537
0 10 2538
1 10 2538
2 10 2538
0 11 2539
1 11 2539
2 11 2539
0 12 2540
1 12 2540
2 12 2540
0 3 2541
1 3 2541
2 3 2541
0 4 2542
1 4 2542
2 4 2542
0 5 2543
1 5 2543
2 5 2543
0 6 2544
1 6 2544
2 6 2544
0 7 2545
1 7 2545
2 7 2545
0 8 2546
1 8 2546
2 8 2546
0 9 2547
1 9 2547
2 9 2547
0 10 2548
1 10 2548
2 10 2548
0 11 2549
1 11 2549
2 11 2549
0 12 2550
1 12 2550
2 12 2550
0 3 2551
1 3 2551
2 3 2551
0 4 2552
1 4 2552
2 4 2552
0 5 2553
1 5 2553
2 5 2553
0 6 2554
1 6 2554
2 6 2554
0 7 2555
1 7 2555
2 7 2555
0 8 2556
1 8 2556
2 8 2556
0 9 2557
1 9 2557
2 9 2557
0 10 2558
1 10 2558
2 10 2558
0 11 2559
1 11 2559
2 11 2559
0 12 2560
1 12 2560
2 12 2560
0 3 2561
1 3 2561
2 3 2561
0 4 2562
1 4 2562
2 4 2562
0 5 2563
1 5 2563
2 5 2563
0 6 2564
1 6 2564
2 6 2564
0 7 2565
1 7 2565
2 7 2565
0 8 2566
1 8 2566
2 8 2566
0 9 2567
1 9 2567
2 9 2567
0 10 2568
1 10 2568
2 10 2568
0 11 2569
1 11 2569
2 11 2569
0 12 2570
1 12 2570
2 12 2570
0 3 2571
1 3 2571
2 3 2571
0 4 2572
1 4 2572
2 4 2572
0 5 2573
1 5 2573
2 5 2573
0 6 2574
1 6 2574
2 6 2574
0 7 2575
1 7 2575
2 7 2575
0 8 2576
1 8 2576
2 8 2576
0 9 2577
1 9 2577
2 9 2577
0 10 2578
1 10 2578
2 10 2578
0 11 2579
1 11 2579
2 11 2579
0 12 2580
1 12 2580
2 12 2580
0 3 2581
1 3 2581
2 3 2581
0 4 2582
1 4 2582
2 4 2582
0 5 2583
1 5 2583
2 5 2583
0 6 2584
1 6 2584
2 6 2584
0 7 2585
1 7 2585
2 7 2585
0 8 2586
1 8 2586
2 8 2586
0 9 2587
1 9 2587
2 9 2587
0 10 2588
1 10 2588
2 10 2588
0 11 2589
1 11 2589
2 11 2589
0 12 2590
1 12 2590
2 12 2590
0 3 2591
1 3 2591
2 3 2591
0 4 2592
1 4 2592
2 4 2592
0 5 2593
1 5 2593
2 5 2593
0 6 2594
1 6 2594
2 6 2594
0 7 2595
1 7 2595
2 7 2595
0 8 2596
1 8 2596
2 8 2596
0 9 2597
1 9 2597
2 9 2597
0 10 2598
1 10 2598
2 10 2598
0 11 2599
1 11 2599
2 11 2599
0 12 2600
1 12 2600
2 12 2600
0 3 2601
1 3 2601
2 3 2601
0 4 2602
1 4 2602
2 4 2602
0 5 2603
1 5 2603
2 5 2603
0 6 2604
1 6 2604
2 6 2604
0 7 2605
1 7 2605
2 7 2605
0 8 2606
1 8 2606
2 8 2606
0 9 2607
1 9 2607
2 9 2607
0 10 2608
1 10 2608
2 10 2608
0 11 2609
1 11 2609
2 11 2609
0 12 2610
1 12 2610
2 12 2610
0 3 2611
1 3 2611
2 3 2611
0 4 2612
1 4 2612
2 4 2612
0 5 2613
1 5 2613
2 5 2613
0 6 2614
1 6 2614
2 6 2614
0 7 2615
1 7 2615
2 7 2615
0 8 2616
1 8 2616
2 8 2616
0 9 2617
1 9 2617
2 9 2617
0 10 2618
1 10 2618
2 10 2618
0 11 2619
1 11 2619
2 11 2619
0 12 2620
1 12 2620
2 12 2620
0 3 2621
1 3 2621
2 3 2621
0 4 2622
1 4 2622
2 4 2622
0 5 2623
1 5 2623
2 5 2623
0 6 2624
1 6 2624
2 6 2624
0 7 2625
1 7 2625
2 7 2625
0 8 2626
1 8 2626
2 8 2626
0 9 2627
1 9 2627
2 9 2627
0 10 2628
1 10 2628
2 10 2628
0 11 2629
1 11 2629
2 11 2629
0 12 2630
1 12 2630
2 12 2630
0 3 2631
1 3 2631
2 3 2631
0 4 2632
1 4 2632
2 4 2632
0 5 2633
1 5 2633
2 5 2633
0 6 2634
1 6 2634
2 6 2634
0 7 2635
1 7 2635
2 7 2635
0 8 2636
1 8 2636
2 8 2636
0 9 2637
1 9 2637
2 9 2637
0 10 2638
1 10 2638
2 10 2638
0 11 2639
1 11 2639
2 11 2639
0 12 2640
1 12 2640
2 12 2640
0 3 2641
1 3 2641
2 3 2641
0 4 2642
1 4 2642
2 4 2642
0 5 2643
1 5 2643
2 5 2643
0 6 2644
1 6 2644
2 6 2644
0 7 2645
1 7 2645
2 7 2645
0 8 2646
1 8 2646
2 8 2646
0 9 2647
1 9 2647
2 9 2647
0 10 2648
1 10 2648
2 10 2648
0 11 2649
1 11 2649
2 11 2649
0 12 2650
1 12 2650
2 12 2650
0 3 2651
1 3 2651
2 3 2651
0 4 2652
1 4 2652
2 4 2652
0 5 2653
1 5 2653
2 5 2653
0 6 2654
1 6 2654
2 6 2654
0 7 2655
1 7 2655
2 7 2655
0 8 2656
1 8 2656
2 8 2656
0 9 2657
1 9 2657
2 9 2657
0 10 2658
1 10 2658
2 10 2658
0 11 2659
1 11 2659
2 11 2659
0 12 2660
1 12 2660
2 12 2660
0 3 2661
1 3 2661
2 3 2661
0 4 2662
1 4 2662
2 4 2662
0 5 2663
1 5 2663
2 5 2663
0 6 2664
1 6 2664
2 6 2664
0 7 2665
1 7 2665
2 7 2665
0 8 2666
1 8 2666
2 8 2666
0 9 2667
1 9 2667
2 9 2667
0 10 2668
1 10 2668
2 10 2668
0 11 2669
1 11 2669
2 11 2669
0 12 2670
1 12 2670
2 12 2670
0 3 2671
1 3 2671
2 3 2671
0 4 2672
1 4 2672
2 4 2672
0 5 2673
1 5 2673
2 5 2673
0 6 2674
1 6 2674
2 6 2674
0 7 2675
1 7 2675
2 7 2675
0 8 2676
1 8 2676
2 8 2676
0 9 2677
1 9 2677
2 9 2677
0 10 2678
1 10 2678
2 10 2678
0 11 2679
1 11 2679
2 11 2679
0 12 2680
1 12 2680
2 12 2680
0 3 2681
1 3 2681
2 3 2681
0 4 2682
1 4 2682
2 4 2682
0 5 2683
1 5 2683
2 5 2683
0 6 2684
1 6 2684
2 6 2684
0 7 2685
1 7 2685
2 7 2685
0 8 2686
1 8 2686
2 8 2686
0 9 2687
1 9 2687
2 9 2687
0 10 2688
1 10 2688
2 10 2688
0 11 2689
1 11 2689
2 11 2689
0 12 2690
1 12 2690
2 12 2690
0 3 2691
1 3 2691
2 3 2691
0 4 2692
1 4 2692
2 4 2692
0 5 2693
1 5 2693
2 5 2693
0 6 2694
1 6 2694
2 6 2694
0 7 2695
1 7 2695
2 7 2695
0 8 2696
1 8 2696
2 8 2696
0 9 2697
1 9 2697
2 9 2697
0 10 2698
1 10 2698
2 10 2698
0 11 2699
1 11 2699
2 11 2699
0 12 2700
1 12 2700
2 12 2700
0 3 2701
1 3 2701
2 3 2701
0 4 2702
1 4 2702
2 4 2702
0 5 2703
1 5 2703
2 5 2703
0 6 2704
1 6 2704
2 6 2704
0 7 2705
1 7 2705
2 7 2705
0 8 2706
1 8 2706
2 8 2706
0 9 2707
1 9 2707
2 9 2707
0 10 2708
1 10 2708
2 10 2708
0 11 2709
1 11 2709
2 11 2709
0 12 2710
1 12 2710
2 12 2710
0 3 2711
1 3 2711
2 3 2711
0 4 2712
1 4 2712
2 4 2712
0 5 2713
1 5 2713
2 5 2713
0 6 2714
1 6 2714
2 6 2714
0 7 2715
1 7 2715
2 7 2715
0 8 2716
1 8 2716
2 8 2716
0 9 2717
1 9 2717
2 9 2717
0 10 2718
1 10 2718
2 10 2718
0 11 2719
1 11 2719
2 11 2719
0 12 2720
1 12 2720
2 12 2720
0 3 2721
1 3 2721
2 3 2721
0 4 2722
1 4 2722
2 4 2722
0 5 2723
1 5 2723
2 5 2723
0 6 2724
1 6 2724
2 6 2724
0 7 2725
1 7 2725
2 7 2725
0 8 2726
1 8 2726
2 8 2726
0 9 2727
1 9 2727
2 9 2727
0 10 2728
1 10 2728
2 10 2728
0 11 2729
1 11 2729
2 11 2729
0 12 2730
1 12 2730
2 12 2730
0 3 2731
1 3 2731
2 3 2731
0 4 2732
1 4 2732
2 4 2732
0 5 2733
1 5 2733
2 5 2733
0 6 2734
1 6 2734
2 6 2734
0 7 2735
1 7 2735
2 7 2735
0 8 2736
1 8 2736
2 8 2736
0 9 2737
1 9 2737
2 9 2737
0 10 2738
1 10 2738
2 10 2738
0 11 2739
1 11 2739
2 11 2739
0 12 2740
1 12 2740
2 12 2740
0 3 2741
1 3 2741
2 3 2741
0 4 2742
1 4 2742
2 4 2742
0 5 2743
1 5 2743
2 5 2743
0 6 2744
1 6 2744
2 6 2744
0 7 2745
1 7 2745
2 7 2745
0 8 2746
1 8 2746
2 8 2746
0 9 2747
1 9 2747
2 9 2747
0 10 2748
1 10 2748
2 10 2748
0 11 2749
1 11 2749
2 11 2749
0 12 2750
1 12 2750
2 12 2750
0 3 2751
1 3 2751
2 3 2751
0 4 2752
1 4 2752
2 4 2752
0 5 2753
1 5 2753
2 5 2753
0 6 2754
1 6 2754
2 6 2754
0 7 2755
1 7 2755
2 7 2755
0 8 2756
1 8 2756
2 8 2756
0 9 2757
1 9 2757
2 9 2757
0 10 2758
1 10 2758
2 10 2758
0 11 2759
1 11 2759
2 11 2759
0 12 2760
1 12 2760
2 12 2760
0 3 2761
1 3 2761
2 3 2761
0 4 2762
1 4 2762
2 4 2762
0 5 2763
1 5 2763
2 5 2763
0 6 2764
1 6 2764
2 6 2764
0 7 2765
1 7 2765
2 7 2765
0 8 2766
1 8 2766
2 8 2766
0 9 2767
1 9 2767
2 9 2767
0 10 2768
1 10 2768
2 10 2768
0 11 2769
1 11 2769
2 11 2769
0 12 2770
1 12 2770
2 12 2770
0 3 2771
1 3 2771
2 3 2771
0 4 2772
1 4 2772
2 4 2772
0 5 2773
1 5 2773
2 5 2773
0 6 2774
1 6 2774
2 6 2774
0 7 2775
1 7 2775
2 7 2775
0 8 2776
1 8 2776
2 8 2776
0 9 2777
1 9 2777
2 9 2777
0 10 2778
1 10 2778
2 10 2778
0 11 2779
1 11 2779
2 11 2779
0 12 2780
1 12 2780
2 12 2780
0 3 2781
1 3 2781
2 3 2781
0 4 2782
1 4 2782
2 4 2782
0 5 2783
1 5 2783
2 5 2783
0 6 2784
1 6 2784
2 6 2784
0 7 2785
1 7 2785
2 7 2785
0 8 2786
1 8 2786
2 8 2786
0 9 2787
1 9 2787
2 9 2787
0 10 2788
1 10 2788
2 10 2788
0 11 2789
1 11 2789
2 11 2789
0 12 2790
1 12 2790
2 12 2790
0 3 2791
1 3 2791
2 3 2791
0 4 2792
1 4 2792
2 4 2792
0 5 2793
1 5 2793
2 5 2793
0 6 2794
1 6 2794
2 6 2794
0 7 2795
1 7 2795
2 7 2795
0 8 2796
1 8 2796
2 8 2796
0 9 2797
1 9 2797
2 9 2797
0 10 2798
1 10 2798
2 10 2798
0 11 2799
1 11 2799
2 11 2799
0 12 2800
1 12 2800
2 12 2800
0 3 2801
1 3 2801
2 3 2801
0 4 2802
1 4 2802
2 4 2802
0 5 2803
1 5 2803
2 5 2803
0 6 2804
1 6 2804
2 6 2804
0 7 2805
1 7 2805
2 7 2805
0 8 2806
1 8 2806
2 8 2806
0 9 2807
1 9 2807
2 9 2807
0 10 2808
1 10 2808
2 10 2808
0 11 2809
1 11 2809
2 11 2809
0 12 2810
1 12 2810
2 12 2810
0 3 2811
1 3 2811
2 3 2811
0 4 2812
1 4 2812
2 4 2812
0 5 2813
1 5 2813
2 5 2813
0 6 2814
1 6 2814
2 6 2814
0 7 2815
1 7 2815
2 7 2815
0 8 2816
1 8 2816
2 8 2816
0 9 2817
1 9 2817
2 9 2817
0 10 2818
1 10 2818
2 10 2818
0 11 2819
1 11 2819
2 11 2819
0 12 2820
1 12 2820
2 12 2820
0 3 2821
1 3 2821
2 3 2821
0 4 2822
1 4 2822
2 4 2822
0 5 2823
1 5 2823
2 5 2823
0 6 2824
1 6 2824
2 6 2824
0 7 2825
1 7 2825
2 7 2825
0 8 2826
1 8 2826
2 8 2826
0 9 2827
1 9 2827
2 9 2827
0 10 2828
1 10 2828
2 10 2828
0 11 2829
1 11 2829
2 11 2829
0 12 2830
1 12 2830
2 12 2830
0 3 2831
1 3 2831
2 3 2831
0 4 2832
1 4 2832
2 4 2832
0 5 2833
1 5 2833
2 5 2833
0 6 2834
1 6 2834
2 6 2834
0 7 2835
1 7 2835
2 7 2835
0 8 2836
1 8 2836
2 8 2836
0 9 2837
1 9 2837
2 9 2837
0 10 2838
1 10 2838
2 10 2838
0 11 2839
1 11 2839
2 11 2839
0 12 2840
1 12 2840
2 12 2840
0 3 2841
1 3 2841
2 3 2841
0 4 2842
1 4 2842
2 4 2842
0 5 2843
1 5 2843
2 5 2843
0 6 2844
1 6 2844
2 6 2844
0 7 2845
1 7 2845
2 7 2845
0 8 2846
1 8 2846
2 8 2846
0 9 2847
1 9 2847
2 9 2847
0 10 2848
1 10 2848
2 10 2848
0 11 2849
1 11 2849
2 11 2849
0 12 2850
1 12 2850
2 12 2850
0 3 2851
1 3 2851
2 3 2851
0 4 2852
1 4 2852
2 4 2852
0 5 2853
1 5 2853
2 5 2853
0 6 2854
1 6 2854
2 6 2854
0 7 2855
1 7 2855
2 7 2855
0 8 2856
1 8 2856
2 8 2856
0 9 2857
1 9 2857
2 9 2857
0 10 2858
1 10 2858
2 10 2858
0 11 2859
1 11 2859
2 11 2859
0 12 2860
1 12 2860
2 12 2860
0 3 2861
1 3 2861
2 3 2861
0 4 2862
1 4 2862
2 4 2862
0 5 2863
1 5 2863
2 5 2863
0 6 2864
1 6 2864
2 6 2864
0 7 2865
1 7 2865
2 7 2865
0 8 2866
1 8 2866
2 8 2866
0 9 2867
1 9 2867
2 9 2867
0 10 2868
1 10 2868
2 10 2868
0 11 2869
1 11 2869
2 11 2869
0 12 2870
1 12 2870
2 12 2870
0 3 2871
1 3 2871
2 3 2871
0 4 2872
1 4 2872
2 4 2872
0 5 2873
1 5 2873
2 5 2873
0 6 2874
1 6 2874
2 6 2874
0 7 2875
1 7 2875
2 7 2875
0 8 2876
1 8 2876
2 8 2876
0 9 2877
1 9 2877
2 9 2877
0 10 2878
1 10 2878
2 10 2878
0 11 2879
1 11 2879
2 11 2879
0 12 2880
1 12 2880
2 12 2880
0 3 2881
1 3 2881
2 3 2881
0 4 2882
1 4 2882
2 4 2882
0 5 2883
1 5 2883
2 5 2883
0 6 2884
1 6 2884
2 6 2884
0 7 2885
1 7 2885
2 7 2885
0 8 2886
1 8 2886
2 8 2886
0 9 2887
1 9 2887
2 9 2887
0 10 2888
1 10 2888
2 10 2888
0 11 2889
1 11 2889
2 11 2889
0 12 2890
1 12 2890
2 12 2890
0 3 2891
1 3 2891
2 3 2891
0 4 2892
1 4 2892
2 4 2892
0 5 2893
1 5 2893
2 5 2893
0 6 2894
1 6 2894
2 6 2894
0 7 2895
1 7 2895
2 7 2895
0 8 2896
1 8 2896
2 8 2896
0 9 2897
1 9 2897
2 9 2897
0 10 2898
1 10 2898
2 10 2898
0 11 2899
1 11 2899
2 11 2899
0 12 2900
1 12 2900
2 12 2900
0 3 2901
1 3 2901
2 3 2901
0 4 2902
1 4 2902
2 4 2902
0 5 2903
1 5 2903
2 5 2903
0 6 2904
1 6 2904
2 6 2904
0 7 2905
1 7 2905
2 7 2905
0 8 2906
1 8 2906
2 8 2906
0 9 2907
1 9 2907
2 9 2907
0 10 2908
1 10 2908
2 10 2908
0 11 2909
1 11 2909
2 11 2909
0 12 2910
1 12 2910
2 12 2910
0 3 2911
1 3 2911
2 3 2911
0 4 2912
1 4 2912
2 4 2912
0 5 2913
1 5 2913
2 5 2913
0 6 2914
1 6 2914
2 6 2914
0 7 2915
1 7 2915
2 7 2915
0 8 2916
1 8 2916
2 8 2916
0 9 2917
1 9 2917
2 9 2917
0 10 2918
1 10 2918
2 10 2918
0 11 2919
1 11 2919
2 11 2919
0 12 2920
1 12 2920
2 12 2920
0 3 2921
1 3 2921
2 3 2921
0 4 2922
1 4 2922
2 4 2922
0 5 2923
1 5 2923
2 5 2923
0 6 2924
1 6 2924
2 6 2924
0 7 2925
1 7 2925
2 7 2925
0 8 2926
1 8 2926
2 8 2926
0 9 2927
1 9 2927
2 9 2927
0 10 2928
1 10 2928
2 10 2928
0 11 2929
1 11 2929
2 11 2929
0 12 2930
1 12 2930
2 12 2930
0 3 2931
1 3 2931
2 3 2931
0 4 2932
1 4 2932
2 4 2932
0 5 2933
1 5 2933
2 5 2933
0 6 2934
1 6 2934
2 6 2934
0 7 2935
1 7 2935
2 7 2935
0 8 2936
1 8 2936
2 8 2936
0 9 2937
1 9 2937
2 9 2937
0 10 2938
1 10 2938
2 10 2938
0 11 2939
1 11 2939
2 11 2939
0 12 2940
1 12 2940
2 12 2940
0 3 2941
1 3 2941
2 3 2941
0 4 2942
1 4 2942
2 4 2942
0 5 2943
1 5 2943
2 5 2943
0 6 2944
1 6 2944
2 6 2944
0 7 2945
1 7 2945
2 7 2945
0 8 2946
1 8 2946
2 8 2946
0 9 2947
1 9 2947
2 9 2947
0 10 2948
1 10 2948
2 10 2948
0 11 2949
1 11 2949
2 11 2949
0 12 2950
1 12 2950
2 12 2950
0 3 2951
1 3 2951
2 3 2951
0 4 2952
1 4 2952
2 4 2952
0 5 2953
1 5 2953
2 5 2953
0 6 2954
1 6 2954
2 6 2954
0 7 2955
1 7 2955
2 7 2955
0 8 2956
1 8 2956
2 8 2956
0 9 2957
1 9 2957
2 9 2957
0 10 2958
1 10 2958
2 10 2958
0 11 2959
1 11 2959
2 11 2959
0 12 2960
1 12 2960
2 12 2960
0 3 2961
1 3 2961
2 3 2961
0 4 2962
1 4 2962
2 4 2962
0 5 2963
1 5 2963
2 5 2963
0 6 2964
1 6 2964
2 6 2964
0 7 2965
1 7 2965
2 7 2965
0 8 2966
1 8 2966
2 8 2966
0 9 2967
1 9 2967
2 9 2967
0 10 2968
1 10 2968
2 10 2968
0 11 2969
1 11 2969
2 11 2969
0 12 2970
1 12 2970
2 12 2970
0 3 2971
1 3 2971
2 3 2971
0 4 2972
1 4 2972
2 4 2972
0 5 2973
1 5 2973
2 5 2973
0 6 2974
1 6 2974
2 6 2974
0 7 2975
1 7 2975
2 7 2975
0 8 2976
1 8 2976
2 8 2976
0 9 2977
1 9 2977
2 9 2977
0 10 2978
1 10 2978
2 10 2978
0 11 2979
1 11 2979
2 11 2979
0 12 2980
1 12 2980
2 12 2980
0 3 2981
1 3 2981
2 3 2981
0 4 2982
1 4 2982
2 4 2982
0 5 2983
1 5 2983
2 5 2983
0 6 2984
1 6 2984
2 6 2984
0 7 2985
1 7 2985
2 7 2985
0 8 2986
1 8 2986
2 8 2986
0 9 2987
1 9 2987
2 9 2987
0 10 2988
1 10 2988
2 10 2988
0 11 2989
1 11 2989
2 11 2989
0 12 2990
1 12 2990
2 12 2990
0 3 2991
1 3 2991
2 3 2991
0 4 2992
1 4 2992
2 4 2992
0 5 2993
1 5 2993
2 5 2993
0 6 2994
1 6 2994
2 6 2994
0 7 2995
1 7 2995
2 7 2995
0 8 2996
1 8 2996
2 8 2996
0 9 2997
1 9 2997
2 9 2997
0 10 2998
1 10 2998
2 10 2998
0 11 2999
1 11 2999
2 11 2999
0 12 3000
1 12 3000
2 12 3000
0 3 3001
1 3 3001
2 3 3001
0 4 3002
1 4 3002
2 4 3002
0 5 3003
1 5 3003
2 5 3003
0 6 3004
1 6 3004
2 6 3004
0 7 3005
1 7 3005
2 7 3005
0 8 3006
1 8 3006
2 8 3006
0 9 3007
1 9 3007
2 9 3007
0 10 3008
1 10 3008
2 10 3008
0 11 3009
1 11 3009
2 11 3009
0 12 3010
1 12 3010
2 12 3010
0 3 3011
1 3 3011
2 3 3011
0 4 3012
1 4 3012
2 4 3012
0 5 3013
1 5 3013
2 5 3013
0 6 3014
1 6 3014
2 6 3014
0 7 3015
1 7 3015
2 7 3015
0 8 3016
1 8 3016
2 8 3016
0 9 3017
1 9 3017
2 9 3017
0 10 3018
1 10 3018
2 10 3018
0 11 3019
1 11 3019
2 11 3019
0 12 3020
1 12 3020
2 12 3020
