3 13 1
4 13 1
5 13 1
6 13 1
7 13 1
8 13 1
9 13 1
10 13 1
11 13 1
12 13 1
3 14 2
4 14 2
5 14 2
6 14 2
7 14 2
8 14 2
9 14 2
10 14 2
11 14 2
12 14 2
3 15 3
4 15 3
5 15 3
6 15 3
7 15 3
8 15 3
9 15 3
10 15 3
11 15 3
12 15 3
3 13 4
4 13 4
5 13 4
6 13 4
7 13 4
8 13 4
9 13 4
10 13 4
11 13 4
12 13 4
3 14 5
4 14 5
5 14 5
6 14 5
7 14 5
8 14 5
9 14 5
10 14 5
11 14 5
12 14 5
3 15 6
4 15 6
5 15 6
6 15 6
7 15 6
8 15 6
9 15 6
10 15 6
11 15 6
12 15 6
3 13 7
4 13 7
5 13 7
6 13 7
7 13 7
8 13 7
9 13 7
10 13 7
11 13 7
12 13 7
3 14 8
4 14 8
5 14 8
6 14 8
7 14 8
8 14 8
9 14 8
10 14 8
11 14 8
12 14 8
3 15 9
4 15 9
5 15 9
6 15 9
7 15 9
8 15 9
9 15 9
10 15 9
11 15 9
12 15 9
3 13 10
4 13 10
5 13 10
6 13 10
7 13 10
8 13 10
9 13 10
10 13 10
11 13 10
12 13 10
3 14 11
4 14 11
5 14 11
6 14 11
7 14 11
8 14 11
9 14 11
10 14 11
11 14 11
12 14 11
3 15 12
4 15 12
5 15 12
6 15 12
7 15 12
8 15 12
9 15 12
10 15 12
11 15 12
12 15 12
3 13 13
4 13 13
5 13 13
6 13 13
7 13 13
8 13 13
9 13 13
10 13 13
11 13 13
12 13 13
3 14 14
4 14 14
5 14 14
6 14 14
7 14 14
8 14 14
9 14 14
10 14 14
11 14 14
12 14 14
3 15 15
4 15 15
5 15 15
6 15 15
7 15 15
8 15 15
9 15 15
10 15 15
11 15 15
12 15 15
3 13 16
4 13 16
5 13 16
6 13 16
7 13 16
8 13 16
9 13 16
10 13 16
11 13 16
12 13 16
3 14 17
4 14 17
5 14 17
6 14 17
7 14 17
8 14 17
9 14 17
10 14 17
11 14 17
12 14 17
3 15 18
4 15 18
5 15 18
6 15 18
7 15 18
8 15 18
9 15 18
10 15 18
11 15 18
12 15 18
3 13 19
4 13 19
5 13 19
6 13 19
7 13 19
8 13 19
9 13 19
10 13 19
11 13 19
12 13 19
3 14 20
4 14 20
5 14 20
6 14 20
7 14 20
8 14 20
9 14 20
10 14 20
11 14 20
12 14 20
3 15 21
4 15 21
5 15 21
6 15 21
7 15 21
8 15 21
9 15 21
10 15 21
11 15 21
12 15 21
3 13 22
4 13 22
5 13 22
6 13 22
7 13 22
8 13 22
9 13 22
10 13 22
11 13 22
12 13 22
3 14 23
4 14 23
5 14 23
6 14 23
7 14 23
8 14 23
9 14 23
10 14 23
11 14 23
12 14 23
3 15 24
4 15 24
5 15 24
6 15 24
7 15 24
8 15 24
9 15 24
10 15 24
11 15 24
12 15 24
3 13 25
4 13 25
5 13 25
6 13 25
7 13 25
8 13 25
9 13 25
10 13 25
11 13 25
12 13 25
3 14 26
4 14 26
5 14 26
6 14 26
7 14 26
8 14 26
9 14 26
10 14 26
11 14 26
12 14 26
3 15 27
4 15 27
5 15 27
6 15 27
7 15 27
8 15 27
9 15 27
10 15 27
11 15 27
12 15 27
3 13 28
4 13 28
5 13 28
6 13 28
7 13 28
8 13 28
9 13 28
10 13 28
11 13 28
12 13 28
3 14 29
4 14 29
5 14 29
6 14 29
7 14 29
8 14 29
9 14 29
10 14 29
11 14 29
12 14 29
3 15 30
4 15 30
5 15 30
6 15 30
7 15 30
8 15 30
9 15 30
10 15 30
11 15 30
12 15 30
3 13 31
4 13 31
5 13 31
6 13 31
7 13 31
8 13 31
9 13 31
10 13 31
11 13 31
12 13 31
3 14 32
4 14 32
5 14 32
6 14 32
7 14 32
8 14 32
9 14 32
10 14 32
11 14 32
12 14 32
3 15 33
4 15 33
5 15 33
6 15 33
7 15 33
8 15 33
9 15 33
10 15 33
11 15 33
12 15 33
3 13 34
4 13 34
5 13 34
6 13 34
7 13 34
8 13 34
9 13 34
10 13 34
11 13 34
12 13 34
3 14 35
4 14 35
5 14 35
6 14 35
7 14 35
8 14 35
9 14 35
10 14 35
11 14 35
12 14 35
3 15 36
4 15 36
5 15 36
6 15 36
7 15 36
8 15 36
9 15 36
10 15 36
11 15 36
12 15 36
3 13 37
4 13 37
5 13 37
6 13 37
7 13 37
8 13 37
9 13 37
10 13 37
11 13 37
12 13 37
3 14 38
4 14 38
5 14 38
6 14 38
7 14 38
8 14 38
9 14 38
10 14 38
11 14 38
12 14 38
3 15 39
4 15 39
5 15 39
6 15 39
7 15 39
8 15 39
9 15 39
10 15 39
11 15 39
12 15 39
3 13 40
4 13 40
5 13 40
6 13 40
7 13 40
8 13 40
9 13 40
10 13 40
11 13 40
12 13 40
3 14 41
4 14 41
5 14 41
6 14 41
7 14 41
8 14 41
9 14 41
10 14 41
11 14 41
12 14 41
3 15 42
4 15 42
5 15 42
6 15 42
7 15 42
8 15 42
9 15 42
10 15 42
11 15 42
12 15 42
3 13 43
4 13 43
5 13 43
6 13 43
7 13 43
8 13 43
9 13 43
10 13 43
11 13 43
12 13 43
3 14 44
4 14 44
5 14 44
6 14 44
7 14 44
8 14 44
9 14 44
10 14 44
11 14 44
12 14 44
3 15 45
4 15 45
5 15 45
6 15 45
7 15 45
8 15 45
9 15 45
10 15 45
11 15 45
12 15 45
3 13 46
4 13 46
5 13 46
6 13 46
7 13 46
8 13 46
9 13 46
10 13 46
11 13 46
12 13 46
3 14 47
4 14 47
5 14 47
6 14 47
7 14 47
8 14 47
9 14 47
10 14 47
11 14 47
12 14 47
3 15 48
4 15 48
5 15 48
6 15 48
7 15 48
8 15 48
9 15 48
10 15 48
11 15 48
12 15 48
3 13 49
4 13 49
5 13 49
6 13 49
7 13 49
8 13 49
9 13 49
10 13 49
11 13 49
12 13 49
3 14 50
4 14 50
5 14 50
6 14 50
7 14 50
8 14 50
9 14 50
10 14 50
11 14 50
12 14 50
3 15 51
4 15 51
5 15 51
6 15 51
7 15 51
8 15 51
9 15 51
10 15 51
11 15 51
12 15 51
3 13 52
4 13 52
5 13 52
6 13 52
7 13 52
8 13 52
9 13 52
10 13 52
11 13 52
12 13 52
3 14 53
4 14 53
5 14 53
6 14 53
7 14 53
8 14 53
9 14 53
10 14 53
11 14 53
12 14 53
3 15 54
4 15 54
5 15 54
6 15 54
7 15 54
8 15 54
9 15 54
10 15 54
11 15 54
12 15 54
3 13 55
4 13 55
5 13 55
6 13 55
7 13 55
8 13 55
9 13 55
10 13 55
11 13 55
12 13 55
3 14 56
4 14 56
5 14 56
6 14 56
7 14 56
8 14 56
9 14 56
10 14 56
11 14 56
12 14 56
3 15 57
4 15 57
5 15 57
6 15 57
7 15 57
8 15 57
9 15 57
10 15 57
11 15 57
12 15 57
3 13 58
4 13 58
5 13 58
6 13 58
7 13 58
8 13 58
9 13 58
10 13 58
11 13 58
12 13 58
3 14 59
4 14 59
5 14 59
6 14 59
7 14 59
8 14 59
9 14 59
10 14 59
11 14 59
12 14 59
3 15 60
4 15 60
5 15 60
6 15 60
7 15 60
8 15 60
9 15 60
10 15 60
11 15 60
12 15 60
3 13 61
4 13 61
5 13 61
6 13 61
7 13 61
8 13 61
9 13 61
10 13 61
11 13 61
12 13 61
3 14 62
4 14 62
5 14 62
6 14 62
7 14 62
8 14 62
9 14 62
10 14 62
11 14 62
12 14 62
3 15 63
4 15 63
5 15 63
6 15 63
7 15 63
8 15 63
9 15 63
10 15 63
11 15 63
12 15 63
3 13 64
4 13 64
5 13 64
6 13 64
7 13 64
8 13 64
9 13 64
10 13 64
11 13 64
12 13 64
3 14 65
4 14 65
5 14 65
6 14 65
7 14 65
8 14 65
9 14 65
10 14 65
11 14 65
12 14 65
3 15 66
4 15 66
5 15 66
6 15 66
7 15 66
8 15 66
9 15 66
10 15 66
11 15 66
12 15 66
3 13 67
4 13 67
5 13 67
6 13 67
7 13 67
8 13 67
9 13 67
10 13 67
11 13 67
12 13 67
3 14 68
4 14 68
5 14 68
6 14 68
7 14 68
8 14 68
9 14 68
10 14 68
11 14 68
12 14 68
3 15 69
4 15 69
5 15 69
6 15 69
7 15 69
8 15 69
9 15 69
10 15 69
11 15 69
12 15 69
3 13 70
4 13 70
5 13 70
6 13 70
7 13 70
8 13 70
9 13 70
10 13 70
11 13 70
12 13 70
3 14 71
4 14 71
5 14 71
6 14 71
7 14 71
8 14 71
9 14 71
10 14 71
11 14 71
12 14 71
3 15 72
4 15 72
5 15 72
6 15 72
7 15 72
8 15 72
9 15 72
10 15 72
11 15 72
12 15 72
3 13 73
4 13 73
5 13 73
6 13 73
7 13 73
8 13 73
9 13 73
10 13 73
11 13 73
12 13 73
3 14 74
4 14 74
5 14 74
6 14 74
7 14 74
8 14 74
9 14 74
10 14 74
11 14 74
12 14 74
3 15 75
4 15 75
5 15 75
6 15 75
7 15 75
8 15 75
9 15 75
10 15 75
11 15 75
12 15 75
3 13 76
4 13 76
5 13 76
6 13 76
7 13 76
8 13 76
9 13 76
10 13 76
11 13 76
12 13 76
3 14 77
4 14 77
5 14 77
6 14 77
7 14 77
8 14 77
9 14 77
10 14 77
11 14 77
12 14 77
3 15 78
4 15 78
5 15 78
6 15 78
7 15 78
8 15 78
9 15 78
10 15 78
11 15 78
12 15 78
3 13 79
4 13 79
5 13 79
6 13 79
7 13 79
8 13 79
9 13 79
10 13 79
11 13 79
12 13 79
3 14 80
4 14 80
5 14 80
6 14 80
7 14 80
8 14 80
9 14 80
10 14 80
11 14 80
12 14 80
3 15 81
4 15 81
5 15 81
6 15 81
7 15 81
8 15 81
9 15 81
10 15 81
11 15 81
12 15 81
3 13 82
4 13 82
5 13 82
6 13 82
7 13 82
8 13 82
9 13 82
10 13 82
11 13 82
12 13 82
3 14 83
4 14 83
5 14 83
6 14 83
7 14 83
8 14 83
9 14 83
10 14 83
11 14 83
12 14 83
3 15 84
4 15 84
5 15 84
6 15 84
7 15 84
8 15 84
9 15 84
10 15 84
11 15 84
12 15 84
3 13 85
4 13 85
5 13 85
6 13 85
7 13 85
8 13 85
9 13 85
10 13 85
11 13 85
12 13 85
3 14 86
4 14 86
5 14 86
6 14 86
7 14 86
8 14 86
9 14 86
10 14 86
11 14 86
12 14 86
3 15 87
4 15 87
5 15 87
6 15 87
7 15 87
8 15 87
9 15 87
10 15 87
11 15 87
12 15 87
3 13 88
4 13 88
5 13 88
6 13 88
7 13 88
8 13 88
9 13 88
10 13 88
11 13 88
12 13 88
3 14 89
4 14 89
5 14 89
6 14 89
7 14 89
8 14 89
9 14 89
10 14 89
11 14 89
12 14 89
3 15 90
4 15 90
5 15 90
6 15 90
7 15 90
8 15 90
9 15 90
10 15 90
11 15 90
12 15 90
3 13 91
4 13 91
5 13 91
6 13 91
7 13 91
8 13 91
9 13 91
10 13 91
11 13 91
12 13 91
3 14 92
4 14 92
5 14 92
6 14 92
7 14 92
8 14 92
9 14 92
10 14 92
11 14 92
12 14 92
3 15 93
4 15 93
5 15 93
6 15 93
7 15 93
8 15 93
9 15 93
10 15 93
11 15 93
12 15 93
3 13 94
4 13 94
5 13 94
6 13 94
7 13 94
8 13 94
9 13 94
10 13 94
11 13 94
12 13 94
3 14 95
4 14 95
5 14 95
6 14 95
7 14 95
8 14 95
9 14 95
10 14 95
11 14 95
12 14 95
3 15 96
4 15 96
5 15 96
6 15 96
7 15 96
8 15 96
9 15 96
10 15 96
11 15 96
12 15 96
3 13 97
4 13 97
5 13 97
6 13 97
7 13 97
8 13 97
9 13 97
10 13 97
11 13 97
12 13 97
3 14 98
4 14 98
5 14 98
6 14 98
7 14 98
8 14 98
9 14 98
10 14 98
11 14 98
12 14 98
3 15 99
4 15 99
5 15 99
6 15 99
7 15 99
8 15 99
9 15 99
10 15 99
11 15 99
12 15 99
3 13 100
4 13 100
5 13 100
6 13 100
7 13 100
8 13 100
9 13 100
10 13 100
11 13 100
12 13 100
3 14 101
4 14 101
5 14 101
6 14 101
7 14 101
8 14 101
9 14 101
10 14 101
11 14 101
12 14 101
3 15 102
4 15 102
5 15 102
6 15 102
7 15 102
8 15 102
9 15 102
10 15 102
11 15 102
12 15 102
3 13 103
4 13 103
5 13 103
6 13 103
7 13 103
8 13 103
9 13 103
10 13 103
11 13 103
12 13 103
3 14 104
4 14 104
5 14 104
6 14 104
7 14 104
8 14 104
9 14 104
10 14 104
11 14 104
12 14 104
3 15 105
4 15 105
5 15 105
6 15 105
7 15 105
8 15 105
9 15 105
10 15 105
11 15 105
12 15 105
3 13 106
4 13 106
5 13 106
6 13 106
7 13 106
8 13 106
9 13 106
10 13 106
11 13 106
12 13 106
3 14 107
4 14 107
5 14 107
6 14 107
7 14 107
8 14 107
9 14 107
10 14 107
11 14 107
12 14 107
3 15 108
4 15 108
5 15 108
6 15 108
7 15 108
8 15 108
9 15 108
10 15 108
11 15 108
12 15 108
3 13 109
4 13 109
5 13 109
6 13 109
7 13 109
8 13 109
9 13 109
10 13 109
11 13 109
12 13 109
3 14 110
4 14 110
5 14 110
6 14 110
7 14 110
8 14 110
9 14 110
10 14 110
11 14 110
12 14 110
3 15 111
4 15 111
5 15 111
6 15 111
7 15 111
8 15 111
9 15 111
10 15 111
11 15 111
12 15 111
3 13 112
4 13 112
5 13 112
6 13 112
7 13 112
8 13 112
9 13 112
10 13 112
11 13 112
12 13 112
3 14 113
4 14 113
5 14 113
6 14 113
7 14 113
8 14 113
9 14 113
10 14 113
11 14 113
12 14 113
3 15 114
4 15 114
5 15 114
6 15 114
7 15 114
8 15 114
9 15 114
10 15 114
11 15 114
12 15 114
3 13 115
4 13 115
5 13 115
6 13 115
7 13 115
8 13 115
9 13 115
10 13 115
11 13 115
12 13 115
3 14 116
4 14 116
5 14 116
6 14 116
7 14 116
8 14 116
9 14 116
10 14 116
11 14 116
12 14 116
3 15 117
4 15 117
5 15 117
6 15 117
7 15 117
8 15 117
9 15 117
10 15 117
11 15 117
12 15 117
3 13 118
4 13 118
5 13 118
6 13 118
7 13 118
8 13 118
9 13 118
10 13 118
11 13 118
12 13 118
3 14 119
4 14 119
5 14 119
6 14 119
7 14 119
8 14 119
9 14 119
10 14 119
11 14 119
12 14 119
3 15 120
4 15 120
5 15 120
6 15 120
7 15 120
8 15 120
9 15 120
10 15 120
11 15 120
12 15 120
3 13 121
4 13 121
5 13 121
6 13 121
7 13 121
8 13 121
9 13 121
10 13 121
11 13 121
12 13 121
3 14 122
4 14 122
5 14 122
6 14 122
7 14 122
8 14 122
9 14 122
10 14 122
11 14 122
12 14 122
3 15 123
4 15 123
5 15 123
6 15 123
7 15 123
8 15 123
9 15 123
10 15 123
11 15 123
12 15 123
3 13 124
4 13 124
5 13 124
6 13 124
7 13 124
8 13 124
9 13 124
10 13 124
11 13 124
12 13 124
3 14 125
4 14 125
5 14 125
6 14 125
7 14 125
8 14 125
9 14 125
10 14 125
11 14 125
12 14 125
3 15 126
4 15 126
5 15 126
6 15 126
7 15 126
8 15 126
9 15 126
10 15 126
11 15 126
12 15 126
3 13 127
4 13 127
5 13 127
6 13 127
7 13 127
8 13 127
9 13 127
10 13 127
11 13 127
12 13 127
3 14 128
4 14 128
5 14 128
6 14 128
7 14 128
8 14 128
9 14 128
10 14 128
11 14 128
12 14 128
3 15 129
4 15 129
5 15 129
6 15 129
7 15 129
8 15 129
9 15 129
10 15 129
11 15 129
12 15 129
3 13 130
4 13 130
5 13 130
6 13 130
7 13 130
8 13 130
9 13 130
10 13 130
11 13 130
12 13 130
3 14 131
4 14 131
5 14 131
6 14 131
7 14 131
8 14 131
9 14 131
10 14 131
11 14 131
12 14 131
3 15 132
4 15 132
5 15 132
6 15 132
7 15 132
8 15 132
9 15 132
10 15 132
11 15 132
12 15 132
3 13 133
4 13 133
5 13 133
6 13 133
7 13 133
8 13 133
9 13 133
10 13 133
11 13 133
12 13 133
3 14 134
4 14 134
5 14 134
6 14 134
7 14 134
8 14 134
9 14 134
10 14 134
11 14 134
12 14 134
3 15 135
4 15 135
5 15 135
6 15 135
7 15 135
8 15 135
9 15 135
10 15 135
11 15 135
12 15 135
3 13 136
4 13 136
5 13 136
6 13 136
7 13 136
8 13 136
9 13 136
10 13 136
11 13 136
12 13 136
3 14 137
4 14 137
5 14 137
6 14 137
7 14 137
8 14 137
9 14 137
10 14 137
11 14 137
12 14 137
3 15 138
4 15 138
5 15 138
6 15 138
7 15 138
8 15 138
9 15 138
10 15 138
11 15 138
12 15 138
3 13 139
4 13 139
5 13 139
6 13 139
7 13 139
8 13 139
9 13 139
10 13 139
11 13 139
12 13 139
3 14 140
4 14 140
5 14 140
6 14 140
7 14 140
8 14 140
9 14 140
10 14 140
11 14 140
12 14 140
3 15 141
4 15 141
5 15 141
6 15 141
7 15 141
8 15 141
9 15 141
10 15 141
11 15 141
12 15 141
3 13 142
4 13 142
5 13 142
6 13 142
7 13 142
8 13 142
9 13 142
10 13 142
11 13 142
12 13 142
3 14 143
4 14 143
5 14 143
6 14 143
7 14 143
8 14 143
9 14 143
10 14 143
11 14 143
12 14 143
3 15 144
4 15 144
5 15 144
6 15 144
7 15 144
8 15 144
9 15 144
10 15 144
11 15 144
12 15 144
3 13 145
4 13 145
5 13 145
6 13 145
7 13 145
8 13 145
9 13 145
10 13 145
11 13 145
12 13 145
3 14 146
4 14 146
5 14 146
6 14 146
7 14 146
8 14 146
9 14 146
10 14 146
11 14 146
12 14 146
3 15 147
4 15 147
5 15 147
6 15 147
7 15 147
8 15 147
9 15 147
10 15 147
11 15 147
12 15 147
3 13 148
4 13 148
5 13 148
6 13 148
7 13 148
8 13 148
9 13 148
10 13 148
11 13 148
12 13 148
3 14 149
4 14 149
5 14 149
6 14 149
7 14 149
8 14 149
9 14 149
10 14 149
11 14 149
12 14 149
3 15 150
4 15 150
5 15 150
6 15 150
7 15 150
8 15 150
9 15 150
10 15 150
11 15 150
12 15 150
3 13 151
4 13 151
5 13 151
6 13 151
7 13 151
8 13 151
9 13 151
10 13 151
11 13 151
12 13 151
3 14 152
4 14 152
5 14 152
6 14 152
7 14 152
8 14 152
9 14 152
10 14 152
11 14 152
12 14 152
3 15 153
4 15 153
5 15 153
6 15 153
7 15 153
8 15 153
9 15 153
10 15 153
11 15 153
12 15 153
3 13 154
4 13 154
5 13 154
6 13 154
7 13 154
8 13 154
9 13 154
10 13 154
11 13 154
12 13 154
3 14 155
4 14 155
5 14 155
6 14 155
7 14 155
8 14 155
9 14 155
10 14 155
11 14 155
12 14 155
3 15 156
4 15 156
5 15 156
6 15 156
7 15 156
8 15 156
9 15 156
10 15 156
11 15 156
12 15 156
3 13 157
4 13 157
5 13 157
6 13 157
7 13 157
8 13 157
9 13 157
10 13 157
11 13 157
12 13 157
3 14 158
4 14 158
5 14 158
6 14 158
7 14 158
8 14 158
9 14 158
10 14 158
11 14 158
12 14 158
3 15 159
4 15 159
5 15 159
6 15 159
7 15 159
8 15 159
9 15 159
10 15 159
11 15 159
12 15 159
3 13 160
4 13 160
5 13 160
6 13 160
7 13 160
8 13 160
9 13 160
10 13 160
11 13 160
12 13 160
3 14 161
4 14 161
5 14 161
6 14 161
7 14 161
8 14 161
9 14 161
10 14 161
11 14 161
12 14 161
3 15 162
4 15 162
5 15 162
6 15 162
7 15 162
8 15 162
9 15 162
10 15 162
11 15 162
12 15 162
3 13 163
4 13 163
5 13 163
6 13 163
7 13 163
8 13 163
9 13 163
10 13 163
11 13 163
12 13 163
3 14 164
4 14 164
5 14 164
6 14 164
7 14 164
8 14 164
9 14 164
10 14 164
11 14 164
12 14 164
3 15 165
4 15 165
5 15 165
6 15 165
7 15 165
8 15 165
9 15 165
10 15 165
11 15 165
12 15 165
3 13 166
4 13 166
5 13 166
6 13 166
7 13 166
8 13 166
9 13 166
10 13 166
11 13 166
12 13 166
3 14 167
4 14 167
5 14 167
6 14 167
7 14 167
8 14 167
9 14 167
10 14 167
11 14 167
12 14 167
3 15 168
4 15 168
5 15 168
6 15 168
7 15 168
8 15 168
9 15 168
10 15 168
11 15 168
12 15 168
3 13 169
4 13 169
5 13 169
6 13 169
7 13 169
8 13 169
9 13 169
10 13 169
11 13 169
12 13 169
3 14 170
4 14 170
5 14 170
6 14 170
7 14 170
8 14 170
9 14 170
10 14 170
11 14 170
12 14 170
3 15 171
4 15 171
5 15 171
6 15 171
7 15 171
8 15 171
9 15 171
10 15 171
11 15 171
12 15 171
3 13 172
4 13 172
5 13 172
6 13 172
7 13 172
8 13 172
9 13 172
10 13 172
11 13 172
12 13 172
3 14 173
4 14 173
5 14 173
6 14 173
7 14 173
8 14 173
9 14 173
10 14 173
11 14 173
12 14 173
3 15 174
4 15 174
5 15 174
6 15 174
7 15 174
8 15 174
9 15 174
10 15 174
11 15 174
12 15 174
3 13 175
4 13 175
5 13 175
6 13 175
7 13 175
8 13 175
9 13 175
10 13 175
11 13 175
12 13 175
3 14 176
4 14 176
5 14 176
6 14 176
7 14 176
8 14 176
9 14 176
10 14 176
11 14 176
12 14 176
3 15 177
4 15 177
5 15 177
6 15 177
7 15 177
8 15 177
9 15 177
10 15 177
11 15 177
12 15 177
3 13 178
4 13 178
5 13 178
6 13 178
7 13 178
8 13 178
9 13 178
10 13 178
11 13 178
12 13 178
3 14 179
4 14 179
5 14 179
6 14 179
7 14 179
8 14 179
9 14 179
10 14 179
11 14 179
12 14 179
3 15 180
4 15 180
5 15 180
6 15 180
7 15 180
8 15 180
9 15 180
10 15 180
11 15 180
12 15 180
3 13 181
4 13 181
5 13 181
6 13 181
7 13 181
8 13 181
9 13 181
10 13 181
11 13 181
12 13 181
3 14 182
4 14 182
5 14 182
6 14 182
7 14 182
8 14 182
9 14 182
10 14 182
11 14 182
12 14 182
3 15 183
4 15 183
5 15 183
6 15 183
7 15 183
8 15 183
9 15 183
10 15 183
11 15 183
12 15 183
3 13 184
4 13 184
5 13 184
6 13 184
7 13 184
8 13 184
9 13 184
10 13 184
11 13 184
12 13 184
3 14 185
4 14 185
5 14 185
6 14 185
7 14 185
8 14 185
9 14 185
10 14 185
11 14 185
12 14 185
3 15 186
4 15 186
5 15 186
6 15 186
7 15 186
8 15 186
9 15 186
10 15 186
11 15 186
12 15 186
3 13 187
4 13 187
5 13 187
6 13 187
7 13 187
8 13 187
9 13 187
10 13 187
11 13 187
12 13 187
3 14 188
4 14 188
5 14 188
6 14 188
7 14 188
8 14 188
9 14 188
10 14 188
11 14 188
12 14 188
3 15 189
4 15 189
5 15 189
6 15 189
7 15 189
8 15 189
9 15 189
10 15 189
11 15 189
12 15 189
3 13 190
4 13 190
5 13 190
6 13 190
7 13 190
8 13 190
9 13 190
10 13 190
11 13 190
12 13 190
3 14 191
4 14 191
5 14 191
6 14 191
7 14 191
8 14 191
9 14 191
10 14 191
11 14 191
12 14 191
3 15 192
4 15 192
5 15 192
6 15 192
7 15 192
8 15 192
9 15 192
10 15 192
11 15 192
12 15 192
3 13 193
4 13 193
5 13 193
6 13 193
7 13 193
8 13 193
9 13 193
10 13 193
11 13 193
12 13 193
3 14 194
4 14 194
5 14 194
6 14 194
7 14 194
8 14 194
9 14 194
10 14 194
11 14 194
12 14 194
3 15 195
4 15 195
5 15 195
6 15 195
7 15 195
8 15 195
9 15 195
10 15 195
11 15 195
12 15 195
3 13 196
4 13 196
5 13 196
6 13 196
7 13 196
8 13 196
9 13 196
10 13 196
11 13 196
12 13 196
3 14 197
4 14 197
5 14 197
6 14 197
7 14 197
8 14 197
9 14 197
10 14 197
11 14 197
12 14 197
3 15 198
4 15 198
5 15 198
6 15 198
7 15 198
8 15 198
9 15 198
10 15 198
11 15 198
12 15 198
3 13 199
4 13 199
5 13 199
6 13 199
7 13 199
8 13 199
9 13 199
10 13 199
11 13 199
12 13 199
3 14 200
4 14 200
5 14 200
6 14 200
7 14 200
8 14 200
9 14 200
10 14 200
11 14 200
12 14 200
3 15 201
4 15 201
5 15 201
6 15 201
7 15 201
8 15 201
9 15 201
10 15 201
11 15 201
12 15 201
3 13 202
4 13 202
5 13 202
6 13 202
7 13 202
8 13 202
9 13 202
10 13 202
11 13 202
12 13 202
3 14 203
4 14 203
5 14 203
6 14 203
7 14 203
8 14 203
9 14 203
10 14 203
11 14 203
12 14 203
3 15 204
4 15 204
5 15 204
6 15 204
7 15 204
8 15 204
9 15 204
10 15 204
11 15 204
12 15 204
3 13 205
4 13 205
5 13 205
6 13 205
7 13 205
8 13 205
9 13 205
10 13 205
11 13 205
12 13 205
3 14 206
4 14 206
5 14 206
6 14 206
7 14 206
8 14 206
9 14 206
10 14 206
11 14 206
12 14 206
3 15 207
4 15 207
5 15 207
6 15 207
7 15 207
8 15 207
9 15 207
10 15 207
11 15 207
12 15 207
3 13 208
4 13 208
5 13 208
6 13 208
7 13 208
8 13 208
9 13 208
10 13 208
11 13 208
12 13 208
3 14 209
4 14 209
5 14 209
6 14 209
7 14 209
8 14 209
9 14 209
10 14 209
11 14 209
12 14 209
3 15 210
4 15 210
5 15 210
6 15 210
7 15 210
8 15 210
9 15 210
10 15 210
11 15 210
12 15 210
3 13 211
4 13 211
5 13 211
6 13 211
7 13 211
8 13 211
9 13 211
10 13 211
11 13 211
12 13 211
3 14 212
4 14 212
5 14 212
6 14 212
7 14 212
8 14 212
9 14 212
10 14 212
11 14 212
12 14 212
3 15 213
4 15 213
5 15 213
6 15 213
7 15 213
8 15 213
9 15 213
10 15 213
11 15 213
12 15 213
3 13 214
4 13 214
5 13 214
6 13 214
7 13 214
8 13 214
9 13 214
10 13 214
11 13 214
12 13 214
3 14 215
4 14 215
5 14 215
6 14 215
7 14 215
8 14 215
9 14 215
10 14 215
11 14 215
12 14 215
3 15 216
4 15 216
5 15 216
6 15 216
7 15 216
8 15 216
9 15 216
10 15 216
11 15 216
12 15 216
3 13 217
4 13 217
5 13 217
6 13 217
7 13 217
8 13 217
9 13 217
10 13 217
11 13 217
12 13 217
3 14 218
4 14 218
5 14 218
6 14 218
7 14 218
8 14 218
9 14 218
10 14 218
11 14 218
12 14 218
3 15 219
4 15 219
5 15 219
6 15 219
7 15 219
8 15 219
9 15 219
10 15 219
11 15 219
12 15 219
3 13 220
4 13 220
5 13 220
6 13 220
7 13 220
8 13 220
9 13 220
10 13 220
11 13 220
12 13 220
3 14 221
4 14 221
5 14 221
6 14 221
7 14 221
8 14 221
9 14 221
10 14 221
11 14 221
12 14 221
3 15 222
4 15 222
5 15 222
6 15 222
7 15 222
8 15 222
9 15 222
10 15 222
11 15 222
12 15 222
3 13 223
4 13 223
5 13 223
6 13 223
7 13 223
8 13 223
9 13 223
10 13 223
11 13 223
12 13 223
3 14 224
4 14 224
5 14 224
6 14 224
7 14 224
8 14 224
9 14 224
10 14 224
11 14 224
12 14 224
3 15 225
4 15 225
5 15 225
6 15 225
7 15 225
8 15 225
9 15 225
10 15 225
11 15 225
12 15 225
3 13 226
4 13 226
5 13 226
6 13 226
7 13 226
8 13 226
9 13 226
10 13 226
11 13 226
12 13 226
3 14 227
4 14 227
5 14 227
6 14 227
7 14 227
8 14 227
9 14 227
10 14 227
11 14 227
12 14 227
3 15 228
4 15 228
5 15 228
6 15 228
7 15 228
8 15 228
9 15 228
10 15 228
11 15 228
12 15 228
3 13 229
4 13 229
5 13 229
6 13 229
7 13 229
8 13 229
9 13 229
10 13 229
11 13 229
12 13 229
3 14 230
4 14 230
5 14 230
6 14 230
7 14 230
8 14 230
9 14 230
10 14 230
11 14 230
12 14 230
3 15 231
4 15 231
5 15 231
6 15 231
7 15 231
8 15 231
9 15 231
10 15 231
11 15 231
12 15 231
3 13 232
4 13 232
5 13 232
6 13 232
7 13 232
8 13 232
9 13 232
10 13 232
11 13 232
12 13 232
3 14 233
4 14 233
5 14 233
6 14 233
7 14 233
8 14 233
9 14 233
10 14 233
11 14 233
12 14 233
3 15 234
4 15 234
5 15 234
6 15 234
7 15 234
8 15 234
9 15 234
10 15 234
11 15 234
12 15 234
3 13 235
4 13 235
5 13 235
6 13 235
7 13 235
8 13 235
9 13 235
10 13 235
11 13 235
12 13 235
3 14 236
4 14 236
5 14 236
6 14 236
7 14 236
8 14 236
9 14 236
10 14 236
11 14 236
12 14 236
3 15 237
4 15 237
5 15 237
6 15 237
7 15 237
8 15 237
9 15 237
10 15 237
11 15 237
12 15 237
3 13 238
4 13 238
5 13 238
6 13 238
7 13 238
8 13 238
9 13 238
10 13 238
11 13 238
12 13 238
3 14 239
4 14 239
5 14 239
6 14 239
7 14 239
8 14 239
9 14 239
10 14 239
11 14 239
12 14 239
3 15 240
4 15 240
5 15 240
6 15 240
7 15 240
8 15 240
9 15 240
10 15 240
11 15 240
12 15 240
3 13 241
4 13 241
5 13 241
6 13 241
7 13 241
8 13 241
9 13 241
10 13 241
11 13 241
12 13 241
3 14 242
4 14 242
5 14 242
6 14 242
7 14 242
8 14 242
9 14 242
10 14 242
11 14 242
12 14 242
3 15 243
4 15 243
5 15 243
6 15 243
7 15 243
8 15 243
9 15 243
10 15 243
11 15 243
12 15 243
3 13 244
4 13 244
5 13 244
6 13 244
7 13 244
8 13 244
9 13 244
10 13 244
11 13 244
12 13 244
3 14 245
4 14 245
5 14 245
6 14 245
7 14 245
8 14 245
9 14 245
10 14 245
11 14 245
12 14 245
3 15 246
4 15 246
5 15 246
6 15 246
7 15 246
8 15 246
9 15 246
10 15 246
11 15 246
12 15 246
3 13 247
4 13 247
5 13 247
6 13 247
7 13 247
8 13 247
9 13 247
10 13 247
11 13 247
12 13 247
3 14 248
4 14 248
5 14 248
6 14 248
7 14 248
8 14 248
9 14 248
10 14 248
11 14 248
12 14 248
3 15 249
4 15 249
5 15 249
6 15 249
7 15 249
8 15 249
9 15 249
10 15 249
11 15 249
12 15 249
3 13 250
4 13 250
5 13 250
6 13 250
7 13 250
8 13 250
9 13 250
10 13 250
11 13 250
12 13 250
3 14 251
4 14 251
5 14 251
6 14 251
7 14 251
8 14 251
9 14 251
10 14 251
11 14 251
12 14 251
3 15 252
4 15 252
5 15 252
6 15 252
7 15 252
8 15 252
9 15 252
10 15 252
11 15 252
12 15 252
3 13 253
4 13 253
5 13 253
6 13 253
7 13 253
8 13 253
9 13 253
10 13 253
11 13 253
12 13 253
3 14 254
4 14 254
5 14 254
6 14 254
7 14 254
8 14 254
9 14 254
10 14 254
11 14 254
12 14 254
3 15 255
4 15 255
5 15 255
6 15 255
7 15 255
8 15 255
9 15 255
10 15 255
11 15 255
12 15 255
3 13 256
4 13 256
5 13 256
6 13 256
7 13 256
8 13 256
9 13 256
10 13 256
11 13 256
12 13 256
3 14 257
4 14 257
5 14 257
6 14 257
7 14 257
8 14 257
9 14 257
10 14 257
11 14 257
12 14 257
3 15 258
4 15 258
5 15 258
6 15 258
7 15 258
8 15 258
9 15 258
10 15 258
11 15 258
12 15 258
3 13 259
4 13 259
5 13 259
6 13 259
7 13 259
8 13 259
9 13 259
10 13 259
11 13 259
12 13 259
3 14 260
4 14 260
5 14 260
6 14 260
7 14 260
8 14 260
9 14 260
10 14 260
11 14 260
12 14 260
3 15 261
4 15 261
5 15 261
6 15 261
7 15 261
8 15 261
9 15 261
10 15 261
11 15 261
12 15 261
3 13 262
4 13 262
5 13 262
6 13 262
7 13 262
8 13 262
9 13 262
10 13 262
11 13 262
12 13 262
3 14 263
4 14 263
5 14 263
6 14 263
7 14 263
8 14 263
9 14 263
10 14 263
11 14 263
12 14 263
3 15 264
4 15 264
5 15 264
6 15 264
7 15 264
8 15 264
9 15 264
10 15 264
11 15 264
12 15 264
3 13 265
4 13 265
5 13 265
6 13 265
7 13 265
8 13 265
9 13 265
10 13 265
11 13 265
12 13 265
3 14 266
4 14 266
5 14 266
6 14 266
7 14 266
8 14 266
9 14 266
10 14 266
11 14 266
12 14 266
3 15 267
4 15 267
5 15 267
6 15 267
7 15 267
8 15 267
9 15 267
10 15 267
11 15 267
12 15 267
3 13 268
4 13 268
5 13 268
6 13 268
7 13 268
8 13 268
9 13 268
10 13 268
11 13 268
12 13 268
3 14 269
4 14 269
5 14 269
6 14 269
7 14 269
8 14 269
9 14 269
10 14 269
11 14 269
12 14 269
3 15 270
4 15 270
5 15 270
6 15 270
7 15 270
8 15 270
9 15 270
10 15 270
11 15 270
12 15 270
3 13 271
4 13 271
5 13 271
6 13 271
7 13 271
8 13 271
9 13 271
10 13 271
11 13 271
12 13 271
3 14 272
4 14 272
5 14 272
6 14 272
7 14 272
8 14 272
9 14 272
10 14 272
11 14 272
12 14 272
3 15 273
4 15 273
5 15 273
6 15 273
7 15 273
8 15 273
9 15 273
10 15 273
11 15 273
12 15 273
3 13 274
4 13 274
5 13 274
6 13 274
7 13 274
8 13 274
9 13 274
10 13 274
11 13 274
12 13 274
3 14 275
4 14 275
5 14 275
6 14 275
7 14 275
8 14 275
9 14 275
10 14 275
11 14 275
12 14 275
3 15 276
4 15 276
5 15 276
6 15 276
7 15 276
8 15 276
9 15 276
10 15 276
11 15 276
12 15 276
3 13 277
4 13 277
5 13 277
6 13 277
7 13 277
8 13 277
9 13 277
10 13 277
11 13 277
12 13 277
3 14 278
4 14 278
5 14 278
6 14 278
7 14 278
8 14 278
9 14 278
10 14 278
11 14 278
12 14 278
3 15 279
4 15 279
5 15 279
6 15 279
7 15 279
8 15 279
9 15 279
10 15 279
11 15 279
12 15 279
3 13 280
4 13 280
5 13 280
6 13 280
7 13 280
8 13 280
9 13 280
10 13 280
11 13 280
12 13 280
3 14 281
4 14 281
5 14 281
6 14 281
7 14 281
8 14 281
9 14 281
10 14 281
11 14 281
12 14 281
3 15 282
4 15 282
5 15 282
6 15 282
7 15 282
8 15 282
9 15 282
10 15 282
11 15 282
12 15 282
3 13 283
4 13 283
5 13 283
6 13 283
7 13 283
8 13 283
9 13 283
10 13 283
11 13 283
12 13 283
3 14 284
4 14 284
5 14 284
6 14 284
7 14 284
8 14 284
9 14 284
10 14 284
11 14 284
12 14 284
3 15 285
4 15 285
5 15 285
6 15 285
7 15 285
8 15 285
9 15 285
10 15 285
11 15 285
12 15 285
3 13 286
4 13 286
5 13 286
6 13 286
7 13 286
8 13 286
9 13 286
10 13 286
11 13 286
12 13 286
3 14 287
4 14 287
5 14 287
6 14 287
7 14 287
8 14 287
9 14 287
10 14 287
11 14 287
12 14 287
3 15 288
4 15 288
5 15 288
6 15 288
7 15 288
8 15 288
9 15 288
10 15 288
11 15 288
12 15 288
3 13 289
4 13 289
5 13 289
6 13 289
7 13 289
8 13 289
9 13 289
10 13 289
11 13 289
12 13 289
3 14 290
4 14 290
5 14 290
6 14 290
7 14 290
8 14 290
9 14 290
10 14 290
11 14 290
12 14 290
3 15 291
4 15 291
5 15 291
6 15 291
7 15 291
8 15 291
9 15 291
10 15 291
11 15 291
12 15 291
3 13 292
4 13 292
5 13 292
6 13 292
7 13 292
8 13 292
9 13 292
10 13 292
11 13 292
12 13 292
3 14 293
4 14 293
5 14 293
6 14 293
7 14 293
8 14 293
9 14 293
10 14 293
11 14 293
12 14 293
3 15 294
4 15 294
5 15 294
6 15 294
7 15 294
8 15 294
9 15 294
10 15 294
11 15 294
12 15 294
3 13 295
4 13 295
5 13 295
6 13 295
7 13 295
8 13 295
9 13 295
10 13 295
11 13 295
12 13 295
3 14 296
4 14 296
5 14 296
6 14 296
7 14 296
8 14 296
9 14 296
10 14 296
11 14 296
12 14 296
3 15 297
4 15 297
5 15 297
6 15 297
7 15 297
8 15 297
9 15 297
10 15 297
11 15 297
12 15 297
3 13 298
4 13 298
5 13 298
6 13 298
7 13 298
8 13 298
9 13 298
10 13 298
11 13 298
12 13 298
3 14 299
4 14 299
5 14 299
6 14 299
7 14 299
8 14 299
9 14 299
10 14 299
11 14 299
12 14 299
3 15 300
4 15 300
5 15 300
6 15 300
7 15 300
8 15 300
9 15 300
10 15 300
11 15 300
12 15 300
3 13 301
4 13 301
5 13 301
6 13 301
7 13 301
8 13 301
9 13 301
10 13 301
11 13 301
12 13 301
3 14 302
4 14 302
5 14 302
6 14 302
7 14 302
8 14 302
9 14 302
10 14 302
11 14 302
12 14 302
3 15 303
4 15 303
5 15 303
6 15 303
7 15 303
8 15 303
9 15 303
10 15 303
11 15 303
12 15 303
3 13 304
4 13 304
5 13 304
6 13 304
7 13 304
8 13 304
9 13 304
10 13 304
11 13 304
12 13 304
3 14 305
4 14 305
5 14 305
6 14 305
7 14 305
8 14 305
9 14 305
10 14 305
11 14 305
12 14 305
3 15 306
4 15 306
5 15 306
6 15 306
7 15 306
8 15 306
9 15 306
10 15 306
11 15 306
12 15 306
3 13 307
4 13 307
5 13 307
6 13 307
7 13 307
8 13 307
9 13 307
10 13 307
11 13 307
12 13 307
3 14 308
4 14 308
5 14 308
6 14 308
7 14 308
8 14 308
9 14 308
10 14 308
11 14 308
12 14 308
3 15 309
4 15 309
5 15 309
6 15 309
7 15 309
8 15 309
9 15 309
10 15 309
11 15 309
12 15 309
3 13 310
4 13 310
5 13 310
6 13 310
7 13 310
8 13 310
9 13 310
10 13 310
11 13 310
12 13 310
3 14 311
4 14 311
5 14 311
6 14 311
7 14 311
8 14 311
9 14 311
10 14 311
11 14 311
12 14 311
3 15 312
4 15 312
5 15 312
6 15 312
7 15 312
8 15 312
9 15 312
10 15 312
11 15 312
12 15 312
3 13 313
4 13 313
5 13 313
6 13 313
7 13 313
8 13 313
9 13 313
10 13 313
11 13 313
12 13 313
3 14 314
4 14 314
5 14 314
6 14 314
7 14 314
8 14 314
9 14 314
10 14 314
11 14 314
12 14 314
3 15 315
4 15 315
5 15 315
6 15 315
7 15 315
8 15 315
9 15 315
10 15 315
11 15 315
12 15 315
3 13 316
4 13 316
5 13 316
6 13 316
7 13 316
8 13 316
9 13 316
10 13 316
11 13 316
12 13 316
3 14 317
4 14 317
5 14 317
6 14 317
7 14 317
8 14 317
9 14 317
10 14 317
11 14 317
12 14 317
3 15 318
4 15 318
5 15 318
6 15 318
7 15 318
8 15 318
9 15 318
10 15 318
11 15 318
12 15 318
3 13 319
4 13 319
5 13 319
6 13 319
7 13 319
8 13 319
9 13 319
10 13 319
11 13 319
12 13 319
3 14 320
4 14 320
5 14 320
6 14 320
7 14 320
8 14 320
9 14 320
10 14 320
11 14 320
12 14 320
3 15 321
4 15 321
5 15 321
6 15 321
7 15 321
8 15 321
9 15 321
10 15 321
11 15 321
12 15 321
3 13 322
4 13 322
5 13 322
6 13 322
7 13 322
8 13 322
9 13 322
10 13 322
11 13 322
12 13 322
3 14 323
4 14 323
5 14 323
6 14 323
7 14 323
8 14 323
9 14 323
10 14 323
11 14 323
12 14 323
3 15 324
4 15 324
5 15 324
6 15 324
7 15 324
8 15 324
9 15 324
10 15 324
11 15 324
12 15 324
3 13 325
4 13 325
5 13 325
6 13 325
7 13 325
8 13 325
9 13 325
10 13 325
11 13 325
12 13 325
3 14 326
4 14 326
5 14 326
6 14 326
7 14 326
8 14 326
9 14 326
10 14 326
11 14 326
12 14 326
3 15 327
4 15 327
5 15 327
6 15 327
7 15 327
8 15 327
9 15 327
10 15 327
11 15 327
12 15 327
3 13 328
4 13 328
5 13 328
6 13 328
7 13 328
8 13 328
9 13 328
10 13 328
11 13 328
12 13 328
3 14 329
4 14 329
5 14 329
6 14 329
7 14 329
8 14 329
9 14 329
10 14 329
11 14 329
12 14 329
3 15 330
4 15 330
5 15 330
6 15 330
7 15 330
8 15 330
9 15 330
10 15 330
11 15 330
12 15 330
3 13 331
4 13 331
5 13 331
6 13 331
7 13 331
8 13 331
9 13 331
10 13 331
11 13 331
12 13 331
3 14 332
4 14 332
5 14 332
6 14 332
7 14 332
8 14 332
9 14 332
10 14 332
11 14 332
12 14 332
3 15 333
4 15 333
5 15 333
6 15 333
7 15 333
8 15 333
9 15 333
10 15 333
11 15 333
12 15 333
3 13 334
4 13 334
5 13 334
6 13 334
7 13 334
8 13 334
9 13 334
10 13 334
11 13 334
12 13 334
3 14 335
4 14 335
5 14 335
6 14 335
7 14 335
8 14 335
9 14 335
10 14 335
11 14 335
12 14 335
3 15 336
4 15 336
5 15 336
6 15 336
7 15 336
8 15 336
9 15 336
10 15 336
11 15 336
12 15 336
3 13 337
4 13 337
5 13 337
6 13 337
7 13 337
8 13 337
9 13 337
10 13 337
11 13 337
12 13 337
3 14 338
4 14 338
5 14 338
6 14 338
7 14 338
8 14 338
9 14 338
10 14 338
11 14 338
12 14 338
3 15 339
4 15 339
5 15 339
6 15 339
7 15 339
8 15 339
9 15 339
10 15 339
11 15 339
12 15 339
3 13 340
4 13 340
5 13 340
6 13 340
7 13 340
8 13 340
9 13 340
10 13 340
11 13 340
12 13 340
3 14 341
4 14 341
5 14 341
6 14 341
7 14 341
8 14 341
9 14 341
10 14 341
11 14 341
12 14 341
3 15 342
4 15 342
5 15 342
6 15 342
7 15 342
8 15 342
9 15 342
10 15 342
11 15 342
12 15 342
3 13 343
4 13 343
5 13 343
6 13 343
7 13 343
8 13 343
9 13 343
10 13 343
11 13 343
12 13 343
3 14 344
4 14 344
5 14 344
6 14 344
7 14 344
8 14 344
9 14 344
10 14 344
11 14 344
12 14 344
3 15 345
4 15 345
5 15 345
6 15 345
7 15 345
8 15 345
9 15 345
10 15 345
11 15 345
12 15 345
3 13 346
4 13 346
5 13 346
6 13 346
7 13 346
8 13 346
9 13 346
10 13 346
11 13 346
12 13 346
3 14 347
4 14 347
5 14 347
6 14 347
7 14 347
8 14 347
9 14 347
10 14 347
11 14 347
12 14 347
3 15 348
4 15 348
5 15 348
6 15 348
7 15 348
8 15 348
9 15 348
10 15 348
11 15 348
12 15 348
3 13 349
4 13 349
5 13 349
6 13 349
7 13 349
8 13 349
9 13 349
10 13 349
11 13 349
12 13 349
3 14 350
4 14 350
5 14 350
6 14 350
7 14 350
8 14 350
9 14 350
10 14 350
11 14 350
12 14 350
3 15 351
4 15 351
5 15 351
6 15 351
7 15 351
8 15 351
9 15 351
10 15 351
11 15 351
12 15 351
3 13 352
4 13 352
5 13 352
6 13 352
7 13 352
8 13 352
9 13 352
10 13 352
11 13 352
12 13 352
3 14 353
4 14 353
5 14 353
6 14 353
7 14 353
8 14 353
9 14 353
10 14 353
11 14 353
12 14 353
3 15 354
4 15 354
5 15 354
6 15 354
7 15 354
8 15 354
9 15 354
10 15 354
11 15 354
12 15 354
3 13 355
4 13 355
5 13 355
6 13 355
7 13 355
8 13 355
9 13 355
10 13 355
11 13 355
12 13 355
3 14 356
4 14 356
5 14 356
6 14 356
7 14 356
8 14 356
9 14 356
10 14 356
11 14 356
12 14 356
3 15 357
4 15 357
5 15 357
6 15 357
7 15 357
8 15 357
9 15 357
10 15 357
11 15 357
12 15 357
3 13 358
4 13 358
5 13 358
6 13 358
7 13 358
8 13 358
9 13 358
10 13 358
11 13 358
12 13 358
3 14 359
4 14 359
5 14 359
6 14 359
7 14 359
8 14 359
9 14 359
10 14 359
11 14 359
12 14 359
3 15 360
4 15 360
5 15 360
6 15 360
7 15 360
8 15 360
9 15 360
10 15 360
11 15 360
12 15 360
3 13 361
4 13 361
5 13 361
6 13 361
7 13 361
8 13 361
9 13 361
10 13 361
11 13 361
12 13 361
3 14 362
4 14 362
5 14 362
6 14 362
7 14 362
8 14 362
9 14 362
10 14 362
11 14 362
12 14 362
3 15 363
4 15 363
5 15 363
6 15 363
7 15 363
8 15 363
9 15 363
10 15 363
11 15 363
12 15 363
3 13 364
4 13 364
5 13 364
6 13 364
7 13 364
8 13 364
9 13 364
10 13 364
11 13 364
12 13 364
3 14 365
4 14 365
5 14 365
6 14 365
7 14 365
8 14 365
9 14 365
10 14 365
11 14 365
12 14 365
3 15 366
4 15 366
5 15 366
6 15 366
7 15 366
8 15 366
9 15 366
10 15 366
11 15 366
12 15 366
3 13 367
4 13 367
5 13 367
6 13 367
7 13 367
8 13 367
9 13 367
10 13 367
11 13 367
12 13 367
3 14 368
4 14 368
5 14 368
6 14 368
7 14 368
8 14 368
9 14 368
10 14 368
11 14 368
12 14 368
3 15 369
4 15 369
5 15 369
6 15 369
7 15 369
8 15 369
9 15 369
10 15 369
11 15 369
12 15 369
3 13 370
4 13 370
5 13 370
6 13 370
7 13 370
8 13 370
9 13 370
10 13 370
11 13 370
12 13 370
3 14 371
4 14 371
5 14 371
6 14 371
7 14 371
8 14 371
9 14 371
10 14 371
11 14 371
12 14 371
3 15 372
4 15 372
5 15 372
6 15 372
7 15 372
8 15 372
9 15 372
10 15 372
11 15 372
12 15 372
3 13 373
4 13 373
5 13 373
6 13 373
7 13 373
8 13 373
9 13 373
10 13 373
11 13 373
12 13 373
3 14 374
4 14 374
5 14 374
6 14 374
7 14 374
8 14 374
9 14 374
10 14 374
11 14 374
12 14 374
3 15 375
4 15 375
5 15 375
6 15 375
7 15 375
8 15 375
9 15 375
10 15 375
11 15 375
12 15 375
3 13 376
4 13 376
5 13 376
6 13 376
7 13 376
8 13 376
9 13 376
10 13 376
11 13 376
12 13 376
3 14 377
4 14 377
5 14 377
6 14 377
7 14 377
8 14 377
9 14 377
10 14 377
11 14 377
12 14 377
3 15 378
4 15 378
5 15 378
6 15 378
7 15 378
8 15 378
9 15 378
10 15 378
11 15 378
12 15 378
3 13 379
4 13 379
5 13 379
6 13 379
7 13 379
8 13 379
9 13 379
10 13 379
11 13 379
12 13 379
3 14 380
4 14 380
5 14 380
6 14 380
7 14 380
8 14 380
9 14 380
10 14 380
11 14 380
12 14 380
3 15 381
4 15 381
5 15 381
6 15 381
7 15 381
8 15 381
9 15 381
10 15 381
11 15 381
12 15 381
3 13 382
4 13 382
5 13 382
6 13 382
7 13 382
8 13 382
9 13 382
10 13 382
11 13 382
12 13 382
3 14 383
4 14 383
5 14 383
6 14 383
7 14 383
8 14 383
9 14 383
10 14 383
11 14 383
12 14 383
3 15 384
4 15 384
5 15 384
6 15 384
7 15 384
8 15 384
9 15 384
10 15 384
11 15 384
12 15 384
3 13 385
4 13 385
5 13 385
6 13 385
7 13 385
8 13 385
9 13 385
10 13 385
11 13 385
12 13 385
3 14 386
4 14 386
5 14 386
6 14 386
7 14 386
8 14 386
9 14 386
10 14 386
11 14 386
12 14 386
3 15 387
4 15 387
5 15 387
6 15 387
7 15 387
8 15 387
9 15 387
10 15 387
11 15 387
12 15 387
3 13 388
4 13 388
5 13 388
6 13 388
7 13 388
8 13 388
9 13 388
10 13 388
11 13 388
12 13 388
3 14 389
4 14 389
5 14 389
6 14 389
7 14 389
8 14 389
9 14 389
10 14 389
11 14 389
12 14 389
3 15 390
4 15 390
5 15 390
6 15 390
7 15 390
8 15 390
9 15 390
10 15 390
11 15 390
12 15 390
3 13 391
4 13 391
5 13 391
6 13 391
7 13 391
8 13 391
9 13 391
10 13 391
11 13 391
12 13 391
3 14 392
4 14 392
5 14 392
6 14 392
7 14 392
8 14 392
9 14 392
10 14 392
11 14 392
12 14 392
3 15 393
4 15 393
5 15 393
6 15 393
7 15 393
8 15 393
9 15 393
10 15 393
11 15 393
12 15 393
3 13 394
4 13 394
5 13 394
6 13 394
7 13 394
8 13 394
9 13 394
10 13 394
11 13 394
12 13 394
3 14 395
4 14 395
5 14 395
6 14 395
7 14 395
8 14 395
9 14 395
10 14 395
11 14 395
12 14 395
3 15 396
4 15 396
5 15 396
6 15 396
7 15 396
8 15 396
9 15 396
10 15 396
11 15 396
12 15 396
3 13 397
4 13 397
5 13 397
6 13 397
7 13 397
8 13 397
9 13 397
10 13 397
11 13 397
12 13 397
3 14 398
4 14 398
5 14 398
6 14 398
7 14 398
8 14 398
9 14 398
10 14 398
11 14 398
12 14 398
3 15 399
4 15 399
5 15 399
6 15 399
7 15 399
8 15 399
9 15 399
10 15 399
11 15 399
12 15 399
3 13 400
4 13 400
5 13 400
6 13 400
7 13 400
8 13 400
9 13 400
10 13 400
11 13 400
12 13 400
3 14 401
4 14 401
5 14 401
6 14 401
7 14 401
8 14 401
9 14 401
10 14 401
11 14 401
12 14 401
3 15 402
4 15 402
5 15 402
6 15 402
7 15 402
8 15 402
9 15 402
10 15 402
11 15 402
12 15 402
3 13 403
4 13 403
5 13 403
6 13 403
7 13 403
8 13 403
9 13 403
10 13 403
11 13 403
12 13 403
3 14 404
4 14 404
5 14 404
6 14 404
7 14 404
8 14 404
9 14 404
10 14 404
11 14 404
12 14 404
3 15 405
4 15 405
5 15 405
6 15 405
7 15 405
8 15 405
9 15 405
10 15 405
11 15 405
12 15 405
3 13 406
4 13 406
5 13 406
6 13 406
7 13 406
8 13 406
9 13 406
10 13 406
11 13 406
12 13 406
3 14 407
4 14 407
5 14 407
6 14 407
7 14 407
8 14 407
9 14 407
10 14 407
11 14 407
12 14 407
3 15 408
4 15 408
5 15 408
6 15 408
7 15 408
8 15 408
9 15 408
10 15 408
11 15 408
12 15 408
3 13 409
4 13 409
5 13 409
6 13 409
7 13 409
8 13 409
9 13 409
10 13 409
11 13 409
12 13 409
3 14 410
4 14 410
5 14 410
6 14 410
7 14 410
8 14 410
9 14 410
10 14 410
11 14 410
12 14 410
3 15 411
4 15 411
5 15 411
6 15 411
7 15 411
8 15 411
9 15 411
10 15 411
11 15 411
12 15 411
3 13 412
4 13 412
5 13 412
6 13 412
7 13 412
8 13 412
9 13 412
10 13 412
11 13 412
12 13 412
3 14 413
4 14 413
5 14 413
6 14 413
7 14 413
8 14 413
9 14 413
10 14 413
11 14 413
12 14 413
3 15 414
4 15 414
5 15 414
6 15 414
7 15 414
8 15 414
9 15 414
10 15 414
11 15 414
12 15 414
3 13 415
4 13 415
5 13 415
6 13 415
7 13 415
8 13 415
9 13 415
10 13 415
11 13 415
12 13 415
3 14 416
4 14 416
5 14 416
6 14 416
7 14 416
8 14 416
9 14 416
10 14 416
11 14 416
12 14 416
3 15 417
4 15 417
5 15 417
6 15 417
7 15 417
8 15 417
9 15 417
10 15 417
11 15 417
12 15 417
3 13 418
4 13 418
5 13 418
6 13 418
7 13 418
8 13 418
9 13 418
10 13 418
11 13 418
12 13 418
3 14 419
4 14 419
5 14 419
6 14 419
7 14 419
8 14 419
9 14 419
10 14 419
11 14 419
12 14 419
3 15 420
4 15 420
5 15 420
6 15 420
7 15 420
8 15 420
9 15 420
10 15 420
11 15 420
12 15 420
3 13 421
4 13 421
5 13 421
6 13 421
7 13 421
8 13 421
9 13 421
10 13 421
11 13 421
12 13 421
3 14 422
4 14 422
5 14 422
6 14 422
7 14 422
8 14 422
9 14 422
10 14 422
11 14 422
12 14 422
3 15 423
4 15 423
5 15 423
6 15 423
7 15 423
8 15 423
9 15 423
10 15 423
11 15 423
12 15 423
3 13 424
4 13 424
5 13 424
6 13 424
7 13 424
8 13 424
9 13 424
10 13 424
11 13 424
12 13 424
3 14 425
4 14 425
5 14 425
6 14 425
7 14 425
8 14 425
9 14 425
10 14 425
11 14 425
12 14 425
3 15 426
4 15 426
5 15 426
6 15 426
7 15 426
8 15 426
9 15 426
10 15 426
11 15 426
12 15 426
3 13 427
4 13 427
5 13 427
6 13 427
7 13 427
8 13 427
9 13 427
10 13 427
11 13 427
12 13 427
3 14 428
4 14 428
5 14 428
6 14 428
7 14 428
8 14 428
9 14 428
10 14 428
11 14 428
12 14 428
3 15 429
4 15 429
5 15 429
6 15 429
7 15 429
8 15 429
9 15 429
10 15 429
11 15 429
12 15 429
3 13 430
4 13 430
5 13 430
6 13 430
7 13 430
8 13 430
9 13 430
10 13 430
11 13 430
12 13 430
3 14 431
4 14 431
5 14 431
6 14 431
7 14 431
8 14 431
9 14 431
10 14 431
11 14 431
12 14 431
3 15 432
4 15 432
5 15 432
6 15 432
7 15 432
8 15 432
9 15 432
10 15 432
11 15 432
12 15 432
3 13 433
4 13 433
5 13 433
6 13 433
7 13 433
8 13 433
9 13 433
10 13 433
11 13 433
12 13 433
3 14 434
4 14 434
5 14 434
6 14 434
7 14 434
8 14 434
9 14 434
10 14 434
11 14 434
12 14 434
3 15 435
4 15 435
5 15 435
6 15 435
7 15 435
8 15 435
9 15 435
10 15 435
11 15 435
12 15 435
3 13 436
4 13 436
5 13 436
6 13 436
7 13 436
8 13 436
9 13 436
10 13 436
11 13 436
12 13 436
3 14 437
4 14 437
5 14 437
6 14 437
7 14 437
8 14 437
9 14 437
10 14 437
11 14 437
12 14 437
3 15 438
4 15 438
5 15 438
6 15 438
7 15 438
8 15 438
9 15 438
10 15 438
11 15 438
12 15 438
3 13 439
4 13 439
5 13 439
6 13 439
7 13 439
8 13 439
9 13 439
10 13 439
11 13 439
12 13 439
3 14 440
4 14 440
5 14 440
6 14 440
7 14 440
8 14 440
9 14 440
10 14 440
11 14 440
12 14 440
3 15 441
4 15 441
5 15 441
6 15 441
7 15 441
8 15 441
9 15 441
10 15 441
11 15 441
12 15 441
3 13 442
4 13 442
5 13 442
6 13 442
7 13 442
8 13 442
9 13 442
10 13 442
11 13 442
12 13 442
3 14 443
4 14 443
5 14 443
6 14 443
7 14 443
8 14 443
9 14 443
10 14 443
11 14 443
12 14 443
3 15 444
4 15 444
5 15 444
6 15 444
7 15 444
8 15 444
9 15 444
10 15 444
11 15 444
12 15 444
3 13 445
4 13 445
5 13 445
6 13 445
7 13 445
8 13 445
9 13 445
10 13 445
11 13 445
12 13 445
3 14 446
4 14 446
5 14 446
6 14 446
7 14 446
8 14 446
9 14 446
10 14 446
11 14 446
12 14 446
3 15 447
4 15 447
5 15 447
6 15 447
7 15 447
8 15 447
9 15 447
10 15 447
11 15 447
12 15 447
3 13 448
4 13 448
5 13 448
6 13 448
7 13 448
8 13 448
9 13 448
10 13 448
11 13 448
12 13 448
3 14 449
4 14 449
5 14 449
6 14 449
7 14 449
8 14 449
9 14 449
10 14 449
11 14 449
12 14 449
3 15 450
4 15 450
5 15 450
6 15 450
7 15 450
8 15 450
9 15 450
10 15 450
11 15 450
12 15 450
3 13 451
4 13 451
5 13 451
6 13 451
7 13 451
8 13 451
9 13 451
10 13 451
11 13 451
12 13 451
3 14 452
4 14 452
5 14 452
6 14 452
7 14 452
8 14 452
9 14 452
10 14 452
11 14 452
12 14 452
3 15 453
4 15 453
5 15 453
6 15 453
7 15 453
8 15 453
9 15 453
10 15 453
11 15 453
12 15 453
3 13 454
4 13 454
5 13 454
6 13 454
7 13 454
8 13 454
9 13 454
10 13 454
11 13 454
12 13 454
3 14 455
4 14 455
5 14 455
6 14 455
7 14 455
8 14 455
9 14 455
10 14 455
11 14 455
12 14 455
3 15 456
4 15 456
5 15 456
6 15 456
7 15 456
8 15 456
9 15 456
10 15 456
11 15 456
12 15 456
3 13 457
4 13 457
5 13 457
6 13 457
7 13 457
8 13 457
9 13 457
10 13 457
11 13 457
12 13 457
3 14 458
4 14 458
5 14 458
6 14 458
7 14 458
8 14 458
9 14 458
10 14 458
11 14 458
12 14 458
3 15 459
4 15 459
5 15 459
6 15 459
7 15 459
8 15 459
9 15 459
10 15 459
11 15 459
12 15 459
3 13 460
4 13 460
5 13 460
6 13 460
7 13 460
8 13 460
9 13 460
10 13 460
11 13 460
12 13 460
3 14 461
4 14 461
5 14 461
6 14 461
7 14 461
8 14 461
9 14 461
10 14 461
11 14 461
12 14 461
3 15 462
4 15 462
5 15 462
6 15 462
7 15 462
8 15 462
9 15 462
10 15 462
11 15 462
12 15 462
3 13 463
4 13 463
5 13 463
6 13 463
7 13 463
8 13 463
9 13 463
10 13 463
11 13 463
12 13 463
3 14 464
4 14 464
5 14 464
6 14 464
7 14 464
8 14 464
9 14 464
10 14 464
11 14 464
12 14 464
3 15 465
4 15 465
5 15 465
6 15 465
7 15 465
8 15 465
9 15 465
10 15 465
11 15 465
12 15 465
3 13 466
4 13 466
5 13 466
6 13 466
7 13 466
8 13 466
9 13 466
10 13 466
11 13 466
12 13 466
3 14 467
4 14 467
5 14 467
6 14 467
7 14 467
8 14 467
9 14 467
10 14 467
11 14 467
12 14 467
3 15 468
4 15 468
5 15 468
6 15 468
7 15 468
8 15 468
9 15 468
10 15 468
11 15 468
12 15 468
3 13 469
4 13 469
5 13 469
6 13 469
7 13 469
8 13 469
9 13 469
10 13 469
11 13 469
12 13 469
3 14 470
4 14 470
5 14 470
6 14 470
7 14 470
8 14 470
9 14 470
10 14 470
11 14 470
12 14 470
3 15 471
4 15 471
5 15 471
6 15 471
7 15 471
8 15 471
9 15 471
10 15 471
11 15 471
12 15 471
3 13 472
4 13 472
5 13 472
6 13 472
7 13 472
8 13 472
9 13 472
10 13 472
11 13 472
12 13 472
3 14 473
4 14 473
5 14 473
6 14 473
7 14 473
8 14 473
9 14 473
10 14 473
11 14 473
12 14 473
3 15 474
4 15 474
5 15 474
6 15 474
7 15 474
8 15 474
9 15 474
10 15 474
11 15 474
12 15 474
3 13 475
4 13 475
5 13 475
6 13 475
7 13 475
8 13 475
9 13 475
10 13 475
11 13 475
12 13 475
3 14 476
4 14 476
5 14 476
6 14 476
7 14 476
8 14 476
9 14 476
10 14 476
11 14 476
12 14 476
3 15 477
4 15 477
5 15 477
6 15 477
7 15 477
8 15 477
9 15 477
10 15 477
11 15 477
12 15 477
3 13 478
4 13 478
5 13 478
6 13 478
7 13 478
8 13 478
9 13 478
10 13 478
11 13 478
12 13 478
3 14 479
4 14 479
5 14 479
6 14 479
7 14 479
8 14 479
9 14 479
10 14 479
11 14 479
12 14 479
3 15 480
4 15 480
5 15 480
6 15 480
7 15 480
8 15 480
9 15 480
10 15 480
11 15 480
12 15 480
3 13 481
4 13 481
5 13 481
6 13 481
7 13 481
8 13 481
9 13 481
10 13 481
11 13 481
12 13 481
3 14 482
4 14 482
5 14 482
6 14 482
7 14 482
8 14 482
9 14 482
10 14 482
11 14 482
12 14 482
3 15 483
4 15 483
5 15 483
6 15 483
7 15 483
8 15 483
9 15 483
10 15 483
11 15 483
12 15 483
3 13 484
4 13 484
5 13 484
6 13 484
7 13 484
8 13 484
9 13 484
10 13 484
11 13 484
12 13 484
3 14 485
4 14 485
5 14 485
6 14 485
7 14 485
8 14 485
9 14 485
10 14 485
11 14 485
12 14 485
3 15 486
4 15 486
5 15 486
6 15 486
7 15 486
8 15 486
9 15 486
10 15 486
11 15 486
12 15 486
3 13 487
4 13 487
5 13 487
6 13 487
7 13 487
8 13 487
9 13 487
10 13 487
11 13 487
12 13 487
3 14 488
4 14 488
5 14 488
6 14 488
7 14 488
8 14 488
9 14 488
10 14 488
11 14 488
12 14 488
3 15 489
4 15 489
5 15 489
6 15 489
7 15 489
8 15 489
9 15 489
10 15 489
11 15 489
12 15 489
3 13 490
4 13 490
5 13 490
6 13 490
7 13 490
8 13 490
9 13 490
10 13 490
11 13 490
12 13 490
3 14 491
4 14 491
5 14 491
6 14 491
7 14 491
8 14 491
9 14 491
10 14 491
11 14 491
12 14 491
3 15 492
4 15 492
5 15 492
6 15 492
7 15 492
8 15 492
9 15 492
10 15 492
11 15 492
12 15 492
3 13 493
4 13 493
5 13 493
6 13 493
7 13 493
8 13 493
9 13 493
10 13 493
11 13 493
12 13 493
3 14 494
4 14 494
5 14 494
6 14 494
7 14 494
8 14 494
9 14 494
10 14 494
11 14 494
12 14 494
3 15 495
4 15 495
5 15 495
6 15 495
7 15 495
8 15 495
9 15 495
10 15 495
11 15 495
12 15 495
3 13 496
4 13 496
5 13 496
6 13 496
7 13 496
8 13 496
9 13 496
10 13 496
11 13 496
12 13 496
3 14 497
4 14 497
5 14 497
6 14 497
7 14 497
8 14 497
9 14 497
10 14 497
11 14 497
12 14 497
3 15 498
4 15 498
5 15 498
6 15 498
7 15 498
8 15 498
9 15 498
10 15 498
11 15 498
12 15 498
3 13 499
4 13 499
5 13 499
6 13 499
7 13 499
8 13 499
9 13 499
10 13 499
11 13 499
12 13 499
3 14 500
4 14 500
5 14 500
6 14 500
7 14 500
8 14 500
9 14 500
10 14 500
11 14 500
12 14 500
3 15 501
4 15 501
5 15 501
6 15 501
7 15 501
8 15 501
9 15 501
10 15 501
11 15 501
12 15 501
3 13 502
4 13 502
5 13 502
6 13 502
7 13 502
8 13 502
9 13 502
10 13 502
11 13 502
12 13 502
3 14 503
4 14 503
5 14 503
6 14 503
7 14 503
8 14 503
9 14 503
10 14 503
11 14 503
12 14 503
3 15 504
4 15 504
5 15 504
6 15 504
7 15 504
8 15 504
9 15 504
10 15 504
11 15 504
12 15 504
3 13 505
4 13 505
5 13 505
6 13 505
7 13 505
8 13 505
9 13 505
10 13 505
11 13 505
12 13 505
3 14 506
4 14 506
5 14 506
6 14 506
7 14 506
8 14 506
9 14 506
10 14 506
11 14 506
12 14 506
3 15 507
4 15 507
5 15 507
6 15 507
7 15 507
8 15 507
9 15 507
10 15 507
11 15 507
12 15 507
3 13 508
4 13 508
5 13 508
6 13 508
7 13 508
8 13 508
9 13 508
10 13 508
11 13 508
12 13 508
3 14 509
4 14 509
5 14 509
6 14 509
7 14 509
8 14 509
9 14 509
10 14 509
11 14 509
12 14 509
3 15 510
4 15 510
5 15 510
6 15 510
7 15 510
8 15 510
9 15 510
10 15 510
11 15 510
12 15 510
3 13 511
4 13 511
5 13 511
6 13 511
7 13 511
8 13 511
9 13 511
10 13 511
11 13 511
12 13 511
3 14 512
4 14 512
5 14 512
6 14 512
7 14 512
8 14 512
9 14 512
10 14 512
11 14 512
12 14 512
3 15 513
4 15 513
5 15 513
6 15 513
7 15 513
8 15 513
9 15 513
10 15 513
11 15 513
12 15 513
3 13 514
4 13 514
5 13 514
6 13 514
7 13 514
8 13 514
9 13 514
10 13 514
11 13 514
12 13 514
3 14 515
4 14 515
5 14 515
6 14 515
7 14 515
8 14 515
9 14 515
10 14 515
11 14 515
12 14 515
3 15 516
4 15 516
5 15 516
6 15 516
7 15 516
8 15 516
9 15 516
10 15 516
11 15 516
12 15 516
3 13 517
4 13 517
5 13 517
6 13 517
7 13 517
8 13 517
9 13 517
10 13 517
11 13 517
12 13 517
3 14 518
4 14 518
5 14 518
6 14 518
7 14 518
8 14 518
9 14 518
10 14 518
11 14 518
12 14 518
3 15 519
4 15 519
5 15 519
6 15 519
7 15 519
8 15 519
9 15 519
10 15 519
11 15 519
12 15 519
3 13 520
4 13 520
5 13 520
6 13 520
7 13 520
8 13 520
9 13 520
10 13 520
11 13 520
12 13 520
3 14 521
4 14 521
5 14 521
6 14 521
7 14 521
8 14 521
9 14 521
10 14 521
11 14 521
12 14 521
3 15 522
4 15 522
5 15 522
6 15 522
7 15 522
8 15 522
9 15 522
10 15 522
11 15 522
12 15 522
3 13 523
4 13 523
5 13 523
6 13 523
7 13 523
8 13 523
9 13 523
10 13 523
11 13 523
12 13 523
3 14 524
4 14 524
5 14 524
6 14 524
7 14 524
8 14 524
9 14 524
10 14 524
11 14 524
12 14 524
3 15 525
4 15 525
5 15 525
6 15 525
7 15 525
8 15 525
9 15 525
10 15 525
11 15 525
12 15 525
3 13 526
4 13 526
5 13 526
6 13 526
7 13 526
8 13 526
9 13 526
10 13 526
11 13 526
12 13 526
3 14 527
4 14 527
5 14 527
6 14 527
7 14 527
8 14 527
9 14 527
10 14 527
11 14 527
12 14 527
3 15 528
4 15 528
5 15 528
6 15 528
7 15 528
8 15 528
9 15 528
10 15 528
11 15 528
12 15 528
3 13 529
4 13 529
5 13 529
6 13 529
7 13 529
8 13 529
9 13 529
10 13 529
11 13 529
12 13 529
3 14 530
4 14 530
5 14 530
6 14 530
7 14 530
8 14 530
9 14 530
10 14 530
11 14 530
12 14 530
3 15 531
4 15 531
5 15 531
6 15 531
7 15 531
8 15 531
9 15 531
10 15 531
11 15 531
12 15 531
3 13 532
4 13 532
5 13 532
6 13 532
7 13 532
8 13 532
9 13 532
10 13 532
11 13 532
12 13 532
3 14 533
4 14 533
5 14 533
6 14 533
7 14 533
8 14 533
9 14 533
10 14 533
11 14 533
12 14 533
3 15 534
4 15 534
5 15 534
6 15 534
7 15 534
8 15 534
9 15 534
10 15 534
11 15 534
12 15 534
3 13 535
4 13 535
5 13 535
6 13 535
7 13 535
8 13 535
9 13 535
10 13 535
11 13 535
12 13 535
3 14 536
4 14 536
5 14 536
6 14 536
7 14 536
8 14 536
9 14 536
10 14 536
11 14 536
12 14 536
3 15 537
4 15 537
5 15 537
6 15 537
7 15 537
8 15 537
9 15 537
10 15 537
11 15 537
12 15 537
3 13 538
4 13 538
5 13 538
6 13 538
7 13 538
8 13 538
9 13 538
10 13 538
11 13 538
12 13 538
3 14 539
4 14 539
5 14 539
6 14 539
7 14 539
8 14 539
9 14 539
10 14 539
11 14 539
12 14 539
3 15 540
4 15 540
5 15 540
6 15 540
7 15 540
8 15 540
9 15 540
10 15 540
11 15 540
12 15 540
3 13 541
4 13 541
5 13 541
6 13 541
7 13 541
8 13 541
9 13 541
10 13 541
11 13 541
12 13 541
3 14 542
4 14 542
5 14 542
6 14 542
7 14 542
8 14 542
9 14 542
10 14 542
11 14 542
12 14 542
3 15 543
4 15 543
5 15 543
6 15 543
7 15 543
8 15 543
9 15 543
10 15 543
11 15 543
12 15 543
3 13 544
4 13 544
5 13 544
6 13 544
7 13 544
8 13 544
9 13 544
10 13 544
11 13 544
12 13 544
3 14 545
4 14 545
5 14 545
6 14 545
7 14 545
8 14 545
9 14 545
10 14 545
11 14 545
12 14 545
3 15 546
4 15 546
5 15 546
6 15 546
7 15 546
8 15 546
9 15 546
10 15 546
11 15 546
12 15 546
3 13 547
4 13 547
5 13 547
6 13 547
7 13 547
8 13 547
9 13 547
10 13 547
11 13 547
12 13 547
3 14 548
4 14 548
5 14 548
6 14 548
7 14 548
8 14 548
9 14 548
10 14 548
11 14 548
12 14 548
3 15 549
4 15 549
5 15 549
6 15 549
7 15 549
8 15 549
9 15 549
10 15 549
11 15 549
12 15 549
3 13 550
4 13 550
5 13 550
6 13 550
7 13 550
8 13 550
9 13 550
10 13 550
11 13 550
12 13 550
3 14 551
4 14 551
5 14 551
6 14 551
7 14 551
8 14 551
9 14 551
10 14 551
11 14 551
12 14 551
3 15 552
4 15 552
5 15 552
6 15 552
7 15 552
8 15 552
9 15 552
10 15 552
11 15 552
12 15 552
3 13 553
4 13 553
5 13 553
6 13 553
7 13 553
8 13 553
9 13 553
10 13 553
11 13 553
12 13 553
3 14 554
4 14 554
5 14 554
6 14 554
7 14 554
8 14 554
9 14 554
10 14 554
11 14 554
12 14 554
3 15 555
4 15 555
5 15 555
6 15 555
7 15 555
8 15 555
9 15 555
10 15 555
11 15 555
12 15 555
3 13 556
4 13 556
5 13 556
6 13 556
7 13 556
8 13 556
9 13 556
10 13 556
11 13 556
12 13 556
3 14 557
4 14 557
5 14 557
6 14 557
7 14 557
8 14 557
9 14 557
10 14 557
11 14 557
12 14 557
3 15 558
4 15 558
5 15 558
6 15 558
7 15 558
8 15 558
9 15 558
10 15 558
11 15 558
12 15 558
3 13 559
4 13 559
5 13 559
6 13 559
7 13 559
8 13 559
9 13 559
10 13 559
11 13 559
12 13 559
3 14 560
4 14 560
5 14 560
6 14 560
7 14 560
8 14 560
9 14 560
10 14 560
11 14 560
12 14 560
3 15 561
4 15 561
5 15 561
6 15 561
7 15 561
8 15 561
9 15 561
10 15 561
11 15 561
12 15 561
3 13 562
4 13 562
5 13 562
6 13 562
7 13 562
8 13 562
9 13 562
10 13 562
11 13 562
12 13 562
3 14 563
4 14 563
5 14 563
6 14 563
7 14 563
8 14 563
9 14 563
10 14 563
11 14 563
12 14 563
3 15 564
4 15 564
5 15 564
6 15 564
7 15 564
8 15 564
9 15 564
10 15 564
11 15 564
12 15 564
3 13 565
4 13 565
5 13 565
6 13 565
7 13 565
8 13 565
9 13 565
10 13 565
11 13 565
12 13 565
3 14 566
4 14 566
5 14 566
6 14 566
7 14 566
8 14 566
9 14 566
10 14 566
11 14 566
12 14 566
3 15 567
4 15 567
5 15 567
6 15 567
7 15 567
8 15 567
9 15 567
10 15 567
11 15 567
12 15 567
3 13 568
4 13 568
5 13 568
6 13 568
7 13 568
8 13 568
9 13 568
10 13 568
11 13 568
12 13 568
3 14 569
4 14 569
5 14 569
6 14 569
7 14 569
8 14 569
9 14 569
10 14 569
11 14 569
12 14 569
3 15 570
4 15 570
5 15 570
6 15 570
7 15 570
8 15 570
9 15 570
10 15 570
11 15 570
12 15 570
3 13 571
4 13 571
5 13 571
6 13 571
7 13 571
8 13 571
9 13 571
10 13 571
11 13 571
12 13 571
3 14 572
4 14 572
5 14 572
6 14 572
7 14 572
8 14 572
9 14 572
10 14 572
11 14 572
12 14 572
3 15 573
4 15 573
5 15 573
6 15 573
7 15 573
8 15 573
9 15 573
10 15 573
11 15 573
12 15 573
3 13 574
4 13 574
5 13 574
6 13 574
7 13 574
8 13 574
9 13 574
10 13 574
11 13 574
12 13 574
3 14 575
4 14 575
5 14 575
6 14 575
7 14 575
8 14 575
9 14 575
10 14 575
11 14 575
12 14 575
3 15 576
4 15 576
5 15 576
6 15 576
7 15 576
8 15 576
9 15 576
10 15 576
11 15 576
12 15 576
3 13 577
4 13 577
5 13 577
6 13 577
7 13 577
8 13 577
9 13 577
10 13 577
11 13 577
12 13 577
3 14 578
4 14 578
5 14 578
6 14 578
7 14 578
8 14 578
9 14 578
10 14 578
11 14 578
12 14 578
3 15 579
4 15 579
5 15 579
6 15 579
7 15 579
8 15 579
9 15 579
10 15 579
11 15 579
12 15 579
3 13 580
4 13 580
5 13 580
6 13 580
7 13 580
8 13 580
9 13 580
10 13 580
11 13 580
12 13 580
3 14 581
4 14 581
5 14 581
6 14 581
7 14 581
8 14 581
9 14 581
10 14 581
11 14 581
12 14 581
3 15 582
4 15 582
5 15 582
6 15 582
7 15 582
8 15 582
9 15 582
10 15 582
11 15 582
12 15 582
3 13 583
4 13 583
5 13 583
6 13 583
7 13 583
8 13 583
9 13 583
10 13 583
11 13 583
12 13 583
3 14 584
4 14 584
5 14 584
6 14 584
7 14 584
8 14 584
9 14 584
10 14 584
11 14 584
12 14 584
3 15 585
4 15 585
5 15 585
6 15 585
7 15 585
8 15 585
9 15 585
10 15 585
11 15 585
12 15 585
3 13 586
4 13 586
5 13 586
6 13 586
7 13 586
8 13 586
9 13 586
10 13 586
11 13 586
12 13 586
3 14 587
4 14 587
5 14 587
6 14 587
7 14 587
8 14 587
9 14 587
10 14 587
11 14 587
12 14 587
3 15 588
4 15 588
5 15 588
6 15 588
7 15 588
8 15 588
9 15 588
10 15 588
11 15 588
12 15 588
3 13 589
4 13 589
5 13 589
6 13 589
7 13 589
8 13 589
9 13 589
10 13 589
11 13 589
12 13 589
3 14 590
4 14 590
5 14 590
6 14 590
7 14 590
8 14 590
9 14 590
10 14 590
11 14 590
12 14 590
3 15 591
4 15 591
5 15 591
6 15 591
7 15 591
8 15 591
9 15 591
10 15 591
11 15 591
12 15 591
3 13 592
4 13 592
5 13 592
6 13 592
7 13 592
8 13 592
9 13 592
10 13 592
11 13 592
12 13 592
3 14 593
4 14 593
5 14 593
6 14 593
7 14 593
8 14 593
9 14 593
10 14 593
11 14 593
12 14 593
3 15 594
4 15 594
5 15 594
6 15 594
7 15 594
8 15 594
9 15 594
10 15 594
11 15 594
12 15 594
3 13 595
4 13 595
5 13 595
6 13 595
7 13 595
8 13 595
9 13 595
10 13 595
11 13 595
12 13 595
3 14 596
4 14 596
5 14 596
6 14 596
7 14 596
8 14 596
9 14 596
10 14 596
11 14 596
12 14 596
3 15 597
4 15 597
5 15 597
6 15 597
7 15 597
8 15 597
9 15 597
10 15 597
11 15 597
12 15 597
3 13 598
4 13 598
5 13 598
6 13 598
7 13 598
8 13 598
9 13 598
10 13 598
11 13 598
12 13 598
3 14 599
4 14 599
5 14 599
6 14 599
7 14 599
8 14 599
9 14 599
10 14 599
11 14 599
12 14 599
3 15 600
4 15 600
5 15 600
6 15 600
7 15 600
8 15 600
9 15 600
10 15 600
11 15 600
12 15 600
3 13 601
4 13 601
5 13 601
6 13 601
7 13 601
8 13 601
9 13 601
10 13 601
11 13 601
12 13 601
3 14 602
4 14 602
5 14 602
6 14 602
7 14 602
8 14 602
9 14 602
10 14 602
11 14 602
12 14 602
3 15 603
4 15 603
5 15 603
6 15 603
7 15 603
8 15 603
9 15 603
10 15 603
11 15 603
12 15 603
3 13 604
4 13 604
5 13 604
6 13 604
7 13 604
8 13 604
9 13 604
10 13 604
11 13 604
12 13 604
3 14 605
4 14 605
5 14 605
6 14 605
7 14 605
8 14 605
9 14 605
10 14 605
11 14 605
12 14 605
3 15 606
4 15 606
5 15 606
6 15 606
7 15 606
8 15 606
9 15 606
10 15 606
11 15 606
12 15 606
3 13 607
4 13 607
5 13 607
6 13 607
7 13 607
8 13 607
9 13 607
10 13 607
11 13 607
12 13 607
3 14 608
4 14 608
5 14 608
6 14 608
7 14 608
8 14 608
9 14 608
10 14 608
11 14 608
12 14 608
3 15 609
4 15 609
5 15 609
6 15 609
7 15 609
8 15 609
9 15 609
10 15 609
11 15 609
12 15 609
3 13 610
4 13 610
5 13 610
6 13 610
7 13 610
8 13 610
9 13 610
10 13 610
11 13 610
12 13 610
3 14 611
4 14 611
5 14 611
6 14 611
7 14 611
8 14 611
9 14 611
10 14 611
11 14 611
12 14 611
3 15 612
4 15 612
5 15 612
6 15 612
7 15 612
8 15 612
9 15 612
10 15 612
11 15 612
12 15 612
3 13 613
4 13 613
5 13 613
6 13 613
7 13 613
8 13 613
9 13 613
10 13 613
11 13 613
12 13 613
3 14 614
4 14 614
5 14 614
6 14 614
7 14 614
8 14 614
9 14 614
10 14 614
11 14 614
12 14 614
3 15 615
4 15 615
5 15 615
6 15 615
7 15 615
8 15 615
9 15 615
10 15 615
11 15 615
12 15 615
3 13 616
4 13 616
5 13 616
6 13 616
7 13 616
8 13 616
9 13 616
10 13 616
11 13 616
12 13 616
3 14 617
4 14 617
5 14 617
6 14 617
7 14 617
8 14 617
9 14 617
10 14 617
11 14 617
12 14 617
3 15 618
4 15 618
5 15 618
6 15 618
7 15 618
8 15 618
9 15 618
10 15 618
11 15 618
12 15 618
3 13 619
4 13 619
5 13 619
6 13 619
7 13 619
8 13 619
9 13 619
10 13 619
11 13 619
12 13 619
3 14 620
4 14 620
5 14 620
6 14 620
7 14 620
8 14 620
9 14 620
10 14 620
11 14 620
12 14 620
3 15 621
4 15 621
5 15 621
6 15 621
7 15 621
8 15 621
9 15 621
10 15 621
11 15 621
12 15 621
3 13 622
4 13 622
5 13 622
6 13 622
7 13 622
8 13 622
9 13 622
10 13 622
11 13 622
12 13 622
3 14 623
4 14 623
5 14 623
6 14 623
7 14 623
8 14 623
9 14 623
10 14 623
11 14 623
12 14 623
3 15 624
4 15 624
5 15 624
6 15 624
7 15 624
8 15 624
9 15 624
10 15 624
11 15 624
12 15 624
3 13 625
4 13 625
5 13 625
6 13 625
7 13 625
8 13 625
9 13 625
10 13 625
11 13 625
12 13 625
3 14 626
4 14 626
5 14 626
6 14 626
7 14 626
8 14 626
9 14 626
10 14 626
11 14 626
12 14 626
3 15 627
4 15 627
5 15 627
6 15 627
7 15 627
8 15 627
9 15 627
10 15 627
11 15 627
12 15 627
3 13 628
4 13 628
5 13 628
6 13 628
7 13 628
8 13 628
9 13 628
10 13 628
11 13 628
12 13 628
3 14 629
4 14 629
5 14 629
6 14 629
7 14 629
8 14 629
9 14 629
10 14 629
11 14 629
12 14 629
3 15 630
4 15 630
5 15 630
6 15 630
7 15 630
8 15 630
9 15 630
10 15 630
11 15 630
12 15 630
3 13 631
4 13 631
5 13 631
6 13 631
7 13 631
8 13 631
9 13 631
10 13 631
11 13 631
12 13 631
3 14 632
4 14 632
5 14 632
6 14 632
7 14 632
8 14 632
9 14 632
10 14 632
11 14 632
12 14 632
3 15 633
4 15 633
5 15 633
6 15 633
7 15 633
8 15 633
9 15 633
10 15 633
11 15 633
12 15 633
3 13 634
4 13 634
5 13 634
6 13 634
7 13 634
8 13 634
9 13 634
10 13 634
11 13 634
12 13 634
3 14 635
4 14 635
5 14 635
6 14 635
7 14 635
8 14 635
9 14 635
10 14 635
11 14 635
12 14 635
3 15 636
4 15 636
5 15 636
6 15 636
7 15 636
8 15 636
9 15 636
10 15 636
11 15 636
12 15 636
3 13 637
4 13 637
5 13 637
6 13 637
7 13 637
8 13 637
9 13 637
10 13 637
11 13 637
12 13 637
3 14 638
4 14 638
5 14 638
6 14 638
7 14 638
8 14 638
9 14 638
10 14 638
11 14 638
12 14 638
3 15 639
4 15 639
5 15 639
6 15 639
7 15 639
8 15 639
9 15 639
10 15 639
11 15 639
12 15 639
3 13 640
4 13 640
5 13 640
6 13 640
7 13 640
8 13 640
9 13 640
10 13 640
11 13 640
12 13 640
3 14 641
4 14 641
5 14 641
6 14 641
7 14 641
8 14 641
9 14 641
10 14 641
11 14 641
12 14 641
3 15 642
4 15 642
5 15 642
6 15 642
7 15 642
8 15 642
9 15 642
10 15 642
11 15 642
12 15 642
3 13 643
4 13 643
5 13 643
6 13 643
7 13 643
8 13 643
9 13 643
10 13 643
11 13 643
12 13 643
3 14 644
4 14 644
5 14 644
6 14 644
7 14 644
8 14 644
9 14 644
10 14 644
11 14 644
12 14 644
3 15 645
4 15 645
5 15 645
6 15 645
7 15 645
8 15 645
9 15 645
10 15 645
11 15 645
12 15 645
3 13 646
4 13 646
5 13 646
6 13 646
7 13 646
8 13 646
9 13 646
10 13 646
11 13 646
12 13 646
3 14 647
4 14 647
5 14 647
6 14 647
7 14 647
8 14 647
9 14 647
10 14 647
11 14 647
12 14 647
3 15 648
4 15 648
5 15 648
6 15 648
7 15 648
8 15 648
9 15 648
10 15 648
11 15 648
12 15 648
3 13 649
4 13 649
5 13 649
6 13 649
7 13 649
8 13 649
9 13 649
10 13 649
11 13 649
12 13 649
3 14 650
4 14 650
5 14 650
6 14 650
7 14 650
8 14 650
9 14 650
10 14 650
11 14 650
12 14 650
3 15 651
4 15 651
5 15 651
6 15 651
7 15 651
8 15 651
9 15 651
10 15 651
11 15 651
12 15 651
3 13 652
4 13 652
5 13 652
6 13 652
7 13 652
8 13 652
9 13 652
10 13 652
11 13 652
12 13 652
3 14 653
4 14 653
5 14 653
6 14 653
7 14 653
8 14 653
9 14 653
10 14 653
11 14 653
12 14 653
3 15 654
4 15 654
5 15 654
6 15 654
7 15 654
8 15 654
9 15 654
10 15 654
11 15 654
12 15 654
3 13 655
4 13 655
5 13 655
6 13 655
7 13 655
8 13 655
9 13 655
10 13 655
11 13 655
12 13 655
3 14 656
4 14 656
5 14 656
6 14 656
7 14 656
8 14 656
9 14 656
10 14 656
11 14 656
12 14 656
3 15 657
4 15 657
5 15 657
6 15 657
7 15 657
8 15 657
9 15 657
10 15 657
11 15 657
12 15 657
3 13 658
4 13 658
5 13 658
6 13 658
7 13 658
8 13 658
9 13 658
10 13 658
11 13 658
12 13 658
3 14 659
4 14 659
5 14 659
6 14 659
7 14 659
8 14 659
9 14 659
10 14 659
11 14 659
12 14 659
3 15 660
4 15 660
5 15 660
6 15 660
7 15 660
8 15 660
9 15 660
10 15 660
11 15 660
12 15 660
3 13 661
4 13 661
5 13 661
6 13 661
7 13 661
8 13 661
9 13 661
10 13 661
11 13 661
12 13 661
3 14 662
4 14 662
5 14 662
6 14 662
7 14 662
8 14 662
9 14 662
10 14 662
11 14 662
12 14 662
3 15 663
4 15 663
5 15 663
6 15 663
7 15 663
8 15 663
9 15 663
10 15 663
11 15 663
12 15 663
3 13 664
4 13 664
5 13 664
6 13 664
7 13 664
8 13 664
9 13 664
10 13 664
11 13 664
12 13 664
3 14 665
4 14 665
5 14 665
6 14 665
7 14 665
8 14 665
9 14 665
10 14 665
11 14 665
12 14 665
3 15 666
4 15 666
5 15 666
6 15 666
7 15 666
8 15 666
9 15 666
10 15 666
11 15 666
12 15 666
3 13 667
4 13 667
5 13 667
6 13 667
7 13 667
8 13 667
9 13 667
10 13 667
11 13 667
12 13 667
3 14 668
4 14 668
5 14 668
6 14 668
7 14 668
8 14 668
9 14 668
10 14 668
11 14 668
12 14 668
3 15 669
4 15 669
5 15 669
6 15 669
7 15 669
8 15 669
9 15 669
10 15 669
11 15 669
12 15 669
3 13 670
4 13 670
5 13 670
6 13 670
7 13 670
8 13 670
9 13 670
10 13 670
11 13 670
12 13 670
3 14 671
4 14 671
5 14 671
6 14 671
7 14 671
8 14 671
9 14 671
10 14 671
11 14 671
12 14 671
3 15 672
4 15 672
5 15 672
6 15 672
7 15 672
8 15 672
9 15 672
10 15 672
11 15 672
12 15 672
3 13 673
4 13 673
5 13 673
6 13 673
7 13 673
8 13 673
9 13 673
10 13 673
11 13 673
12 13 673
3 14 674
4 14 674
5 14 674
6 14 674
7 14 674
8 14 674
9 14 674
10 14 674
11 14 674
12 14 674
3 15 675
4 15 675
5 15 675
6 15 675
7 15 675
8 15 675
9 15 675
10 15 675
11 15 675
12 15 675
3 13 676
4 13 676
5 13 676
6 13 676
7 13 676
8 13 676
9 13 676
10 13 676
11 13 676
12 13 676
3 14 677
4 14 677
5 14 677
6 14 677
7 14 677
8 14 677
9 14 677
10 14 677
11 14 677
12 14 677
3 15 678
4 15 678
5 15 678
6 15 678
7 15 678
8 15 678
9 15 678
10 15 678
11 15 678
12 15 678
3 13 679
4 13 679
5 13 679
6 13 679
7 13 679
8 13 679
9 13 679
10 13 679
11 13 679
12 13 679
3 14 680
4 14 680
5 14 680
6 14 680
7 14 680
8 14 680
9 14 680
10 14 680
11 14 680
12 14 680
3 15 681
4 15 681
5 15 681
6 15 681
7 15 681
8 15 681
9 15 681
10 15 681
11 15 681
12 15 681
3 13 682
4 13 682
5 13 682
6 13 682
7 13 682
8 13 682
9 13 682
10 13 682
11 13 682
12 13 682
3 14 683
4 14 683
5 14 683
6 14 683
7 14 683
8 14 683
9 14 683
10 14 683
11 14 683
12 14 683
3 15 684
4 15 684
5 15 684
6 15 684
7 15 684
8 15 684
9 15 684
10 15 684
11 15 684
12 15 684
3 13 685
4 13 685
5 13 685
6 13 685
7 13 685
8 13 685
9 13 685
10 13 685
11 13 685
12 13 685
3 14 686
4 14 686
5 14 686
6 14 686
7 14 686
8 14 686
9 14 686
10 14 686
11 14 686
12 14 686
3 15 687
4 15 687
5 15 687
6 15 687
7 15 687
8 15 687
9 15 687
10 15 687
11 15 687
12 15 687
3 13 688
4 13 688
5 13 688
6 13 688
7 13 688
8 13 688
9 13 688
10 13 688
11 13 688
12 13 688
3 14 689
4 14 689
5 14 689
6 14 689
7 14 689
8 14 689
9 14 689
10 14 689
11 14 689
12 14 689
3 15 690
4 15 690
5 15 690
6 15 690
7 15 690
8 15 690
9 15 690
10 15 690
11 15 690
12 15 690
3 13 691
4 13 691
5 13 691
6 13 691
7 13 691
8 13 691
9 13 691
10 13 691
11 13 691
12 13 691
3 14 692
4 14 692
5 14 692
6 14 692
7 14 692
8 14 692
9 14 692
10 14 692
11 14 692
12 14 692
3 15 693
4 15 693
5 15 693
6 15 693
7 15 693
8 15 693
9 15 693
10 15 693
11 15 693
12 15 693
3 13 694
4 13 694
5 13 694
6 13 694
7 13 694
8 13 694
9 13 694
10 13 694
11 13 694
12 13 694
3 14 695
4 14 695
5 14 695
6 14 695
7 14 695
8 14 695
9 14 695
10 14 695
11 14 695
12 14 695
3 15 696
4 15 696
5 15 696
6 15 696
7 15 696
8 15 696
9 15 696
10 15 696
11 15 696
12 15 696
3 13 697
4 13 697
5 13 697
6 13 697
7 13 697
8 13 697
9 13 697
10 13 697
11 13 697
12 13 697
3 14 698
4 14 698
5 14 698
6 14 698
7 14 698
8 14 698
9 14 698
10 14 698
11 14 698
12 14 698
3 15 699
4 15 699
5 15 699
6 15 699
7 15 699
8 15 699
9 15 699
10 15 699
11 15 699
12 15 699
3 13 700
4 13 700
5 13 700
6 13 700
7 13 700
8 13 700
9 13 700
10 13 700
11 13 700
12 13 700
3 14 701
4 14 701
5 14 701
6 14 701
7 14 701
8 14 701
9 14 701
10 14 701
11 14 701
12 14 701
3 15 702
4 15 702
5 15 702
6 15 702
7 15 702
8 15 702
9 15 702
10 15 702
11 15 702
12 15 702
3 13 703
4 13 703
5 13 703
6 13 703
7 13 703
8 13 703
9 13 703
10 13 703
11 13 703
12 13 703
3 14 704
4 14 704
5 14 704
6 14 704
7 14 704
8 14 704
9 14 704
10 14 704
11 14 704
12 14 704
3 15 705
4 15 705
5 15 705
6 15 705
7 15 705
8 15 705
9 15 705
10 15 705
11 15 705
12 15 705
3 13 706
4 13 706
5 13 706
6 13 706
7 13 706
8 13 706
9 13 706
10 13 706
11 13 706
12 13 706
3 14 707
4 14 707
5 14 707
6 14 707
7 14 707
8 14 707
9 14 707
10 14 707
11 14 707
12 14 707
3 15 708
4 15 708
5 15 708
6 15 708
7 15 708
8 15 708
9 15 708
10 15 708
11 15 708
12 15 708
3 13 709
4 13 709
5 13 709
6 13 709
7 13 709
8 13 709
9 13 709
10 13 709
11 13 709
12 13 709
3 14 710
4 14 710
5 14 710
6 14 710
7 14 710
8 14 710
9 14 710
10 14 710
11 14 710
12 14 710
3 15 711
4 15 711
5 15 711
6 15 711
7 15 711
8 15 711
9 15 711
10 15 711
11 15 711
12 15 711
3 13 712
4 13 712
5 13 712
6 13 712
7 13 712
8 13 712
9 13 712
10 13 712
11 13 712
12 13 712
3 14 713
4 14 713
5 14 713
6 14 713
7 14 713
8 14 713
9 14 713
10 14 713
11 14 713
12 14 713
3 15 714
4 15 714
5 15 714
6 15 714
7 15 714
8 15 714
9 15 714
10 15 714
11 15 714
12 15 714
3 13 715
4 13 715
5 13 715
6 13 715
7 13 715
8 13 715
9 13 715
10 13 715
11 13 715
12 13 715
3 14 716
4 14 716
5 14 716
6 14 716
7 14 716
8 14 716
9 14 716
10 14 716
11 14 716
12 14 716
3 15 717
4 15 717
5 15 717
6 15 717
7 15 717
8 15 717
9 15 717
10 15 717
11 15 717
12 15 717
3 13 718
4 13 718
5 13 718
6 13 718
7 13 718
8 13 718
9 13 718
10 13 718
11 13 718
12 13 718
3 14 719
4 14 719
5 14 719
6 14 719
7 14 719
8 14 719
9 14 719
10 14 719
11 14 719
12 14 719
3 15 720
4 15 720
5 15 720
6 15 720
7 15 720
8 15 720
9 15 720
10 15 720
11 15 720
12 15 720
3 13 721
4 13 721
5 13 721
6 13 721
7 13 721
8 13 721
9 13 721
10 13 721
11 13 721
12 13 721
3 14 722
4 14 722
5 14 722
6 14 722
7 14 722
8 14 722
9 14 722
10 14 722
11 14 722
12 14 722
3 15 723
4 15 723
5 15 723
6 15 723
7 15 723
8 15 723
9 15 723
10 15 723
11 15 723
12 15 723
3 13 724
4 13 724
5 13 724
6 13 724
7 13 724
8 13 724
9 13 724
10 13 724
11 13 724
12 13 724
3 14 725
4 14 725
5 14 725
6 14 725
7 14 725
8 14 725
9 14 725
10 14 725
11 14 725
12 14 725
3 15 726
4 15 726
5 15 726
6 15 726
7 15 726
8 15 726
9 15 726
10 15 726
11 15 726
12 15 726
3 13 727
4 13 727
5 13 727
6 13 727
7 13 727
8 13 727
9 13 727
10 13 727
11 13 727
12 13 727
3 14 728
4 14 728
5 14 728
6 14 728
7 14 728
8 14 728
9 14 728
10 14 728
11 14 728
12 14 728
3 15 729
4 15 729
5 15 729
6 15 729
7 15 729
8 15 729
9 15 729
10 15 729
11 15 729
12 15 729
3 13 730
4 13 730
5 13 730
6 13 730
7 13 730
8 13 730
9 13 730
10 13 730
11 13 730
12 13 730
3 14 731
4 14 731
5 14 731
6 14 731
7 14 731
8 14 731
9 14 731
10 14 731
11 14 731
12 14 731
3 15 732
4 15 732
5 15 732
6 15 732
7 15 732
8 15 732
9 15 732
10 15 732
11 15 732
12 15 732
3 13 733
4 13 733
5 13 733
6 13 733
7 13 733
8 13 733
9 13 733
10 13 733
11 13 733
12 13 733
3 14 734
4 14 734
5 14 734
6 14 734
7 14 734
8 14 734
9 14 734
10 14 734
11 14 734
12 14 734
3 15 735
4 15 735
5 15 735
6 15 735
7 15 735
8 15 735
9 15 735
10 15 735
11 15 735
12 15 735
3 13 736
4 13 736
5 13 736
6 13 736
7 13 736
8 13 736
9 13 736
10 13 736
11 13 736
12 13 736
3 14 737
4 14 737
5 14 737
6 14 737
7 14 737
8 14 737
9 14 737
10 14 737
11 14 737
12 14 737
3 15 738
4 15 738
5 15 738
6 15 738
7 15 738
8 15 738
9 15 738
10 15 738
11 15 738
12 15 738
3 13 739
4 13 739
5 13 739
6 13 739
7 13 739
8 13 739
9 13 739
10 13 739
11 13 739
12 13 739
3 14 740
4 14 740
5 14 740
6 14 740
7 14 740
8 14 740
9 14 740
10 14 740
11 14 740
12 14 740
3 15 741
4 15 741
5 15 741
6 15 741
7 15 741
8 15 741
9 15 741
10 15 741
11 15 741
12 15 741
3 13 742
4 13 742
5 13 742
6 13 742
7 13 742
8 13 742
9 13 742
10 13 742
11 13 742
12 13 742
3 14 743
4 14 743
5 14 743
6 14 743
7 14 743
8 14 743
9 14 743
10 14 743
11 14 743
12 14 743
3 15 744
4 15 744
5 15 744
6 15 744
7 15 744
8 15 744
9 15 744
10 15 744
11 15 744
12 15 744
3 13 745
4 13 745
5 13 745
6 13 745
7 13 745
8 13 745
9 13 745
10 13 745
11 13 745
12 13 745
3 14 746
4 14 746
5 14 746
6 14 746
7 14 746
8 14 746
9 14 746
10 14 746
11 14 746
12 14 746
3 15 747
4 15 747
5 15 747
6 15 747
7 15 747
8 15 747
9 15 747
10 15 747
11 15 747
12 15 747
3 13 748
4 13 748
5 13 748
6 13 748
7 13 748
8 13 748
9 13 748
10 13 748
11 13 748
12 13 748
3 14 749
4 14 749
5 14 749
6 14 749
7 14 749
8 14 749
9 14 749
10 14 749
11 14 749
12 14 749
3 15 750
4 15 750
5 15 750
6 15 750
7 15 750
8 15 750
9 15 750
10 15 750
11 15 750
12 15 750
3 13 751
4 13 751
5 13 751
6 13 751
7 13 751
8 13 751
9 13 751
10 13 751
11 13 751
12 13 751
3 14 752
4 14 752
5 14 752
6 14 752
7 14 752
8 14 752
9 14 752
10 14 752
11 14 752
12 14 752
3 15 753
4 15 753
5 15 753
6 15 753
7 15 753
8 15 753
9 15 753
10 15 753
11 15 753
12 15 753
