8 4 1
13 4 1
8 9 2
13 9 2
8 4 3
13 4 3
8 9 4
13 9 4
8 4 5
13 4 5
8 9 6
13 9 6
8 4 7
13 4 7
8 9 8
13 9 8
8 4 9
13 4 9
8 9 10
13 9 10
8 4 11
13 4 11
8 9 12
13 9 12
8 4 13
13 4 13
8 9 14
13 9 14
8 4 15
13 4 15
8 9 16
13 9 16
8 4 17
13 4 17
8 9 18
13 9 18
8 4 19
13 4 19
8 9 20
13 9 20
8 4 21
13 4 21
8 9 22
13 9 22
8 4 23
13 4 23
8 9 24
13 9 24
8 4 25
13 4 25
8 9 26
13 9 26
8 4 27
13 4 27
8 9 28
13 9 28
8 4 29
13 4 29
8 9 30
13 9 30
8 4 31
13 4 31
8 9 32
13 9 32
8 4 33
13 4 33
8 9 34
13 9 34
8 4 35
13 4 35
8 9 36
13 9 36
8 4 37
13 4 37
8 9 38
13 9 38
8 4 39
13 4 39
8 9 40
13 9 40
8 4 41
13 4 41
8 9 42
13 9 42
8 4 43
13 4 43
8 9 44
13 9 44
8 4 45
13 4 45
8 9 46
13 9 46
8 4 47
13 4 47
8 9 48
13 9 48
8 4 49
13 4 49
8 9 50
13 9 50
8 4 51
13 4 51
8 9 52
13 9 52
8 4 53
13 4 53
8 9 54
13 9 54
8 4 55
13 4 55
8 9 56
13 9 56
8 4 57
13 4 57
8 9 58
13 9 58
8 4 59
13 4 59
8 9 60
13 9 60
8 4 61
13 4 61
8 9 62
13 9 62
8 4 63
13 4 63
8 9 64
13 9 64
8 4 65
13 4 65
8 9 66
13 9 66
8 4 67
13 4 67
8 9 68
13 9 68
8 4 69
13 4 69
8 9 70
13 9 70
8 4 71
13 4 71
8 9 72
13 9 72
8 4 73
13 4 73
8 9 74
13 9 74
8 4 75
13 4 75
8 9 76
13 9 76
8 4 77
13 4 77
8 9 78
13 9 78
8 4 79
13 4 79
8 9 80
13 9 80
8 4 81
13 4 81
8 9 82
13 9 82
