2 3 1
2 6 2
2 3 3
2 6 4
2 3 5
2 6 6
2 3 7
2 6 8
2 3 9
2 6 10
2 3 11
2 6 12
2 3 13
2 6 14
2 3 15
2 6 16
2 3 17
2 6 18
2 3 19
2 6 20
2 3 21
2 6 22
2 3 23
2 6 24
2 3 25
2 6 26
2 3 27
2 6 28
2 3 29
2 6 30
2 3 31
2 6 32
2 3 33
2 6 34
2 3 35
2 6 36
2 3 37
2 6 38
2 3 39
2 6 40
2 3 41
2 6 42
2 3 43
2 6 44
2 3 45
2 6 46
2 3 47
2 6 48
2 3 49
2 6 50
2 3 51
2 6 52
2 3 53
2 6 54
2 3 55
2 6 56
2 3 57
2 6 58
2 3 59
2 6 60
2 3 61
2 6 62
2 3 63
2 6 64
2 3 65
2 6 66
2 3 67
2 6 68
2 3 69
2 6 70
2 3 71
2 6 72
2 3 73
2 6 74
2 3 75
2 6 76
2 3 77
2 6 78
2 3 79
2 6 80
2 3 81
2 6 82
