3 7 1
6 7 1
3 11 2
6 11 2
3 7 3
6 7 3
3 11 4
6 11 4
3 7 5
6 7 5
3 11 6
6 11 6
3 7 7
6 7 7
3 11 8
6 11 8
3 7 9
6 7 9
3 11 10
6 11 10
3 7 11
6 7 11
3 11 12
6 11 12
3 7 13
6 7 13
3 11 14
6 11 14
3 7 15
6 7 15
3 11 16
6 11 16
3 7 17
6 7 17
3 11 18
6 11 18
3 7 19
6 7 19
3 11 20
6 11 20
3 7 21
6 7 21
3 11 22
6 11 22
3 7 23
6 7 23
3 11 24
6 11 24
3 7 25
6 7 25
3 11 26
6 11 26
3 7 27
6 7 27
3 11 28
6 11 28
3 7 29
6 7 29
3 11 30
6 11 30
3 7 31
6 7 31
3 11 32
6 11 32
3 7 33
6 7 33
3 11 34
6 11 34
3 7 35
6 7 35
3 11 36
6 11 36
3 7 37
6 7 37
3 11 38
6 11 38
3 7 39
6 7 39
3 11 40
6 11 40
3 7 41
6 7 41
3 11 42
6 11 42
3 7 43
6 7 43
3 11 44
6 11 44
3 7 45
6 7 45
3 11 46
6 11 46
3 7 47
6 7 47
3 11 48
6 11 48
3 7 49
6 7 49
3 11 50
6 11 50
3 7 51
6 7 51
3 11 52
6 11 52
3 7 53
6 7 53
3 11 54
6 11 54
3 7 55
6 7 55
3 11 56
6 11 56
3 7 57
6 7 57
3 11 58
6 11 58
3 7 59
6 7 59
3 11 60
6 11 60
3 7 61
6 7 61
3 11 62
6 11 62
3 7 63
6 7 63
3 11 64
6 11 64
3 7 65
6 7 65
3 11 66
6 11 66
3 7 67
6 7 67
3 11 68
6 11 68
3 7 69
6 7 69
3 11 70
6 11 70
3 7 71
6 7 71
3 11 72
6 11 72
3 7 73
6 7 73
3 11 74
6 11 74
3 7 75
6 7 75
3 11 76
6 11 76
3 7 77
6 7 77
3 11 78
6 11 78
3 7 79
6 7 79
3 11 80
6 11 80
3 7 81
6 7 81
3 11 82
6 11 82
