4 0 1
9 0 1
4 5 2
9 5 2
4 0 3
9 0 3
4 5 4
9 5 4
4 0 5
9 0 5
4 5 6
9 5 6
4 0 7
9 0 7
4 5 8
9 5 8
4 0 9
9 0 9
4 5 10
9 5 10
4 0 11
9 0 11
4 5 12
9 5 12
4 0 13
9 0 13
4 5 14
9 5 14
4 0 15
9 0 15
4 5 16
9 5 16
4 0 17
9 0 17
4 5 18
9 5 18
4 0 19
9 0 19
4 5 20
9 5 20
4 0 21
9 0 21
4 5 22
9 5 22
4 0 23
9 0 23
4 5 24
9 5 24
4 0 25
9 0 25
4 5 26
9 5 26
4 0 27
9 0 27
4 5 28
9 5 28
4 0 29
9 0 29
4 5 30
9 5 30
4 0 31
9 0 31
4 5 32
9 5 32
4 0 33
9 0 33
4 5 34
9 5 34
4 0 35
9 0 35
4 5 36
9 5 36
4 0 37
9 0 37
4 5 38
9 5 38
4 0 39
9 0 39
4 5 40
9 5 40
4 0 41
9 0 41
4 5 42
9 5 42
4 0 43
9 0 43
4 5 44
9 5 44
4 0 45
9 0 45
4 5 46
9 5 46
4 0 47
9 0 47
4 5 48
9 5 48
4 0 49
9 0 49
4 5 50
9 5 50
4 0 51
9 0 51
4 5 52
9 5 52
4 0 53
9 0 53
4 5 54
9 5 54
4 0 55
9 0 55
4 5 56
9 5 56
4 0 57
9 0 57
4 5 58
9 5 58
4 0 59
9 0 59
4 5 60
9 5 60
4 0 61
9 0 61
4 5 62
9 5 62
4 0 63
9 0 63
4 5 64
9 5 64
4 0 65
9 0 65
4 5 66
9 5 66
4 0 67
9 0 67
4 5 68
9 5 68
4 0 69
9 0 69
4 5 70
9 5 70
4 0 71
9 0 71
4 5 72
9 5 72
4 0 73
9 0 73
4 5 74
9 5 74
4 0 75
9 0 75
4 5 76
9 5 76
4 0 77
9 0 77
4 5 78
9 5 78
4 0 79
9 0 79
4 5 80
9 5 80
4 0 81
9 0 81
4 5 82
9 5 82
