10 12 1
15 12 1
10 14 2
15 14 2
10 12 3
15 12 3
10 14 4
15 14 4
10 12 5
15 12 5
10 14 6
15 14 6
10 12 7
15 12 7
10 14 8
15 14 8
10 12 9
15 12 9
10 14 10
15 14 10
10 12 11
15 12 11
10 14 12
15 14 12
10 12 13
15 12 13
10 14 14
15 14 14
10 12 15
15 12 15
10 14 16
15 14 16
10 12 17
15 12 17
10 14 18
15 14 18
10 12 19
15 12 19
10 14 20
15 14 20
10 12 21
15 12 21
10 14 22
15 14 22
10 12 23
15 12 23
10 14 24
15 14 24
10 12 25
15 12 25
10 14 26
15 14 26
10 12 27
15 12 27
10 14 28
15 14 28
10 12 29
15 12 29
10 14 30
15 14 30
10 12 31
15 12 31
10 14 32
15 14 32
10 12 33
15 12 33
10 14 34
15 14 34
10 12 35
15 12 35
10 14 36
15 14 36
10 12 37
15 12 37
10 14 38
15 14 38
10 12 39
15 12 39
10 14 40
15 14 40
10 12 41
15 12 41
10 14 42
15 14 42
10 12 43
15 12 43
10 14 44
15 14 44
10 12 45
15 12 45
10 14 46
15 14 46
10 12 47
15 12 47
10 14 48
15 14 48
10 12 49
15 12 49
10 14 50
15 14 50
10 12 51
15 12 51
10 14 52
15 14 52
10 12 53
15 12 53
10 14 54
15 14 54
10 12 55
15 12 55
10 14 56
15 14 56
10 12 57
15 12 57
10 14 58
15 14 58
10 12 59
15 12 59
10 14 60
15 14 60
10 12 61
15 12 61
10 14 62
15 14 62
10 12 63
15 12 63
10 14 64
15 14 64
10 12 65
15 12 65
10 14 66
15 14 66
10 12 67
15 12 67
10 14 68
15 14 68
10 12 69
15 12 69
10 14 70
15 14 70
10 12 71
15 12 71
10 14 72
15 14 72
10 12 73
15 12 73
10 14 74
15 14 74
10 12 75
15 12 75
10 14 76
15 14 76
10 12 77
15 12 77
10 14 78
15 14 78
10 12 79
15 12 79
10 14 80
15 14 80
10 12 81
15 12 81
10 14 82
15 14 82
