9 11 1
10 11 1
9 12 2
10 12 2
9 11 3
10 11 3
9 12 4
10 12 4
9 11 5
10 11 5
9 12 6
10 12 6
9 11 7
10 11 7
9 12 8
10 12 8
9 11 9
10 11 9
9 12 10
10 12 10
9 11 11
10 11 11
9 12 12
10 12 12
9 11 13
10 11 13
9 12 14
10 12 14
9 11 15
10 11 15
9 12 16
10 12 16
9 11 17
10 11 17
9 12 18
10 12 18
9 11 19
10 11 19
9 12 20
10 12 20
9 11 21
10 11 21
9 12 22
10 12 22
9 11 23
10 11 23
9 12 24
10 12 24
9 11 25
10 11 25
9 12 26
10 12 26
9 11 27
10 11 27
9 12 28
10 12 28
9 11 29
10 11 29
9 12 30
10 12 30
9 11 31
10 11 31
9 12 32
10 12 32
9 11 33
10 11 33
9 12 34
10 12 34
9 11 35
10 11 35
9 12 36
10 12 36
9 11 37
10 11 37
9 12 38
10 12 38
9 11 39
10 11 39
9 12 40
10 12 40
9 11 41
10 11 41
9 12 42
10 12 42
9 11 43
10 11 43
9 12 44
10 12 44
9 11 45
10 11 45
9 12 46
10 12 46
9 11 47
10 11 47
9 12 48
10 12 48
9 11 49
10 11 49
9 12 50
10 12 50
9 11 51
10 11 51
9 12 52
10 12 52
9 11 53
10 11 53
9 12 54
10 12 54
9 11 55
10 11 55
9 12 56
10 12 56
9 11 57
10 11 57
9 12 58
10 12 58
9 11 59
10 11 59
9 12 60
10 12 60
9 11 61
10 11 61
9 12 62
10 12 62
9 11 63
10 11 63
9 12 64
10 12 64
9 11 65
10 11 65
9 12 66
10 12 66
9 11 67
10 11 67
9 12 68
10 12 68
9 11 69
10 11 69
9 12 70
10 12 70
9 11 71
10 11 71
9 12 72
10 12 72
9 11 73
10 11 73
9 12 74
10 12 74
9 11 75
10 11 75
9 12 76
10 12 76
9 11 77
10 11 77
9 12 78
10 12 78
9 11 79
10 11 79
9 12 80
10 12 80
9 11 81
10 11 81
9 12 82
10 12 82
