11 13 1
12 13 1
11 14 2
12 14 2
11 13 3
12 13 3
11 14 4
12 14 4
11 13 5
12 13 5
11 14 6
12 14 6
11 13 7
12 13 7
11 14 8
12 14 8
11 13 9
12 13 9
11 14 10
12 14 10
11 13 11
12 13 11
11 14 12
12 14 12
11 13 13
12 13 13
11 14 14
12 14 14
11 13 15
12 13 15
11 14 16
12 14 16
11 13 17
12 13 17
11 14 18
12 14 18
11 13 19
12 13 19
11 14 20
12 14 20
11 13 21
12 13 21
11 14 22
12 14 22
11 13 23
12 13 23
11 14 24
12 14 24
11 13 25
12 13 25
11 14 26
12 14 26
11 13 27
12 13 27
11 14 28
12 14 28
11 13 29
12 13 29
11 14 30
12 14 30
11 13 31
12 13 31
11 14 32
12 14 32
11 13 33
12 13 33
11 14 34
12 14 34
11 13 35
12 13 35
11 14 36
12 14 36
11 13 37
12 13 37
11 14 38
12 14 38
11 13 39
12 13 39
11 14 40
12 14 40
11 13 41
12 13 41
11 14 42
12 14 42
11 13 43
12 13 43
11 14 44
12 14 44
11 13 45
12 13 45
11 14 46
12 14 46
11 13 47
12 13 47
11 14 48
12 14 48
11 13 49
12 13 49
11 14 50
12 14 50
11 13 51
12 13 51
11 14 52
12 14 52
11 13 53
12 13 53
11 14 54
12 14 54
11 13 55
12 13 55
11 14 56
12 14 56
11 13 57
12 13 57
11 14 58
12 14 58
11 13 59
12 13 59
11 14 60
12 14 60
11 13 61
12 13 61
11 14 62
12 14 62
11 13 63
12 13 63
11 14 64
12 14 64
11 13 65
12 13 65
11 14 66
12 14 66
11 13 67
12 13 67
11 14 68
12 14 68
11 13 69
12 13 69
11 14 70
12 14 70
11 13 71
12 13 71
11 14 72
12 14 72
11 13 73
12 13 73
11 14 74
12 14 74
11 13 75
12 13 75
11 14 76
12 14 76
11 13 77
12 13 77
11 14 78
12 14 78
11 13 79
12 13 79
11 14 80
12 14 80
11 13 81
12 13 81
11 14 82
12 14 82
