3 5 1
4 5 1
3 6 2
4 6 2
3 5 3
4 5 3
3 6 4
4 6 4
3 5 5
4 5 5
3 6 6
4 6 6
3 5 7
4 5 7
3 6 8
4 6 8
3 5 9
4 5 9
3 6 10
4 6 10
3 5 11
4 5 11
3 6 12
4 6 12
3 5 13
4 5 13
3 6 14
4 6 14
3 5 15
4 5 15
3 6 16
4 6 16
3 5 17
4 5 17
3 6 18
4 6 18
3 5 19
4 5 19
3 6 20
4 6 20
3 5 21
4 5 21
3 6 22
4 6 22
3 5 23
4 5 23
3 6 24
4 6 24
3 5 25
4 5 25
3 6 26
4 6 26
3 5 27
4 5 27
3 6 28
4 6 28
3 5 29
4 5 29
3 6 30
4 6 30
3 5 31
4 5 31
3 6 32
4 6 32
3 5 33
4 5 33
3 6 34
4 6 34
3 5 35
4 5 35
3 6 36
4 6 36
3 5 37
4 5 37
3 6 38
4 6 38
3 5 39
4 5 39
3 6 40
4 6 40
3 5 41
4 5 41
3 6 42
4 6 42
3 5 43
4 5 43
3 6 44
4 6 44
3 5 45
4 5 45
3 6 46
4 6 46
3 5 47
4 5 47
3 6 48
4 6 48
3 5 49
4 5 49
3 6 50
4 6 50
3 5 51
4 5 51
3 6 52
4 6 52
3 5 53
4 5 53
3 6 54
4 6 54
3 5 55
4 5 55
3 6 56
4 6 56
3 5 57
4 5 57
3 6 58
4 6 58
3 5 59
4 5 59
3 6 60
4 6 60
3 5 61
4 5 61
3 6 62
4 6 62
3 5 63
4 5 63
3 6 64
4 6 64
3 5 65
4 5 65
3 6 66
4 6 66
3 5 67
4 5 67
3 6 68
4 6 68
3 5 69
4 5 69
3 6 70
4 6 70
3 5 71
4 5 71
3 6 72
4 6 72
3 5 73
4 5 73
3 6 74
4 6 74
3 5 75
4 5 75
3 6 76
4 6 76
3 5 77
4 5 77
3 6 78
4 6 78
3 5 79
4 5 79
3 6 80
4 6 80
3 5 81
4 5 81
3 6 82
4 6 82
