11 10 1
11 10 2
11 10 3
11 10 4
11 10 5
11 10 6
11 10 7
11 10 8
11 10 9
11 10 10
11 10 11
11 10 12
11 10 13
11 10 14
11 10 15
11 10 16
11 10 17
11 10 18
11 10 19
11 10 20
11 10 21
11 10 22
11 10 23
11 10 24
11 10 25
11 10 26
11 10 27
11 10 28
11 10 29
11 10 30
11 10 31
11 10 32
11 10 33
11 10 34
11 10 35
11 10 36
11 10 37
11 10 38
11 10 39
11 10 40
11 10 41
11 10 42
11 10 43
11 10 44
11 10 45
11 10 46
11 10 47
11 10 48
11 10 49
11 10 50
11 10 51
11 10 52
11 10 53
11 10 54
11 10 55
11 10 56
11 10 57
11 10 58
11 10 59
