15 11 1
15 11 2
15 11 3
15 11 4
15 11 5
15 11 6
15 11 7
15 11 8
15 11 9
15 11 10
15 11 11
15 11 12
15 11 13
15 11 14
15 11 15
15 11 16
15 11 17
15 11 18
15 11 19
15 11 20
15 11 21
15 11 22
15 11 23
15 11 24
15 11 25
15 11 26
15 11 27
15 11 28
15 11 29
15 11 30
15 11 31
15 11 32
15 11 33
15 11 34
15 11 35
15 11 36
15 11 37
15 11 38
15 11 39
15 11 40
15 11 41
15 11 42
15 11 43
15 11 44
15 11 45
15 11 46
15 11 47
15 11 48
15 11 49
15 11 50
15 11 51
15 11 52
15 11 53
15 11 54
15 11 55
15 11 56
15 11 57
15 11 58
15 11 59
15 11 60
15 11 61
15 11 62
15 11 63
15 11 64
15 11 65
15 11 66
15 11 67
15 11 68
15 11 69
15 11 70
15 11 71
15 11 72
15 11 73
15 11 74
15 11 75
15 11 76
15 11 77
15 11 78
15 11 79
15 11 80
15 11 81
15 11 82
15 11 83
15 11 84
15 11 85
15 11 86
15 11 87
15 11 88
15 11 89
15 11 90
15 11 91
15 11 92
15 11 93
15 11 94
15 11 95
15 11 96
15 11 97
15 11 98
15 11 99
15 11 100
15 11 101
15 11 102
15 11 103
15 11 104
15 11 105
15 11 106
15 11 107
15 11 108
15 11 109
15 11 110
15 11 111
15 11 112
15 11 113
15 11 114
15 11 115
15 11 116
15 11 117
15 11 118
15 11 119
15 11 120
15 11 121
15 11 122
15 11 123
15 11 124
15 11 125
15 11 126
15 11 127
15 11 128
15 11 129
15 11 130
15 11 131
15 11 132
15 11 133
15 11 134
15 11 135
15 11 136
15 11 137
15 11 138
15 11 139
15 11 140
15 11 141
15 11 142
15 11 143
15 11 144
15 11 145
15 11 146
15 11 147
15 11 148
15 11 149
15 11 150
15 11 151
15 11 152
15 11 153
15 11 154
15 11 155
15 11 156
15 11 157
15 11 158
15 11 159
15 11 160
15 11 161
15 11 162
15 11 163
15 11 164
15 11 165
15 11 166
15 11 167
15 11 168
15 11 169
15 11 170
15 11 171
15 11 172
15 11 173
15 11 174
15 11 175
15 11 176
15 11 177
15 11 178
15 11 179
15 11 180
15 11 181
15 11 182
15 11 183
15 11 184
15 11 185
15 11 186
15 11 187
15 11 188
15 11 189
15 11 190
15 11 191
15 11 192
15 11 193
15 11 194
15 11 195
15 11 196
15 11 197
15 11 198
15 11 199
15 11 200
15 11 201
15 11 202
15 11 203
15 11 204
15 11 205
15 11 206
15 11 207
15 11 208
15 11 209
15 11 210
15 11 211
15 11 212
15 11 213
15 11 214
15 11 215
15 11 216
15 11 217
15 11 218
15 11 219
15 11 220
15 11 221
15 11 222
15 11 223
15 11 224
15 11 225
15 11 226
15 11 227
15 11 228
15 11 229
15 11 230
15 11 231
15 11 232
15 11 233
15 11 234
