14 15 1
14 15 2
14 15 3
14 15 4
14 15 5
14 15 6
14 15 7
14 15 8
14 15 9
14 15 10
14 15 11
14 15 12
14 15 13
14 15 14
14 15 15
14 15 16
14 15 17
14 15 18
14 15 19
14 15 20
14 15 21
14 15 22
14 15 23
14 15 24
14 15 25
14 15 26
14 15 27
14 15 28
14 15 29
14 15 30
14 15 31
14 15 32
14 15 33
14 15 34
14 15 35
14 15 36
14 15 37
14 15 38
14 15 39
14 15 40
14 15 41
14 15 42
14 15 43
14 15 44
14 15 45
14 15 46
14 15 47
14 15 48
14 15 49
14 15 50
14 15 51
14 15 52
14 15 53
14 15 54
14 15 55
14 15 56
14 15 57
14 15 58
14 15 59
14 15 60
14 15 61
14 15 62
14 15 63
14 15 64
14 15 65
14 15 66
14 15 67
14 15 68
14 15 69
14 15 70
14 15 71
14 15 72
14 15 73
14 15 74
14 15 75
14 15 76
14 15 77
14 15 78
14 15 79
14 15 80
14 15 81
14 15 82
14 15 83
14 15 84
14 15 85
14 15 86
14 15 87
14 15 88
14 15 89
14 15 90
14 15 91
14 15 92
14 15 93
14 15 94
14 15 95
14 15 96
14 15 97
14 15 98
14 15 99
14 15 100
14 15 101
14 15 102
14 15 103
14 15 104
14 15 105
14 15 106
14 15 107
14 15 108
14 15 109
14 15 110
14 15 111
14 15 112
14 15 113
14 15 114
14 15 115
14 15 116
14 15 117
14 15 118
14 15 119
14 15 120
14 15 121
