0 1 1
5 1 1
0 2 2
5 2 2
0 1 3
5 1 3
0 2 4
5 2 4
0 1 5
5 1 5
0 2 6
5 2 6
0 1 7
5 1 7
0 2 8
5 2 8
0 1 9
5 1 9
0 2 10
5 2 10
0 1 11
5 1 11
0 2 12
5 2 12
0 1 13
5 1 13
0 2 14
5 2 14
0 1 15
5 1 15
0 2 16
5 2 16
0 1 17
5 1 17
0 2 18
5 2 18
0 1 19
5 1 19
0 2 20
5 2 20
0 1 21
5 1 21
0 2 22
5 2 22
0 1 23
5 1 23
0 2 24
5 2 24
0 1 25
5 1 25
0 2 26
5 2 26
0 1 27
5 1 27
0 2 28
5 2 28
0 1 29
5 1 29
0 2 30
5 2 30
0 1 31
5 1 31
0 2 32
5 2 32
0 1 33
5 1 33
0 2 34
5 2 34
0 1 35
5 1 35
0 2 36
5 2 36
0 1 37
5 1 37
0 2 38
5 2 38
0 1 39
5 1 39
0 2 40
5 2 40
0 1 41
5 1 41
0 2 42
5 2 42
0 1 43
5 1 43
0 2 44
5 2 44
0 1 45
5 1 45
0 2 46
5 2 46
0 1 47
5 1 47
0 2 48
5 2 48
0 1 49
5 1 49
0 2 50
5 2 50
0 1 51
5 1 51
0 2 52
5 2 52
0 1 53
5 1 53
0 2 54
5 2 54
0 1 55
5 1 55
0 2 56
5 2 56
0 1 57
5 1 57
0 2 58
5 2 58
0 1 59
5 1 59
0 2 60
5 2 60
0 1 61
5 1 61
0 2 62
5 2 62
0 1 63
5 1 63
0 2 64
5 2 64
0 1 65
5 1 65
0 2 66
5 2 66
0 1 67
5 1 67
0 2 68
5 2 68
0 1 69
5 1 69
0 2 70
5 2 70
0 1 71
5 1 71
0 2 72
5 2 72
0 1 73
5 1 73
0 2 74
5 2 74
0 1 75
5 1 75
0 2 76
5 2 76
0 1 77
5 1 77
0 2 78
5 2 78
0 1 79
5 1 79
0 2 80
5 2 80
0 1 81
5 1 81
0 2 82
5 2 82
