9 13 1
14 13 1
9 13 2
14 13 2
9 13 3
14 13 3
9 13 4
14 13 4
9 13 5
14 13 5
9 13 6
14 13 6
9 13 7
14 13 7
9 13 8
14 13 8
9 13 9
14 13 9
9 13 10
14 13 10
9 13 11
14 13 11
9 13 12
14 13 12
9 13 13
14 13 13
9 13 14
14 13 14
9 13 15
14 13 15
9 13 16
14 13 16
9 13 17
14 13 17
9 13 18
14 13 18
9 13 19
14 13 19
9 13 20
14 13 20
9 13 21
14 13 21
9 13 22
14 13 22
9 13 23
14 13 23
9 13 24
14 13 24
9 13 25
14 13 25
9 13 26
14 13 26
9 13 27
14 13 27
9 13 28
14 13 28
9 13 29
14 13 29
9 13 30
14 13 30
9 13 31
14 13 31
9 13 32
14 13 32
9 13 33
14 13 33
9 13 34
14 13 34
9 13 35
14 13 35
9 13 36
14 13 36
9 13 37
14 13 37
9 13 38
14 13 38
9 13 39
14 13 39
9 13 40
14 13 40
9 13 41
14 13 41
