1 3 1
2 3 1
1 6 2
2 6 2
1 3 3
2 3 3
1 6 4
2 6 4
1 3 5
2 3 5
1 6 6
2 6 6
1 3 7
2 3 7
1 6 8
2 6 8
1 3 9
2 3 9
1 6 10
2 6 10
1 3 11
2 3 11
1 6 12
2 6 12
1 3 13
2 3 13
1 6 14
2 6 14
1 3 15
2 3 15
1 6 16
2 6 16
1 3 17
2 3 17
1 6 18
2 6 18
1 3 19
2 3 19
1 6 20
2 6 20
1 3 21
2 3 21
1 6 22
2 6 22
1 3 23
2 3 23
1 6 24
2 6 24
1 3 25
2 3 25
1 6 26
2 6 26
1 3 27
2 3 27
1 6 28
2 6 28
1 3 29
2 3 29
1 6 30
2 6 30
1 3 31
2 3 31
1 6 32
2 6 32
1 3 33
2 3 33
1 6 34
2 6 34
1 3 35
2 3 35
1 6 36
2 6 36
1 3 37
2 3 37
1 6 38
2 6 38
1 3 39
2 3 39
1 6 40
2 6 40
1 3 41
2 3 41
1 6 42
2 6 42
1 3 43
2 3 43
1 6 44
2 6 44
1 3 45
2 3 45
1 6 46
2 6 46
1 3 47
2 3 47
1 6 48
2 6 48
1 3 49
2 3 49
1 6 50
2 6 50
1 3 51
2 3 51
1 6 52
2 6 52
1 3 53
2 3 53
1 6 54
2 6 54
1 3 55
2 3 55
1 6 56
2 6 56
1 3 57
2 3 57
1 6 58
2 6 58
1 3 59
2 3 59
1 6 60
2 6 60
1 3 61
2 3 61
1 6 62
2 6 62
1 3 63
2 3 63
1 6 64
2 6 64
1 3 65
2 3 65
1 6 66
2 6 66
1 3 67
2 3 67
1 6 68
2 6 68
1 3 69
2 3 69
1 6 70
2 6 70
1 3 71
2 3 71
1 6 72
2 6 72
1 3 73
2 3 73
1 6 74
2 6 74
1 3 75
2 3 75
1 6 76
2 6 76
1 3 77
2 3 77
1 6 78
2 6 78
1 3 79
2 3 79
1 6 80
2 6 80
1 3 81
2 3 81
1 6 82
2 6 82
