10 9 1
15 9 1
10 14 2
15 14 2
10 9 3
15 9 3
10 14 4
15 14 4
10 9 5
15 9 5
10 14 6
15 14 6
10 9 7
15 9 7
10 14 8
15 14 8
10 9 9
15 9 9
10 14 10
15 14 10
10 9 11
15 9 11
10 14 12
15 14 12
10 9 13
15 9 13
10 14 14
15 14 14
10 9 15
15 9 15
10 14 16
15 14 16
10 9 17
15 9 17
10 14 18
15 14 18
10 9 19
15 9 19
10 14 20
15 14 20
10 9 21
15 9 21
10 14 22
15 14 22
10 9 23
15 9 23
10 14 24
15 14 24
10 9 25
15 9 25
10 14 26
15 14 26
10 9 27
15 9 27
10 14 28
15 14 28
10 9 29
15 9 29
10 14 30
15 14 30
10 9 31
15 9 31
10 14 32
15 14 32
10 9 33
15 9 33
10 14 34
15 14 34
10 9 35
15 9 35
10 14 36
15 14 36
10 9 37
15 9 37
10 14 38
15 14 38
10 9 39
15 9 39
10 14 40
15 14 40
10 9 41
15 9 41
10 14 42
15 14 42
10 9 43
15 9 43
10 14 44
15 14 44
10 9 45
15 9 45
10 14 46
15 14 46
10 9 47
15 9 47
10 14 48
15 14 48
10 9 49
15 9 49
10 14 50
15 14 50
10 9 51
15 9 51
10 14 52
15 14 52
10 9 53
15 9 53
10 14 54
15 14 54
10 9 55
15 9 55
10 14 56
15 14 56
10 9 57
15 9 57
10 14 58
15 14 58
10 9 59
15 9 59
10 14 60
15 14 60
10 9 61
15 9 61
10 14 62
15 14 62
10 9 63
15 9 63
10 14 64
15 14 64
10 9 65
15 9 65
10 14 66
15 14 66
10 9 67
15 9 67
10 14 68
15 14 68
10 9 69
15 9 69
10 14 70
15 14 70
10 9 71
15 9 71
10 14 72
15 14 72
10 9 73
15 9 73
10 14 74
15 14 74
10 9 75
15 9 75
10 14 76
15 14 76
10 9 77
15 9 77
10 14 78
15 14 78
10 9 79
15 9 79
10 14 80
15 14 80
10 9 81
15 9 81
10 14 82
15 14 82
