13 8 1
13 12 2
13 8 3
13 12 4
13 8 5
13 12 6
13 8 7
13 12 8
13 8 9
13 12 10
13 8 11
13 12 12
13 8 13
13 12 14
13 8 15
13 12 16
13 8 17
13 12 18
13 8 19
13 12 20
13 8 21
13 12 22
13 8 23
13 12 24
13 8 25
13 12 26
13 8 27
13 12 28
13 8 29
13 12 30
13 8 31
13 12 32
13 8 33
13 12 34
13 8 35
13 12 36
13 8 37
13 12 38
13 8 39
13 12 40
13 8 41
13 12 42
13 8 43
13 12 44
13 8 45
13 12 46
13 8 47
13 12 48
13 8 49
13 12 50
13 8 51
13 12 52
13 8 53
13 12 54
13 8 55
13 12 56
13 8 57
13 12 58
13 8 59
13 12 60
13 8 61
13 12 62
13 8 63
13 12 64
13 8 65
13 12 66
13 8 67
13 12 68
13 8 69
13 12 70
13 8 71
13 12 72
13 8 73
13 12 74
13 8 75
13 12 76
13 8 77
13 12 78
13 8 79
13 12 80
13 8 81
13 12 82
