7 10 1
11 10 1
7 15 2
11 15 2
7 10 3
11 10 3
7 15 4
11 15 4
7 10 5
11 10 5
7 15 6
11 15 6
7 10 7
11 10 7
7 15 8
11 15 8
7 10 9
11 10 9
7 15 10
11 15 10
7 10 11
11 10 11
7 15 12
11 15 12
7 10 13
11 10 13
7 15 14
11 15 14
7 10 15
11 10 15
7 15 16
11 15 16
7 10 17
11 10 17
7 15 18
11 15 18
7 10 19
11 10 19
7 15 20
11 15 20
7 10 21
11 10 21
7 15 22
11 15 22
7 10 23
11 10 23
7 15 24
11 15 24
7 10 25
11 10 25
7 15 26
11 15 26
7 10 27
11 10 27
7 15 28
11 15 28
7 10 29
11 10 29
7 15 30
11 15 30
7 10 31
11 10 31
7 15 32
11 15 32
7 10 33
11 10 33
7 15 34
11 15 34
7 10 35
11 10 35
7 15 36
11 15 36
7 10 37
11 10 37
7 15 38
11 15 38
7 10 39
11 10 39
7 15 40
11 15 40
7 10 41
11 10 41
7 15 42
11 15 42
7 10 43
11 10 43
7 15 44
11 15 44
7 10 45
11 10 45
7 15 46
11 15 46
7 10 47
11 10 47
7 15 48
11 15 48
7 10 49
11 10 49
7 15 50
11 15 50
7 10 51
11 10 51
7 15 52
11 15 52
7 10 53
11 10 53
7 15 54
11 15 54
7 10 55
11 10 55
7 15 56
11 15 56
7 10 57
11 10 57
7 15 58
11 15 58
7 10 59
11 10 59
7 15 60
11 15 60
7 10 61
11 10 61
7 15 62
11 15 62
7 10 63
11 10 63
7 15 64
11 15 64
7 10 65
11 10 65
7 15 66
11 15 66
7 10 67
11 10 67
7 15 68
11 15 68
7 10 69
11 10 69
7 15 70
11 15 70
7 10 71
11 10 71
7 15 72
11 15 72
7 10 73
11 10 73
7 15 74
11 15 74
7 10 75
11 10 75
7 15 76
11 15 76
7 10 77
11 10 77
7 15 78
11 15 78
7 10 79
11 10 79
7 15 80
11 15 80
7 10 81
11 10 81
7 15 82
11 15 82
