10 6 1
15 6 1
10 7 2
15 7 2
10 6 3
15 6 3
10 7 4
15 7 4
10 6 5
15 6 5
10 7 6
15 7 6
10 6 7
15 6 7
10 7 8
15 7 8
10 6 9
15 6 9
10 7 10
15 7 10
10 6 11
15 6 11
10 7 12
15 7 12
10 6 13
15 6 13
10 7 14
15 7 14
10 6 15
15 6 15
10 7 16
15 7 16
10 6 17
15 6 17
10 7 18
15 7 18
10 6 19
15 6 19
10 7 20
15 7 20
10 6 21
15 6 21
10 7 22
15 7 22
10 6 23
15 6 23
10 7 24
15 7 24
10 6 25
15 6 25
10 7 26
15 7 26
10 6 27
15 6 27
10 7 28
15 7 28
10 6 29
15 6 29
10 7 30
15 7 30
10 6 31
15 6 31
10 7 32
15 7 32
10 6 33
15 6 33
10 7 34
15 7 34
10 6 35
15 6 35
10 7 36
15 7 36
10 6 37
15 6 37
10 7 38
15 7 38
10 6 39
15 6 39
10 7 40
15 7 40
10 6 41
15 6 41
10 7 42
15 7 42
