11 10 1
14 10 1
11 15 2
14 15 2
11 10 3
14 10 3
11 15 4
14 15 4
11 10 5
14 10 5
11 15 6
14 15 6
11 10 7
14 10 7
11 15 8
14 15 8
11 10 9
14 10 9
11 15 10
14 15 10
11 10 11
14 10 11
11 15 12
14 15 12
11 10 13
14 10 13
11 15 14
14 15 14
11 10 15
14 10 15
11 15 16
14 15 16
11 10 17
14 10 17
11 15 18
14 15 18
11 10 19
14 10 19
11 15 20
14 15 20
11 10 21
14 10 21
11 15 22
14 15 22
11 10 23
14 10 23
11 15 24
14 15 24
11 10 25
14 10 25
11 15 26
14 15 26
11 10 27
14 10 27
11 15 28
14 15 28
11 10 29
14 10 29
11 15 30
14 15 30
11 10 31
14 10 31
11 15 32
14 15 32
11 10 33
14 10 33
11 15 34
14 15 34
11 10 35
14 10 35
11 15 36
14 15 36
11 10 37
14 10 37
11 15 38
14 15 38
11 10 39
14 10 39
11 15 40
14 15 40
11 10 41
14 10 41
11 15 42
14 15 42
