6 2 1
7 2 1
6 3 2
7 3 2
6 2 3
7 2 3
6 3 4
7 3 4
6 2 5
7 2 5
6 3 6
7 3 6
6 2 7
7 2 7
6 3 8
7 3 8
6 2 9
7 2 9
6 3 10
7 3 10
6 2 11
7 2 11
6 3 12
7 3 12
6 2 13
7 2 13
6 3 14
7 3 14
6 2 15
7 2 15
6 3 16
7 3 16
6 2 17
7 2 17
6 3 18
7 3 18
6 2 19
7 2 19
6 3 20
7 3 20
6 2 21
7 2 21
6 3 22
7 3 22
6 2 23
7 2 23
6 3 24
7 3 24
6 2 25
7 2 25
6 3 26
7 3 26
6 2 27
7 2 27
6 3 28
7 3 28
6 2 29
7 2 29
6 3 30
7 3 30
6 2 31
7 2 31
6 3 32
7 3 32
6 2 33
7 2 33
6 3 34
7 3 34
6 2 35
7 2 35
6 3 36
7 3 36
6 2 37
7 2 37
6 3 38
7 3 38
6 2 39
7 2 39
6 3 40
7 3 40
6 2 41
7 2 41
6 3 42
7 3 42
