12 0 1
12 4 2
12 0 3
12 4 4
12 0 5
12 4 6
12 0 7
12 4 8
12 0 9
12 4 10
12 0 11
12 4 12
12 0 13
12 4 14
12 0 15
12 4 16
12 0 17
12 4 18
12 0 19
12 4 20
12 0 21
12 4 22
12 0 23
12 4 24
12 0 25
12 4 26
12 0 27
12 4 28
12 0 29
12 4 30
12 0 31
12 4 32
12 0 33
12 4 34
12 0 35
12 4 36
12 0 37
12 4 38
12 0 39
12 4 40
12 0 41
12 4 42
12 0 43
12 4 44
12 0 45
12 4 46
12 0 47
12 4 48
12 0 49
12 4 50
12 0 51
12 4 52
12 0 53
12 4 54
12 0 55
12 4 56
12 0 57
12 4 58
12 0 59
12 4 60
12 0 61
12 4 62
12 0 63
12 4 64
12 0 65
12 4 66
12 0 67
12 4 68
12 0 69
12 4 70
12 0 71
12 4 72
12 0 73
12 4 74
12 0 75
12 4 76
12 0 77
12 4 78
12 0 79
12 4 80
12 0 81
12 4 82
12 0 83
12 4 84
12 0 85
12 4 86
12 0 87
12 4 88
12 0 89
12 4 90
12 0 91
12 4 92
12 0 93
12 4 94
12 0 95
12 4 96
12 0 97
12 4 98
12 0 99
12 4 100
12 0 101
12 4 102
12 0 103
12 4 104
12 0 105
12 4 106
12 0 107
12 4 108
12 0 109
12 4 110
12 0 111
12 4 112
12 0 113
12 4 114
12 0 115
12 4 116
12 0 117
12 4 118
12 0 119
12 4 120
12 0 121
12 4 122
12 0 123
12 4 124
12 0 125
12 4 126
12 0 127
12 4 128
12 0 129
12 4 130
12 0 131
12 4 132
12 0 133
12 4 134
12 0 135
12 4 136
12 0 137
12 4 138
12 0 139
12 4 140
12 0 141
12 4 142
12 0 143
12 4 144
12 0 145
12 4 146
12 0 147
12 4 148
12 0 149
12 4 150
12 0 151
12 4 152
12 0 153
12 4 154
12 0 155
12 4 156
12 0 157
12 4 158
12 0 159
12 4 160
12 0 161
12 4 162
12 0 163
12 4 164
12 0 165
12 4 166
12 0 167
12 4 168
12 0 169
12 4 170
12 0 171
12 4 172
12 0 173
12 4 174
12 0 175
12 4 176
12 0 177
12 4 178
12 0 179
12 4 180
12 0 181
12 4 182
12 0 183
12 4 184
12 0 185
12 4 186
12 0 187
12 4 188
12 0 189
12 4 190
12 0 191
12 4 192
12 0 193
12 4 194
12 0 195
12 4 196
12 0 197
12 4 198
12 0 199
12 4 200
12 0 201
12 4 202
12 0 203
12 4 204
12 0 205
12 4 206
12 0 207
12 4 208
12 0 209
12 4 210
12 0 211
12 4 212
12 0 213
12 4 214
12 0 215
12 4 216
12 0 217
12 4 218
12 0 219
12 4 220
12 0 221
12 4 222
12 0 223
12 4 224
12 0 225
12 4 226
12 0 227
12 4 228
12 0 229
12 4 230
12 0 231
12 4 232
12 0 233
12 4 234
12 0 235
12 4 236
12 0 237
12 4 238
12 0 239
12 4 240
12 0 241
12 4 242
12 0 243
12 4 244
12 0 245
12 4 246
12 0 247
12 4 248
12 0 249
12 4 250
12 0 251
12 4 252
12 0 253
12 4 254
12 0 255
12 4 256
12 0 257
12 4 258
12 0 259
12 4 260
12 0 261
12 4 262
12 0 263
12 4 264
12 0 265
12 4 266
12 0 267
12 4 268
12 0 269
12 4 270
12 0 271
12 4 272
12 0 273
12 4 274
12 0 275
12 4 276
12 0 277
12 4 278
12 0 279
12 4 280
12 0 281
12 4 282
12 0 283
12 4 284
12 0 285
12 4 286
12 0 287
12 4 288
12 0 289
12 4 290
12 0 291
12 4 292
12 0 293
12 4 294
12 0 295
12 4 296
12 0 297
12 4 298
12 0 299
12 4 300
12 0 301
12 4 302
12 0 303
12 4 304
12 0 305
12 4 306
12 0 307
12 4 308
12 0 309
12 4 310
12 0 311
12 4 312
12 0 313
12 4 314
12 0 315
12 4 316
12 0 317
12 4 318
12 0 319
12 4 320
12 0 321
12 4 322
12 0 323
12 4 324
12 0 325
12 4 326
12 0 327
12 4 328
12 0 329
12 4 330
12 0 331
12 4 332
12 0 333
12 4 334
12 0 335
12 4 336
12 0 337
12 4 338
12 0 339
12 4 340
12 0 341
12 4 342
12 0 343
12 4 344
12 0 345
12 4 346
12 0 347
12 4 348
12 0 349
12 4 350
12 0 351
12 4 352
12 0 353
12 4 354
12 0 355
12 4 356
12 0 357
12 4 358
12 0 359
12 4 360
12 0 361
12 4 362
12 0 363
12 4 364
12 0 365
12 4 366
12 0 367
12 4 368
12 0 369
12 4 370
12 0 371
12 4 372
12 0 373
12 4 374
12 0 375
12 4 376
12 0 377
12 4 378
12 0 379
12 4 380
12 0 381
12 4 382
12 0 383
12 4 384
12 0 385
12 4 386
12 0 387
12 4 388
12 0 389
12 4 390
12 0 391
12 4 392
12 0 393
12 4 394
12 0 395
12 4 396
12 0 397
12 4 398
12 0 399
12 4 400
12 0 401
12 4 402
12 0 403
12 4 404
12 0 405
12 4 406
12 0 407
12 4 408
12 0 409
12 4 410
12 0 411
12 4 412
12 0 413
12 4 414
12 0 415
12 4 416
12 0 417
12 4 418
12 0 419
12 4 420
12 0 421
12 4 422
12 0 423
12 4 424
12 0 425
12 4 426
12 0 427
12 4 428
12 0 429
12 4 430
12 0 431
12 4 432
12 0 433
12 4 434
12 0 435
12 4 436
12 0 437
12 4 438
12 0 439
12 4 440
12 0 441
12 4 442
12 0 443
12 4 444
12 0 445
12 4 446
12 0 447
12 4 448
12 0 449
12 4 450
12 0 451
12 4 452
12 0 453
12 4 454
12 0 455
12 4 456
12 0 457
12 4 458
12 0 459
12 4 460
12 0 461
12 4 462
12 0 463
12 4 464
12 0 465
12 4 466
12 0 467
12 4 468
12 0 469
12 4 470
12 0 471
12 4 472
12 0 473
12 4 474
12 0 475
12 4 476
12 0 477
12 4 478
12 0 479
12 4 480
12 0 481
12 4 482
12 0 483
12 4 484
12 0 485
12 4 486
12 0 487
12 4 488
12 0 489
12 4 490
12 0 491
12 4 492
12 0 493
12 4 494
12 0 495
12 4 496
12 0 497
12 4 498
12 0 499
12 4 500
12 0 501
12 4 502
12 0 503
12 4 504
12 0 505
12 4 506
12 0 507
12 4 508
12 0 509
12 4 510
12 0 511
12 4 512
12 0 513
12 4 514
12 0 515
12 4 516
12 0 517
12 4 518
12 0 519
12 4 520
12 0 521
12 4 522
12 0 523
12 4 524
12 0 525
12 4 526
12 0 527
12 4 528
12 0 529
12 4 530
12 0 531
12 4 532
12 0 533
12 4 534
12 0 535
12 4 536
12 0 537
12 4 538
12 0 539
12 4 540
12 0 541
12 4 542
12 0 543
12 4 544
12 0 545
12 4 546
12 0 547
12 4 548
12 0 549
12 4 550
12 0 551
12 4 552
12 0 553
12 4 554
12 0 555
12 4 556
12 0 557
12 4 558
12 0 559
12 4 560
12 0 561
12 4 562
12 0 563
12 4 564
12 0 565
12 4 566
12 0 567
12 4 568
12 0 569
12 4 570
12 0 571
12 4 572
12 0 573
12 4 574
12 0 575
12 4 576
12 0 577
12 4 578
12 0 579
12 4 580
12 0 581
12 4 582
12 0 583
12 4 584
12 0 585
12 4 586
12 0 587
12 4 588
12 0 589
12 4 590
12 0 591
12 4 592
12 0 593
12 4 594
12 0 595
12 4 596
12 0 597
12 4 598
12 0 599
12 4 600
12 0 601
12 4 602
12 0 603
12 4 604
12 0 605
12 4 606
12 0 607
12 4 608
12 0 609
12 4 610
12 0 611
12 4 612
12 0 613
12 4 614
12 0 615
12 4 616
12 0 617
12 4 618
12 0 619
12 4 620
12 0 621
12 4 622
12 0 623
12 4 624
12 0 625
12 4 626
12 0 627
12 4 628
12 0 629
12 4 630
12 0 631
12 4 632
12 0 633
12 4 634
12 0 635
12 4 636
12 0 637
12 4 638
12 0 639
12 4 640
12 0 641
12 4 642
12 0 643
12 4 644
12 0 645
12 4 646
12 0 647
12 4 648
12 0 649
12 4 650
12 0 651
12 4 652
12 0 653
12 4 654
12 0 655
12 4 656
12 0 657
12 4 658
12 0 659
12 4 660
12 0 661
12 4 662
12 0 663
12 4 664
12 0 665
12 4 666
12 0 667
12 4 668
12 0 669
12 4 670
12 0 671
12 4 672
12 0 673
12 4 674
12 0 675
12 4 676
12 0 677
12 4 678
12 0 679
12 4 680
12 0 681
12 4 682
12 0 683
12 4 684
12 0 685
12 4 686
12 0 687
12 4 688
12 0 689
12 4 690
12 0 691
12 4 692
12 0 693
12 4 694
12 0 695
12 4 696
12 0 697
12 4 698
12 0 699
12 4 700
12 0 701
12 4 702
12 0 703
12 4 704
12 0 705
12 4 706
12 0 707
12 4 708
12 0 709
12 4 710
12 0 711
12 4 712
12 0 713
12 4 714
12 0 715
12 4 716
12 0 717
12 4 718
12 0 719
12 4 720
12 0 721
12 4 722
12 0 723
12 4 724
12 0 725
12 4 726
12 0 727
12 4 728
12 0 729
12 4 730
12 0 731
12 4 732
12 0 733
12 4 734
12 0 735
12 4 736
12 0 737
12 4 738
12 0 739
12 4 740
12 0 741
12 4 742
12 0 743
12 4 744
12 0 745
12 4 746
12 0 747
12 4 748
12 0 749
12 4 750
12 0 751
12 4 752
12 0 753
12 4 754
