10 8 1
12 8 1
10 9 2
12 9 2
10 8 3
12 8 3
10 9 4
12 9 4
10 8 5
12 8 5
10 9 6
12 9 6
10 8 7
12 8 7
10 9 8
12 9 8
10 8 9
12 8 9
10 9 10
12 9 10
10 8 11
12 8 11
10 9 12
12 9 12
10 8 13
12 8 13
10 9 14
12 9 14
10 8 15
12 8 15
10 9 16
12 9 16
10 8 17
12 8 17
10 9 18
12 9 18
10 8 19
12 8 19
10 9 20
12 9 20
10 8 21
12 8 21
10 9 22
12 9 22
10 8 23
12 8 23
10 9 24
12 9 24
10 8 25
12 8 25
10 9 26
12 9 26
10 8 27
12 8 27
10 9 28
12 9 28
10 8 29
12 8 29
10 9 30
12 9 30
10 8 31
12 8 31
10 9 32
12 9 32
10 8 33
12 8 33
10 9 34
12 9 34
10 8 35
12 8 35
10 9 36
12 9 36
10 8 37
12 8 37
10 9 38
12 9 38
10 8 39
12 8 39
10 9 40
12 9 40
10 8 41
12 8 41
10 9 42
12 9 42
