13 10 1
14 10 1
13 12 2
14 12 2
13 10 3
14 10 3
13 12 4
14 12 4
13 10 5
14 10 5
13 12 6
14 12 6
13 10 7
14 10 7
13 12 8
14 12 8
13 10 9
14 10 9
13 12 10
14 12 10
13 10 11
14 10 11
13 12 12
14 12 12
13 10 13
14 10 13
13 12 14
14 12 14
13 10 15
14 10 15
13 12 16
14 12 16
13 10 17
14 10 17
13 12 18
14 12 18
13 10 19
14 10 19
13 12 20
14 12 20
13 10 21
14 10 21
13 12 22
14 12 22
13 10 23
14 10 23
13 12 24
14 12 24
13 10 25
14 10 25
13 12 26
14 12 26
13 10 27
14 10 27
13 12 28
14 12 28
13 10 29
14 10 29
13 12 30
14 12 30
13 10 31
14 10 31
13 12 32
14 12 32
13 10 33
14 10 33
13 12 34
14 12 34
13 10 35
14 10 35
13 12 36
14 12 36
13 10 37
14 10 37
13 12 38
14 12 38
13 10 39
14 10 39
13 12 40
14 12 40
13 10 41
14 10 41
13 12 42
14 12 42
