1 0 1
4 0 1
1 2 2
4 2 2
1 0 3
4 0 3
1 2 4
4 2 4
1 0 5
4 0 5
1 2 6
4 2 6
1 0 7
4 0 7
1 2 8
4 2 8
1 0 9
4 0 9
1 2 10
4 2 10
1 0 11
4 0 11
1 2 12
4 2 12
1 0 13
4 0 13
1 2 14
4 2 14
1 0 15
4 0 15
1 2 16
4 2 16
1 0 17
4 0 17
1 2 18
4 2 18
1 0 19
4 0 19
1 2 20
4 2 20
1 0 21
4 0 21
1 2 22
4 2 22
1 0 23
4 0 23
1 2 24
4 2 24
1 0 25
4 0 25
1 2 26
4 2 26
1 0 27
4 0 27
1 2 28
4 2 28
1 0 29
4 0 29
1 2 30
4 2 30
1 0 31
4 0 31
1 2 32
4 2 32
1 0 33
4 0 33
1 2 34
4 2 34
1 0 35
4 0 35
1 2 36
4 2 36
1 0 37
4 0 37
1 2 38
4 2 38
1 0 39
4 0 39
1 2 40
4 2 40
1 0 41
4 0 41
1 2 42
4 2 42
