7 13 1
15 13 1
7 14 2
15 14 2
7 13 3
15 13 3
7 14 4
15 14 4
7 13 5
15 13 5
7 14 6
15 14 6
7 13 7
15 13 7
7 14 8
15 14 8
7 13 9
15 13 9
7 14 10
15 14 10
7 13 11
15 13 11
7 14 12
15 14 12
7 13 13
15 13 13
7 14 14
15 14 14
7 13 15
15 13 15
7 14 16
15 14 16
7 13 17
15 13 17
7 14 18
15 14 18
7 13 19
15 13 19
7 14 20
15 14 20
7 13 21
15 13 21
7 14 22
15 14 22
7 13 23
15 13 23
7 14 24
15 14 24
7 13 25
15 13 25
7 14 26
15 14 26
7 13 27
15 13 27
7 14 28
15 14 28
7 13 29
15 13 29
7 14 30
15 14 30
7 13 31
15 13 31
7 14 32
15 14 32
7 13 33
15 13 33
7 14 34
15 14 34
7 13 35
15 13 35
7 14 36
15 14 36
7 13 37
15 13 37
7 14 38
15 14 38
7 13 39
15 13 39
7 14 40
15 14 40
7 13 41
15 13 41
7 14 42
15 14 42
