3 7 1
11 7 1
3 15 2
11 15 2
3 7 3
11 7 3
3 15 4
11 15 4
3 7 5
11 7 5
3 15 6
11 15 6
3 7 7
11 7 7
3 15 8
11 15 8
3 7 9
11 7 9
3 15 10
11 15 10
3 7 11
11 7 11
3 15 12
11 15 12
3 7 13
11 7 13
3 15 14
11 15 14
3 7 15
11 7 15
3 15 16
11 15 16
3 7 17
11 7 17
3 15 18
11 15 18
3 7 19
11 7 19
3 15 20
11 15 20
3 7 21
11 7 21
3 15 22
11 15 22
3 7 23
11 7 23
3 15 24
11 15 24
3 7 25
11 7 25
3 15 26
11 15 26
3 7 27
11 7 27
3 15 28
11 15 28
3 7 29
11 7 29
3 15 30
11 15 30
3 7 31
11 7 31
3 15 32
11 15 32
3 7 33
11 7 33
3 15 34
11 15 34
3 7 35
11 7 35
3 15 36
11 15 36
3 7 37
11 7 37
3 15 38
11 15 38
3 7 39
11 7 39
3 15 40
11 15 40
3 7 41
11 7 41
3 15 42
11 15 42
