8 5 1
9 5 1
8 6 2
9 6 2
8 5 3
9 5 3
8 6 4
9 6 4
8 5 5
9 5 5
8 6 6
9 6 6
8 5 7
9 5 7
8 6 8
9 6 8
8 5 9
9 5 9
8 6 10
9 6 10
8 5 11
9 5 11
8 6 12
9 6 12
8 5 13
9 5 13
8 6 14
9 6 14
8 5 15
9 5 15
8 6 16
9 6 16
8 5 17
9 5 17
8 6 18
9 6 18
8 5 19
9 5 19
8 6 20
9 6 20
8 5 21
9 5 21
8 6 22
9 6 22
8 5 23
9 5 23
8 6 24
9 6 24
8 5 25
9 5 25
8 6 26
9 6 26
8 5 27
9 5 27
8 6 28
9 6 28
8 5 29
9 5 29
8 6 30
9 6 30
8 5 31
9 5 31
8 6 32
9 6 32
8 5 33
9 5 33
8 6 34
9 6 34
8 5 35
9 5 35
8 6 36
9 6 36
8 5 37
9 5 37
8 6 38
9 6 38
8 5 39
9 5 39
8 6 40
9 6 40
8 5 41
9 5 41
8 6 42
9 6 42
