5 1 1
6 1 1
5 4 2
6 4 2
5 1 3
6 1 3
5 4 4
6 4 4
5 1 5
6 1 5
5 4 6
6 4 6
5 1 7
6 1 7
5 4 8
6 4 8
5 1 9
6 1 9
5 4 10
6 4 10
5 1 11
6 1 11
5 4 12
6 4 12
5 1 13
6 1 13
5 4 14
6 4 14
5 1 15
6 1 15
5 4 16
6 4 16
5 1 17
6 1 17
5 4 18
6 4 18
5 1 19
6 1 19
5 4 20
6 4 20
5 1 21
6 1 21
5 4 22
6 4 22
5 1 23
6 1 23
5 4 24
6 4 24
5 1 25
6 1 25
5 4 26
6 4 26
5 1 27
6 1 27
5 4 28
6 4 28
5 1 29
6 1 29
5 4 30
6 4 30
5 1 31
6 1 31
5 4 32
6 4 32
5 1 33
6 1 33
5 4 34
6 4 34
5 1 35
6 1 35
5 4 36
6 4 36
5 1 37
6 1 37
5 4 38
6 4 38
5 1 39
6 1 39
5 4 40
6 4 40
5 1 41
6 1 41
5 4 42
6 4 42
