10 7 1
15 7 1
10 11 2
15 11 2
10 7 3
15 7 3
10 11 4
15 11 4
10 7 5
15 7 5
10 11 6
15 11 6
10 7 7
15 7 7
10 11 8
15 11 8
10 7 9
15 7 9
10 11 10
15 11 10
10 7 11
15 7 11
10 11 12
15 11 12
10 7 13
15 7 13
10 11 14
15 11 14
10 7 15
15 7 15
10 11 16
15 11 16
10 7 17
15 7 17
10 11 18
15 11 18
10 7 19
15 7 19
10 11 20
15 11 20
10 7 21
15 7 21
10 11 22
15 11 22
10 7 23
15 7 23
10 11 24
15 11 24
10 7 25
15 7 25
10 11 26
15 11 26
10 7 27
15 7 27
10 11 28
15 11 28
10 7 29
15 7 29
10 11 30
15 11 30
10 7 31
15 7 31
10 11 32
15 11 32
10 7 33
15 7 33
10 11 34
15 11 34
10 7 35
15 7 35
10 11 36
15 11 36
10 7 37
15 7 37
10 11 38
15 11 38
10 7 39
15 7 39
10 11 40
15 11 40
10 7 41
15 7 41
10 11 42
15 11 42
10 7 43
15 7 43
10 11 44
15 11 44
10 7 45
15 7 45
10 11 46
15 11 46
10 7 47
15 7 47
10 11 48
15 11 48
10 7 49
15 7 49
10 11 50
15 11 50
10 7 51
15 7 51
10 11 52
15 11 52
10 7 53
15 7 53
10 11 54
15 11 54
10 7 55
15 7 55
10 11 56
15 11 56
10 7 57
15 7 57
10 11 58
15 11 58
10 7 59
15 7 59
10 11 60
15 11 60
10 7 61
15 7 61
10 11 62
15 11 62
10 7 63
15 7 63
10 11 64
15 11 64
10 7 65
15 7 65
10 11 66
15 11 66
10 7 67
15 7 67
10 11 68
15 11 68
10 7 69
15 7 69
10 11 70
15 11 70
10 7 71
15 7 71
10 11 72
15 11 72
10 7 73
15 7 73
10 11 74
15 11 74
10 7 75
15 7 75
10 11 76
15 11 76
10 7 77
15 7 77
10 11 78
15 11 78
10 7 79
15 7 79
10 11 80
15 11 80
10 7 81
15 7 81
10 11 82
15 11 82
