9 13 1
12 13 1
9 14 2
12 14 2
9 13 3
12 13 3
9 14 4
12 14 4
9 13 5
12 13 5
9 14 6
12 14 6
9 13 7
12 13 7
9 14 8
12 14 8
9 13 9
12 13 9
9 14 10
12 14 10
9 13 11
12 13 11
9 14 12
12 14 12
9 13 13
12 13 13
9 14 14
12 14 14
9 13 15
12 13 15
9 14 16
12 14 16
9 13 17
12 13 17
9 14 18
12 14 18
9 13 19
12 13 19
9 14 20
12 14 20
9 13 21
12 13 21
9 14 22
12 14 22
9 13 23
12 13 23
9 14 24
12 14 24
9 13 25
12 13 25
9 14 26
12 14 26
9 13 27
12 13 27
9 14 28
12 14 28
9 13 29
12 13 29
9 14 30
12 14 30
9 13 31
12 13 31
9 14 32
12 14 32
9 13 33
12 13 33
9 14 34
12 14 34
9 13 35
12 13 35
9 14 36
12 14 36
9 13 37
12 13 37
9 14 38
12 14 38
9 13 39
12 13 39
9 14 40
12 14 40
9 13 41
12 13 41
9 14 42
12 14 42
9 13 43
12 13 43
9 14 44
12 14 44
9 13 45
12 13 45
9 14 46
12 14 46
9 13 47
12 13 47
9 14 48
12 14 48
9 13 49
12 13 49
9 14 50
12 14 50
9 13 51
12 13 51
9 14 52
12 14 52
9 13 53
12 13 53
9 14 54
12 14 54
9 13 55
12 13 55
9 14 56
12 14 56
9 13 57
12 13 57
9 14 58
12 14 58
9 13 59
12 13 59
9 14 60
12 14 60
9 13 61
12 13 61
9 14 62
12 14 62
9 13 63
12 13 63
9 14 64
12 14 64
9 13 65
12 13 65
9 14 66
12 14 66
9 13 67
12 13 67
9 14 68
12 14 68
9 13 69
12 13 69
9 14 70
12 14 70
9 13 71
12 13 71
9 14 72
12 14 72
9 13 73
12 13 73
9 14 74
12 14 74
9 13 75
12 13 75
9 14 76
12 14 76
9 13 77
12 13 77
9 14 78
12 14 78
9 13 79
12 13 79
9 14 80
12 14 80
9 13 81
12 13 81
9 14 82
12 14 82
