3 2 1
6 2 1
3 2 2
6 2 2
3 2 3
6 2 3
3 2 4
6 2 4
3 2 5
6 2 5
3 2 6
6 2 6
3 2 7
6 2 7
3 2 8
6 2 8
3 2 9
6 2 9
3 2 10
6 2 10
3 2 11
6 2 11
3 2 12
6 2 12
3 2 13
6 2 13
3 2 14
6 2 14
3 2 15
6 2 15
3 2 16
6 2 16
3 2 17
6 2 17
3 2 18
6 2 18
3 2 19
6 2 19
3 2 20
6 2 20
3 2 21
6 2 21
3 2 22
6 2 22
3 2 23
6 2 23
3 2 24
6 2 24
3 2 25
6 2 25
3 2 26
6 2 26
3 2 27
6 2 27
3 2 28
6 2 28
3 2 29
6 2 29
3 2 30
6 2 30
3 2 31
6 2 31
3 2 32
6 2 32
3 2 33
6 2 33
3 2 34
6 2 34
3 2 35
6 2 35
3 2 36
6 2 36
3 2 37
6 2 37
3 2 38
6 2 38
3 2 39
6 2 39
3 2 40
6 2 40
3 2 41
6 2 41
