5 9 1
8 9 1
5 12 2
8 12 2
5 9 3
8 9 3
5 12 4
8 12 4
5 9 5
8 9 5
5 12 6
8 12 6
5 9 7
8 9 7
5 12 8
8 12 8
5 9 9
8 9 9
5 12 10
8 12 10
5 9 11
8 9 11
5 12 12
8 12 12
5 9 13
8 9 13
5 12 14
8 12 14
5 9 15
8 9 15
5 12 16
8 12 16
5 9 17
8 9 17
5 12 18
8 12 18
5 9 19
8 9 19
5 12 20
8 12 20
5 9 21
8 9 21
5 12 22
8 12 22
5 9 23
8 9 23
5 12 24
8 12 24
5 9 25
8 9 25
5 12 26
8 12 26
5 9 27
8 9 27
5 12 28
8 12 28
5 9 29
8 9 29
5 12 30
8 12 30
5 9 31
8 9 31
5 12 32
8 12 32
5 9 33
8 9 33
5 12 34
8 12 34
5 9 35
8 9 35
5 12 36
8 12 36
5 9 37
8 9 37
5 12 38
8 12 38
5 9 39
8 9 39
5 12 40
8 12 40
5 9 41
8 9 41
5 12 42
8 12 42
5 9 43
8 9 43
5 12 44
8 12 44
5 9 45
8 9 45
5 12 46
8 12 46
5 9 47
8 9 47
5 12 48
8 12 48
5 9 49
8 9 49
5 12 50
8 12 50
5 9 51
8 9 51
5 12 52
8 12 52
5 9 53
8 9 53
5 12 54
8 12 54
5 9 55
8 9 55
5 12 56
8 12 56
5 9 57
8 9 57
5 12 58
8 12 58
5 9 59
8 9 59
5 12 60
8 12 60
5 9 61
8 9 61
5 12 62
8 12 62
5 9 63
8 9 63
5 12 64
8 12 64
5 9 65
8 9 65
5 12 66
8 12 66
5 9 67
8 9 67
5 12 68
8 12 68
5 9 69
8 9 69
5 12 70
8 12 70
5 9 71
8 9 71
5 12 72
8 12 72
5 9 73
8 9 73
5 12 74
8 12 74
5 9 75
8 9 75
5 12 76
8 12 76
5 9 77
8 9 77
5 12 78
8 12 78
5 9 79
8 9 79
5 12 80
8 12 80
5 9 81
8 9 81
5 12 82
8 12 82
