1 5 1
4 5 1
1 8 2
4 8 2
1 5 3
4 5 3
1 8 4
4 8 4
1 5 5
4 5 5
1 8 6
4 8 6
1 5 7
4 5 7
1 8 8
4 8 8
1 5 9
4 5 9
1 8 10
4 8 10
1 5 11
4 5 11
1 8 12
4 8 12
1 5 13
4 5 13
1 8 14
4 8 14
1 5 15
4 5 15
1 8 16
4 8 16
1 5 17
4 5 17
1 8 18
4 8 18
1 5 19
4 5 19
1 8 20
4 8 20
1 5 21
4 5 21
1 8 22
4 8 22
1 5 23
4 5 23
1 8 24
4 8 24
1 5 25
4 5 25
1 8 26
4 8 26
1 5 27
4 5 27
1 8 28
4 8 28
1 5 29
4 5 29
1 8 30
4 8 30
1 5 31
4 5 31
1 8 32
4 8 32
1 5 33
4 5 33
1 8 34
4 8 34
1 5 35
4 5 35
1 8 36
4 8 36
1 5 37
4 5 37
1 8 38
4 8 38
1 5 39
4 5 39
1 8 40
4 8 40
1 5 41
4 5 41
1 8 42
4 8 42
1 5 43
4 5 43
1 8 44
4 8 44
1 5 45
4 5 45
1 8 46
4 8 46
1 5 47
4 5 47
1 8 48
4 8 48
1 5 49
4 5 49
1 8 50
4 8 50
1 5 51
4 5 51
1 8 52
4 8 52
1 5 53
4 5 53
1 8 54
4 8 54
1 5 55
4 5 55
1 8 56
4 8 56
1 5 57
4 5 57
1 8 58
4 8 58
1 5 59
4 5 59
1 8 60
4 8 60
1 5 61
4 5 61
1 8 62
4 8 62
1 5 63
4 5 63
1 8 64
4 8 64
1 5 65
4 5 65
1 8 66
4 8 66
1 5 67
4 5 67
1 8 68
4 8 68
1 5 69
4 5 69
1 8 70
4 8 70
1 5 71
4 5 71
1 8 72
4 8 72
1 5 73
4 5 73
1 8 74
4 8 74
1 5 75
4 5 75
1 8 76
4 8 76
1 5 77
4 5 77
1 8 78
4 8 78
1 5 79
4 5 79
1 8 80
4 8 80
1 5 81
4 5 81
1 8 82
4 8 82
