7 3 1
11 3 1
7 6 2
11 6 2
7 3 3
11 3 3
7 6 4
11 6 4
7 3 5
11 3 5
7 6 6
11 6 6
7 3 7
11 3 7
7 6 8
11 6 8
7 3 9
11 3 9
7 6 10
11 6 10
7 3 11
11 3 11
7 6 12
11 6 12
7 3 13
11 3 13
7 6 14
11 6 14
7 3 15
11 3 15
7 6 16
11 6 16
7 3 17
11 3 17
7 6 18
11 6 18
7 3 19
11 3 19
7 6 20
11 6 20
7 3 21
11 3 21
7 6 22
11 6 22
7 3 23
11 3 23
7 6 24
11 6 24
7 3 25
11 3 25
7 6 26
11 6 26
7 3 27
11 3 27
7 6 28
11 6 28
7 3 29
11 3 29
7 6 30
11 6 30
7 3 31
11 3 31
7 6 32
11 6 32
7 3 33
11 3 33
7 6 34
11 6 34
7 3 35
11 3 35
7 6 36
11 6 36
7 3 37
11 3 37
7 6 38
11 6 38
7 3 39
11 3 39
7 6 40
11 6 40
7 3 41
11 3 41
7 6 42
11 6 42
7 3 43
11 3 43
7 6 44
11 6 44
7 3 45
11 3 45
7 6 46
11 6 46
7 3 47
11 3 47
7 6 48
11 6 48
7 3 49
11 3 49
7 6 50
11 6 50
7 3 51
11 3 51
7 6 52
11 6 52
7 3 53
11 3 53
7 6 54
11 6 54
7 3 55
11 3 55
7 6 56
11 6 56
7 3 57
11 3 57
7 6 58
11 6 58
7 3 59
11 3 59
7 6 60
11 6 60
7 3 61
11 3 61
7 6 62
11 6 62
7 3 63
11 3 63
7 6 64
11 6 64
7 3 65
11 3 65
7 6 66
11 6 66
7 3 67
11 3 67
7 6 68
11 6 68
7 3 69
11 3 69
7 6 70
11 6 70
7 3 71
11 3 71
7 6 72
11 6 72
7 3 73
11 3 73
7 6 74
11 6 74
7 3 75
11 3 75
7 6 76
11 6 76
7 3 77
11 3 77
7 6 78
11 6 78
7 3 79
11 3 79
7 6 80
11 6 80
7 3 81
11 3 81
7 6 82
11 6 82
