4 0 1
8 0 1
4 0 2
8 0 2
4 0 3
8 0 3
4 0 4
8 0 4
4 0 5
8 0 5
4 0 6
8 0 6
4 0 7
8 0 7
4 0 8
8 0 8
4 0 9
8 0 9
4 0 10
8 0 10
4 0 11
8 0 11
4 0 12
8 0 12
4 0 13
8 0 13
4 0 14
8 0 14
4 0 15
8 0 15
4 0 16
8 0 16
4 0 17
8 0 17
4 0 18
8 0 18
4 0 19
8 0 19
4 0 20
8 0 20
4 0 21
8 0 21
4 0 22
8 0 22
4 0 23
8 0 23
4 0 24
8 0 24
4 0 25
8 0 25
4 0 26
8 0 26
4 0 27
8 0 27
4 0 28
8 0 28
4 0 29
8 0 29
4 0 30
8 0 30
4 0 31
8 0 31
4 0 32
8 0 32
4 0 33
8 0 33
4 0 34
8 0 34
4 0 35
8 0 35
4 0 36
8 0 36
4 0 37
8 0 37
4 0 38
8 0 38
4 0 39
8 0 39
4 0 40
8 0 40
4 0 41
8 0 41
