11 10 1
15 10 1
11 14 2
15 14 2
11 10 3
15 10 3
11 14 4
15 14 4
11 10 5
15 10 5
11 14 6
15 14 6
11 10 7
15 10 7
11 14 8
15 14 8
11 10 9
15 10 9
11 14 10
15 14 10
11 10 11
15 10 11
11 14 12
15 14 12
11 10 13
15 10 13
11 14 14
15 14 14
11 10 15
15 10 15
11 14 16
15 14 16
11 10 17
15 10 17
11 14 18
15 14 18
11 10 19
15 10 19
11 14 20
15 14 20
11 10 21
15 10 21
11 14 22
15 14 22
11 10 23
15 10 23
11 14 24
15 14 24
11 10 25
15 10 25
11 14 26
15 14 26
11 10 27
15 10 27
11 14 28
15 14 28
11 10 29
15 10 29
11 14 30
15 14 30
11 10 31
15 10 31
11 14 32
15 14 32
11 10 33
15 10 33
11 14 34
15 14 34
11 10 35
15 10 35
11 14 36
15 14 36
11 10 37
15 10 37
11 14 38
15 14 38
11 10 39
15 10 39
11 14 40
15 14 40
11 10 41
15 10 41
11 14 42
15 14 42
11 10 43
15 10 43
11 14 44
15 14 44
11 10 45
15 10 45
11 14 46
15 14 46
11 10 47
15 10 47
11 14 48
15 14 48
11 10 49
15 10 49
11 14 50
15 14 50
11 10 51
15 10 51
11 14 52
15 14 52
11 10 53
15 10 53
11 14 54
15 14 54
11 10 55
15 10 55
11 14 56
15 14 56
11 10 57
15 10 57
11 14 58
15 14 58
11 10 59
15 10 59
11 14 60
15 14 60
11 10 61
15 10 61
11 14 62
15 14 62
11 10 63
15 10 63
11 14 64
15 14 64
11 10 65
15 10 65
11 14 66
15 14 66
11 10 67
15 10 67
11 14 68
15 14 68
11 10 69
15 10 69
11 14 70
15 14 70
11 10 71
15 10 71
11 14 72
15 14 72
11 10 73
15 10 73
11 14 74
15 14 74
11 10 75
15 10 75
11 14 76
15 14 76
11 10 77
15 10 77
11 14 78
15 14 78
11 10 79
15 10 79
11 14 80
15 14 80
11 10 81
15 10 81
11 14 82
15 14 82
