3 11 1
7 11 1
3 15 2
7 15 2
3 11 3
7 11 3
3 15 4
7 15 4
3 11 5
7 11 5
3 15 6
7 15 6
3 11 7
7 11 7
3 15 8
7 15 8
3 11 9
7 11 9
3 15 10
7 15 10
3 11 11
7 11 11
3 15 12
7 15 12
3 11 13
7 11 13
3 15 14
7 15 14
3 11 15
7 11 15
3 15 16
7 15 16
3 11 17
7 11 17
3 15 18
7 15 18
3 11 19
7 11 19
3 15 20
7 15 20
3 11 21
7 11 21
3 15 22
7 15 22
3 11 23
7 11 23
3 15 24
7 15 24
3 11 25
7 11 25
3 15 26
7 15 26
3 11 27
7 11 27
3 15 28
7 15 28
3 11 29
7 11 29
3 15 30
7 15 30
3 11 31
7 11 31
3 15 32
7 15 32
3 11 33
7 11 33
3 15 34
7 15 34
3 11 35
7 11 35
3 15 36
7 15 36
3 11 37
7 11 37
3 15 38
7 15 38
3 11 39
7 11 39
3 15 40
7 15 40
3 11 41
7 11 41
3 15 42
7 15 42
3 11 43
7 11 43
3 15 44
7 15 44
3 11 45
7 11 45
3 15 46
7 15 46
3 11 47
7 11 47
3 15 48
7 15 48
3 11 49
7 11 49
3 15 50
7 15 50
3 11 51
7 11 51
3 15 52
7 15 52
3 11 53
7 11 53
3 15 54
7 15 54
3 11 55
7 11 55
3 15 56
7 15 56
3 11 57
7 11 57
3 15 58
7 15 58
3 11 59
7 11 59
3 15 60
7 15 60
3 11 61
7 11 61
3 15 62
7 15 62
3 11 63
7 11 63
3 15 64
7 15 64
3 11 65
7 11 65
3 15 66
7 15 66
3 11 67
7 11 67
3 15 68
7 15 68
3 11 69
7 11 69
3 15 70
7 15 70
3 11 71
7 11 71
3 15 72
7 15 72
3 11 73
7 11 73
3 15 74
7 15 74
3 11 75
7 11 75
3 15 76
7 15 76
3 11 77
7 11 77
3 15 78
7 15 78
3 11 79
7 11 79
3 15 80
7 15 80
3 11 81
7 11 81
3 15 82
7 15 82
