9 5 1
13 5 1
9 12 2
13 12 2
9 5 3
13 5 3
9 12 4
13 12 4
9 5 5
13 5 5
9 12 6
13 12 6
9 5 7
13 5 7
9 12 8
13 12 8
9 5 9
13 5 9
9 12 10
13 12 10
9 5 11
13 5 11
9 12 12
13 12 12
9 5 13
13 5 13
9 12 14
13 12 14
9 5 15
13 5 15
9 12 16
13 12 16
9 5 17
13 5 17
9 12 18
13 12 18
9 5 19
13 5 19
9 12 20
13 12 20
9 5 21
13 5 21
9 12 22
13 12 22
9 5 23
13 5 23
9 12 24
13 12 24
9 5 25
13 5 25
9 12 26
13 12 26
9 5 27
13 5 27
9 12 28
13 12 28
9 5 29
13 5 29
9 12 30
13 12 30
9 5 31
13 5 31
9 12 32
13 12 32
9 5 33
13 5 33
9 12 34
13 12 34
9 5 35
13 5 35
9 12 36
13 12 36
9 5 37
13 5 37
9 12 38
13 12 38
9 5 39
13 5 39
9 12 40
13 12 40
9 5 41
13 5 41
9 12 42
13 12 42
9 5 43
13 5 43
9 12 44
13 12 44
9 5 45
13 5 45
9 12 46
13 12 46
9 5 47
13 5 47
9 12 48
13 12 48
9 5 49
13 5 49
9 12 50
13 12 50
9 5 51
13 5 51
9 12 52
13 12 52
9 5 53
13 5 53
9 12 54
13 12 54
9 5 55
13 5 55
9 12 56
13 12 56
9 5 57
13 5 57
9 12 58
13 12 58
9 5 59
13 5 59
9 12 60
13 12 60
9 5 61
13 5 61
9 12 62
13 12 62
9 5 63
13 5 63
9 12 64
13 12 64
9 5 65
13 5 65
9 12 66
13 12 66
9 5 67
13 5 67
9 12 68
13 12 68
9 5 69
13 5 69
9 12 70
13 12 70
9 5 71
13 5 71
9 12 72
13 12 72
9 5 73
13 5 73
9 12 74
13 12 74
9 5 75
13 5 75
9 12 76
13 12 76
9 5 77
13 5 77
9 12 78
13 12 78
9 5 79
13 5 79
9 12 80
13 12 80
9 5 81
13 5 81
9 12 82
13 12 82
