5 4 1
12 4 1
5 8 2
12 8 2
5 4 3
12 4 3
5 8 4
12 8 4
5 4 5
12 4 5
5 8 6
12 8 6
5 4 7
12 4 7
5 8 8
12 8 8
5 4 9
12 4 9
5 8 10
12 8 10
5 4 11
12 4 11
5 8 12
12 8 12
5 4 13
12 4 13
5 8 14
12 8 14
5 4 15
12 4 15
5 8 16
12 8 16
5 4 17
12 4 17
5 8 18
12 8 18
5 4 19
12 4 19
5 8 20
12 8 20
5 4 21
12 4 21
5 8 22
12 8 22
5 4 23
12 4 23
5 8 24
12 8 24
5 4 25
12 4 25
5 8 26
12 8 26
5 4 27
12 4 27
5 8 28
12 8 28
5 4 29
12 4 29
5 8 30
12 8 30
5 4 31
12 4 31
5 8 32
12 8 32
5 4 33
12 4 33
5 8 34
12 8 34
5 4 35
12 4 35
5 8 36
12 8 36
5 4 37
12 4 37
5 8 38
12 8 38
5 4 39
12 4 39
5 8 40
12 8 40
5 4 41
12 4 41
5 8 42
12 8 42
5 4 43
12 4 43
5 8 44
12 8 44
5 4 45
12 4 45
5 8 46
12 8 46
5 4 47
12 4 47
5 8 48
12 8 48
5 4 49
12 4 49
5 8 50
12 8 50
5 4 51
12 4 51
5 8 52
12 8 52
5 4 53
12 4 53
5 8 54
12 8 54
5 4 55
12 4 55
5 8 56
12 8 56
5 4 57
12 4 57
5 8 58
12 8 58
5 4 59
12 4 59
5 8 60
12 8 60
5 4 61
12 4 61
5 8 62
12 8 62
5 4 63
12 4 63
5 8 64
12 8 64
5 4 65
12 4 65
5 8 66
12 8 66
5 4 67
12 4 67
5 8 68
12 8 68
5 4 69
12 4 69
5 8 70
12 8 70
5 4 71
12 4 71
5 8 72
12 8 72
5 4 73
12 4 73
5 8 74
12 8 74
5 4 75
12 4 75
5 8 76
12 8 76
5 4 77
12 4 77
5 8 78
12 8 78
5 4 79
12 4 79
5 8 80
12 8 80
5 4 81
12 4 81
5 8 82
12 8 82
