2 3 1
6 3 1
2 7 2
6 7 2
2 3 3
6 3 3
2 7 4
6 7 4
2 3 5
6 3 5
2 7 6
6 7 6
2 3 7
6 3 7
2 7 8
6 7 8
2 3 9
6 3 9
2 7 10
6 7 10
2 3 11
6 3 11
2 7 12
6 7 12
2 3 13
6 3 13
2 7 14
6 7 14
2 3 15
6 3 15
2 7 16
6 7 16
2 3 17
6 3 17
2 7 18
6 7 18
2 3 19
6 3 19
2 7 20
6 7 20
2 3 21
6 3 21
2 7 22
6 7 22
2 3 23
6 3 23
2 7 24
6 7 24
2 3 25
6 3 25
2 7 26
6 7 26
2 3 27
6 3 27
2 7 28
6 7 28
2 3 29
6 3 29
2 7 30
6 7 30
2 3 31
6 3 31
2 7 32
6 7 32
2 3 33
6 3 33
2 7 34
6 7 34
2 3 35
6 3 35
2 7 36
6 7 36
2 3 37
6 3 37
2 7 38
6 7 38
2 3 39
6 3 39
2 7 40
6 7 40
2 3 41
6 3 41
2 7 42
6 7 42
2 3 43
6 3 43
2 7 44
6 7 44
2 3 45
6 3 45
2 7 46
6 7 46
2 3 47
6 3 47
2 7 48
6 7 48
2 3 49
6 3 49
2 7 50
6 7 50
2 3 51
6 3 51
2 7 52
6 7 52
2 3 53
6 3 53
2 7 54
6 7 54
2 3 55
6 3 55
2 7 56
6 7 56
2 3 57
6 3 57
2 7 58
6 7 58
2 3 59
6 3 59
2 7 60
6 7 60
2 3 61
6 3 61
2 7 62
6 7 62
2 3 63
6 3 63
2 7 64
6 7 64
2 3 65
6 3 65
2 7 66
6 7 66
2 3 67
6 3 67
2 7 68
6 7 68
2 3 69
6 3 69
2 7 70
6 7 70
2 3 71
6 3 71
2 7 72
6 7 72
2 3 73
6 3 73
2 7 74
6 7 74
2 3 75
6 3 75
2 7 76
6 7 76
2 3 77
6 3 77
2 7 78
6 7 78
2 3 79
6 3 79
2 7 80
6 7 80
2 3 81
6 3 81
2 7 82
6 7 82
