1 2 1
1 6 2
1 2 3
1 6 4
1 2 5
1 6 6
1 2 7
1 6 8
1 2 9
1 6 10
1 2 11
1 6 12
1 2 13
1 6 14
1 2 15
1 6 16
1 2 17
1 6 18
1 2 19
1 6 20
1 2 21
1 6 22
1 2 23
1 6 24
1 2 25
1 6 26
1 2 27
1 6 28
1 2 29
1 6 30
1 2 31
1 6 32
1 2 33
1 6 34
1 2 35
1 6 36
1 2 37
1 6 38
1 2 39
1 6 40
1 2 41
1 6 42
1 2 43
1 6 44
1 2 45
1 6 46
1 2 47
1 6 48
1 2 49
1 6 50
1 2 51
1 6 52
1 2 53
1 6 54
1 2 55
1 6 56
1 2 57
1 6 58
1 2 59
1 6 60
1 2 61
1 6 62
1 2 63
1 6 64
1 2 65
1 6 66
1 2 67
1 6 68
1 2 69
1 6 70
1 2 71
1 6 72
1 2 73
1 6 74
1 2 75
1 6 76
1 2 77
1 6 78
1 2 79
1 6 80
1 2 81
1 6 82
