10 9 1
14 9 1
10 13 2
14 13 2
10 9 3
14 9 3
10 13 4
14 13 4
10 9 5
14 9 5
10 13 6
14 13 6
10 9 7
14 9 7
10 13 8
14 13 8
10 9 9
14 9 9
10 13 10
14 13 10
10 9 11
14 9 11
10 13 12
14 13 12
10 9 13
14 9 13
10 13 14
14 13 14
10 9 15
14 9 15
10 13 16
14 13 16
10 9 17
14 9 17
10 13 18
14 13 18
10 9 19
14 9 19
10 13 20
14 13 20
10 9 21
14 9 21
10 13 22
14 13 22
10 9 23
14 9 23
10 13 24
14 13 24
10 9 25
14 9 25
10 13 26
14 13 26
10 9 27
14 9 27
10 13 28
14 13 28
10 9 29
14 9 29
10 13 30
14 13 30
10 9 31
14 9 31
10 13 32
14 13 32
10 9 33
14 9 33
10 13 34
14 13 34
10 9 35
14 9 35
10 13 36
14 13 36
10 9 37
14 9 37
10 13 38
14 13 38
10 9 39
14 9 39
10 13 40
14 13 40
10 9 41
14 9 41
10 13 42
14 13 42
10 9 43
14 9 43
10 13 44
14 13 44
10 9 45
14 9 45
10 13 46
14 13 46
10 9 47
14 9 47
10 13 48
14 13 48
10 9 49
14 9 49
10 13 50
14 13 50
10 9 51
14 9 51
10 13 52
14 13 52
10 9 53
14 9 53
10 13 54
14 13 54
10 9 55
14 9 55
10 13 56
14 13 56
10 9 57
14 9 57
10 13 58
14 13 58
10 9 59
14 9 59
10 13 60
14 13 60
10 9 61
14 9 61
10 13 62
14 13 62
10 9 63
14 9 63
10 13 64
14 13 64
10 9 65
14 9 65
10 13 66
14 13 66
10 9 67
14 9 67
10 13 68
14 13 68
10 9 69
14 9 69
10 13 70
14 13 70
10 9 71
14 9 71
10 13 72
14 13 72
10 9 73
14 9 73
10 13 74
14 13 74
10 9 75
14 9 75
10 13 76
14 13 76
10 9 77
14 9 77
10 13 78
14 13 78
10 9 79
14 9 79
10 13 80
14 13 80
10 9 81
14 9 81
10 13 82
14 13 82
